FoamFile
{
    version     2.0;
    format      ascii;
    class       scalarAverageField;
    object      values;
}
// **********************************************************************//
0.0

1202
(
-318.381
-318.924
-318.381
-316.899
-314.588
-311.406
-307.352
-302.439
-296.683
-290.105
-282.727
-274.576
-265.68
-256.07
-245.78
-234.847
-223.308
-211.206
-198.581
-185.479
-171.947
-158.031
-143.776
-129.231
-114.445
-99.4697
-84.3602
-69.1731
-53.9674
-38.8047
-23.7503
-8.87455
5.74405
20.0525
33.8851
46.5396
58.7226
71.1759
83.3094
95.0064
106.198
116.831
126.861
136.246
144.953
152.947
160.202
166.69
172.388
177.277
181.34
184.562
186.933
188.442
189.082
188.841
187.738
185.797
183.012
179.385
174.924
169.642
163.557
156.689
149.06
140.7
131.636
121.902
111.531
100.561
89.0336
76.9928
64.4872
51.571
38.293
24.6234
10.0264
-5.14632
-20.2232
-35.3768
-50.6007
-65.8653
-81.1325
-96.3593
-111.5
-126.507
-141.33
-155.922
-170.231
-184.212
-197.814
-210.992
-223.702
-235.902
-247.552
-258.615
-269.055
-278.837
-287.925
-296.286
-303.893
-310.717
-316.735
-321.923
-326.264
-329.742
-332.346
-334.068
-334.894
-334.826
-333.868
-332.019
-329.286
-325.679
-321.21
-315.895
-309.753
-302.806
-295.077
-286.593
-277.384
-267.483
-256.923
-245.741
-233.976
-221.667
-208.858
-195.592
-181.913
-167.87
-153.509
-138.878
-124.028
-109.007
-93.8676
-78.6588
-63.4313
-48.2359
-33.123
-18.1425
-3.34362
11.2249
25.5153
39.4809
53.0763
66.257
78.9803
91.2049
102.891
114.001
124.5
134.353
143.528
151.996
159.73
166.704
172.897
178.287
182.859
186.596
189.486
191.522
192.693
192.997
192.431
190.998
188.703
185.551
181.549
176.712
171.054
164.591
157.343
149.333
140.585
131.126
120.986
110.194
98.7857
86.7952
74.2602
61.2199
47.7149
33.7876
19.4815
4.84179
-10.0856
-25.2538
-40.6152
-56.1191
-71.7165
-87.3588
-102.996
-118.578
-134.054
-149.377
-164.495
-179.361
-193.926
-208.143
-221.968
-235.354
-248.259
-260.64
-272.458
-283.675
-294.254
-304.16
-313.362
-321.83
-329.535
-336.454
-342.565
-347.847
-352.284
-355.862
-358.569
-360.396
-361.341
-361.401
-360.571
-358.856
-356.269
-352.814
-348.503
-343.353
-337.38
-330.605
-323.051
-314.743
-305.71
-295.981
-285.59
-274.57
-262.959
-250.795
-238.118
-224.971
-211.396
-197.437
-183.141
-168.554
-153.724
-138.698
-123.525
-108.255
-92.937
-77.6194
-62.3514
-47.1818
-32.1588
-17.3301
-2.74272
11.5578
25.5263
39.1187
52.2931
65.0084
77.2254
88.9065
100.016
110.52
120.387
129.587
138.092
145.877
152.921
159.202
164.702
169.407
173.304
176.381
178.635
180.057
180.647
180.404
179.333
177.439
174.733
171.225
166.926
161.855
156.03
149.473
142.207
134.256
125.651
116.421
106.596
96.2116
85.3034
73.9081
62.0648
49.8138
37.1965
24.2554
11.0343
-2.4225
-16.0709
-29.8633
-43.7514
-57.6897
-71.6318
-85.5309
-99.3399
-113.013
-126.504
-139.766
-152.755
-165.427
-177.739
-189.65
-201.118
-212.103
-222.57
-232.481
-241.802
-250.501
-258.547
-265.911
-272.568
-278.493
-283.665
-288.064
-291.673
-294.479
-296.469
-297.635
-297.969
-297.467
-296.129
-293.959
-290.958
-287.127
-282.483
-277.038
-270.804
-263.799
-256.041
-247.553
-238.358
-228.483
-217.956
-206.808
-195.069
-182.775
-169.962
-156.665
-142.925
-128.78
-114.271
-99.4409
-84.3323
-68.9888
-53.4544
-37.7737
-21.9914
-6.15276
9.69744
25.5144
41.2536
56.8707
72.3224
87.5657
102.558
117.26
131.63
145.629
159.22
172.367
185.034
197.188
208.799
219.835
230.269
240.075
249.227
257.704
265.484
272.55
278.885
284.474
289.307
293.371
296.66
299.168
300.891
301.827
301.978
301.349
299.942
297.764
294.824
291.135
286.709
281.562
275.712
269.177
261.978
254.139
245.683
236.638
227.032
216.893
206.253
195.146
183.603
171.661
159.355
146.724
133.807
120.644
107.274
93.7385
80.0781
66.3354
52.5526
38.7724
25.0375
11.3906
-2.12569
-15.469
-28.5975
-41.4696
-54.0446
-66.2824
-78.144
-89.5913
-100.587
-111.097
-121.085
-130.519
-139.367
-147.601
-155.193
-162.117
-168.349
-173.869
-178.654
-182.691
-185.965
-188.457
-190.159
-191.069
-191.177
-190.479
-188.976
-186.67
-183.563
-179.663
-174.979
-169.521
-163.303
-156.341
-148.652
-140.256
-131.175
-121.432
-111.052
-100.063
-88.4931
-76.3725
-63.7327
-50.6063
-37.027
-23.0297
-8.64986
6.07609
21.1112
36.418
51.9589
67.6957
83.5907
99.6055
115.703
131.845
147.996
164.119
180.177
196.137
211.964
227.628
243.094
258.334
273.319
288.022
302.417
316.481
330.192
343.529
356.474
369.013
381.131
392.816
404.059
414.853
425.192
435.076
444.502
453.473
461.994
470.071
477.713
484.929
491.734
498.146
504.173
509.818
515.084
519.963
524.448
528.533
532.208
535.466
538.298
540.692
542.64
544.13
545.155
545.706
545.777
545.365
544.467
543.089
541.234
538.911
536.136
532.925
529.298
525.279
520.893
516.168
511.131
505.811
500.238
494.438
488.441
482.273
475.958
469.523
462.991
456.382
449.718
443.018
436.299
429.577
422.868
416.186
409.543
402.951
396.418
389.955
383.57
377.27
371.061
364.95
358.94
353.036
347.242
341.56
335.993
330.543
325.212
320.001
314.911
309.942
305.095
300.372
295.771
291.292
286.936
282.703
278.592
274.603
270.736
266.991
263.368
259.866
256.486
253.228
250.091
247.077
244.184
241.416
238.77
236.249
233.853
231.584
229.444
227.433
225.555
223.812
222.207
220.742
219.423
218.252
217.238
216.385
215.701
215.197
214.885
-318.381
-318.381
-316.899
-314.588
-311.406
-307.352
-302.439
-296.683
-290.105
-282.727
-274.576
-265.68
-256.07
-245.78
-234.847
-223.308
-211.206
-198.581
-185.479
-171.947
-158.031
-143.776
-129.231
-114.445
-99.4697
-84.3602
-69.1731
-53.9674
-38.8047
-23.7503
-8.87455
5.74405
20.0525
33.8851
46.5396
58.7226
71.1759
83.3094
95.0064
106.198
116.831
126.861
136.246
144.953
152.947
160.202
166.69
172.388
177.277
181.34
184.562
186.933
188.442
189.082
188.841
187.738
185.797
183.012
179.385
174.924
169.642
163.557
156.689
149.06
140.7
131.636
121.902
111.531
100.561
89.0336
76.9928
64.4872
51.571
38.293
24.6234
10.0264
-5.14632
-20.2232
-35.3768
-50.6007
-65.8653
-81.1325
-96.3593
-111.5
-126.507
-141.33
-155.922
-170.231
-184.212
-197.814
-210.992
-223.702
-235.902
-247.552
-258.615
-269.055
-278.837
-287.925
-296.286
-303.893
-310.717
-316.735
-321.923
-326.264
-329.742
-332.346
-334.068
-334.894
-334.826
-333.868
-332.019
-329.286
-325.679
-321.21
-315.895
-309.753
-302.806
-295.077
-286.593
-277.384
-267.483
-256.923
-245.741
-233.976
-221.667
-208.858
-195.592
-181.913
-167.87
-153.509
-138.878
-124.028
-109.007
-93.8676
-78.6588
-63.4313
-48.2359
-33.123
-18.1425
-3.34362
11.2249
25.5153
39.4809
53.0763
66.257
78.9803
91.2049
102.891
114.001
124.5
134.353
143.528
151.996
159.73
166.704
172.897
178.287
182.859
186.596
189.486
191.522
192.693
192.997
192.431
190.998
188.703
185.551
181.549
176.712
171.054
164.591
157.343
149.333
140.585
131.126
120.986
110.194
98.7857
86.7952
74.2602
61.2199
47.7149
33.7876
19.4815
4.84179
-10.0856
-25.2538
-40.6152
-56.1191
-71.7165
-87.3588
-102.996
-118.578
-134.054
-149.377
-164.495
-179.361
-193.926
-208.143
-221.968
-235.354
-248.259
-260.64
-272.458
-283.675
-294.254
-304.16
-313.362
-321.83
-329.535
-336.454
-342.565
-347.847
-352.284
-355.862
-358.569
-360.396
-361.341
-361.401
-360.571
-358.856
-356.269
-352.814
-348.503
-343.353
-337.38
-330.605
-323.051
-314.743
-305.71
-295.981
-285.59
-274.57
-262.959
-250.795
-238.118
-224.971
-211.396
-197.437
-183.141
-168.554
-153.724
-138.698
-123.525
-108.255
-92.937
-77.6194
-62.3514
-47.1818
-32.1588
-17.3301
-2.74272
11.5578
25.5263
39.1187
52.2931
65.0084
77.2254
88.9065
100.016
110.52
120.387
129.587
138.092
145.877
152.921
159.202
164.702
169.407
173.304
176.381
178.635
180.057
180.647
180.404
179.333
177.439
174.733
171.225
166.926
161.855
156.03
149.473
142.207
134.256
125.651
116.421
106.596
96.2116
85.3034
73.9081
62.0648
49.8138
37.1965
24.2554
11.0343
-2.4225
-16.0709
-29.8633
-43.7514
-57.6897
-71.6318
-85.5309
-99.3399
-113.013
-126.504
-139.766
-152.755
-165.427
-177.739
-189.65
-201.118
-212.103
-222.57
-232.481
-241.802
-250.501
-258.547
-265.911
-272.568
-278.493
-283.665
-288.064
-291.673
-294.479
-296.469
-297.635
-297.969
-297.467
-296.129
-293.959
-290.958
-287.127
-282.483
-277.038
-270.804
-263.799
-256.041
-247.553
-238.358
-228.483
-217.956
-206.808
-195.069
-182.775
-169.962
-156.665
-142.925
-128.78
-114.271
-99.4409
-84.3323
-68.9888
-53.4544
-37.7737
-21.9914
-6.15276
9.69744
25.5144
41.2536
56.8707
72.3224
87.5657
102.558
117.26
131.63
145.629
159.22
172.367
185.034
197.188
208.799
219.835
230.269
240.075
249.227
257.704
265.484
272.55
278.885
284.474
289.307
293.371
296.66
299.168
300.891
301.827
301.978
301.349
299.942
297.764
294.824
291.135
286.709
281.562
275.712
269.177
261.978
254.139
245.683
236.638
227.032
216.893
206.253
195.146
183.603
171.661
159.355
146.724
133.807
120.644
107.274
93.7385
80.0781
66.3354
52.5526
38.7724
25.0375
11.3906
-2.12569
-15.469
-28.5975
-41.4696
-54.0446
-66.2824
-78.144
-89.5913
-100.587
-111.097
-121.085
-130.519
-139.367
-147.601
-155.193
-162.117
-168.349
-173.869
-178.654
-182.691
-185.965
-188.457
-190.159
-191.069
-191.177
-190.479
-188.976
-186.67
-183.563
-179.663
-174.979
-169.521
-163.303
-156.341
-148.652
-140.256
-131.175
-121.432
-111.052
-100.063
-88.4931
-76.3725
-63.7327
-50.6063
-37.027
-23.0297
-8.64986
6.07609
21.1112
36.418
51.9589
67.6957
83.5907
99.6055
115.703
131.845
147.996
164.119
180.177
196.137
211.964
227.628
243.094
258.334
273.319
288.022
302.417
316.481
330.192
343.529
356.474
369.013
381.131
392.816
404.059
414.853
425.192
435.076
444.502
453.473
461.994
470.071
477.713
484.929
491.734
498.146
504.173
509.818
515.084
519.963
524.448
528.533
532.208
535.466
538.298
540.692
542.64
544.13
545.155
545.706
545.777
545.365
544.467
543.089
541.234
538.911
536.136
532.925
529.298
525.279
520.893
516.168
511.131
505.811
500.238
494.438
488.441
482.273
475.958
469.523
462.991
456.382
449.718
443.018
436.299
429.577
422.868
416.186
409.543
402.951
396.418
389.955
383.57
377.27
371.061
364.95
358.94
353.036
347.242
341.56
335.993
330.543
325.212
320.001
314.911
309.942
305.095
300.372
295.771
291.292
286.936
282.703
278.592
274.603
270.736
266.991
263.368
259.866
256.486
253.228
250.091
247.077
244.184
241.416
238.77
236.249
233.853
231.584
229.444
227.433
225.555
223.812
222.207
220.742
219.423
218.252
217.238
216.385
215.701
215.197
214.885
214.779
)
