FoamFile
{
    version     2.0;
    format      ascii;
    class       scalarAverageField;
    object      values;
}
// **********************************************************************//
0.0

1202
(
-310.252
-310.793
-310.252
-308.775
-306.467
-303.285
-299.229
-294.312
-288.548
-281.958
-274.565
-266.394
-257.473
-247.834
-237.508
-226.531
-214.941
-202.777
-190.083
-176.904
-163.289
-149.285
-134.942
-120.308
-105.435
-90.3734
-75.1751
-59.8912
-44.5728
-29.2713
-14.0402
1.06406
15.9813
30.6526
44.9889
58.6065
71.7858
84.8628
97.5281
109.712
121.364
132.44
142.902
152.714
161.841
170.254
177.924
184.827
190.94
196.242
200.717
204.351
207.13
209.047
210.092
210.257
209.555
208.003
205.599
202.344
198.246
193.322
187.585
181.058
173.762
165.721
156.967
147.528
137.439
126.736
115.46
103.651
91.3555
78.6159
65.4724
51.8992
37.7216
23.0665
8.2295
-6.7438
-21.8266
-36.9791
-52.1576
-67.3154
-82.4047
-97.3766
-112.181
-126.768
-141.089
-155.093
-168.733
-181.962
-194.736
-207.014
-218.754
-229.918
-240.469
-250.373
-259.594
-268.101
-275.862
-282.85
-289.042
-294.416
-298.952
-302.635
-305.454
-307.4
-308.46
-308.634
-307.926
-306.336
-303.868
-300.534
-296.346
-291.317
-285.466
-278.816
-271.388
-263.209
-254.309
-244.719
-234.473
-223.606
-212.156
-200.162
-187.668
-174.715
-161.348
-147.613
-133.556
-119.226
-104.671
-89.9402
-75.0827
-60.1487
-45.1878
-30.25
-15.3846
-0.64066
13.9332
28.2892
42.3802
56.1604
69.5852
82.6109
95.1953
107.298
118.881
129.905
140.336
150.141
159.289
167.75
175.497
182.506
188.755
194.224
198.896
202.755
205.79
207.991
209.351
209.866
209.532
208.352
206.332
203.475
199.79
195.287
189.983
183.893
177.036
169.433
161.108
152.087
142.398
132.073
121.143
109.641
97.6049
85.0724
72.0832
58.6783
44.9002
30.7927
16.4006
1.76958
-13.0536
-28.0199
-43.0815
-58.1911
-73.2995
-88.358
-103.318
-118.131
-132.748
-147.123
-161.207
-174.956
-188.325
-201.269
-213.746
-225.716
-237.139
-247.978
-258.196
-267.761
-276.641
-284.808
-292.233
-298.894
-304.768
-309.836
-314.081
-317.491
-320.054
-321.761
-322.611
-322.601
-321.723
-319.987
-317.404
-313.978
-309.721
-304.648
-298.777
-292.129
-284.725
-276.592
-267.756
-258.247
-248.098
-237.341
-226.014
-214.154
-201.8
-188.994
-175.777
-162.193
-148.287
-134.104
-119.69
-105.094
-90.361
-75.5401
-60.6789
-45.8252
-31.0268
-16.3312
-1.78528
12.5646
26.6728
40.4948
53.9867
67.1059
79.8112
92.063
103.823
115.055
125.723
135.795
145.239
154.028
162.133
169.531
176.199
182.116
187.266
191.634
195.206
197.973
199.927
201.063
201.379
200.875
199.553
197.42
194.484
190.755
186.245
180.969
174.947
168.198
160.745
152.612
143.827
134.418
124.416
113.853
102.765
91.1876
79.1588
66.7178
53.9051
40.7624
27.3326
13.6591
-0.214605
-14.2409
-28.3721
-42.5636
-56.7691
-70.9422
-85.0362
-99.0048
-112.802
-126.381
-139.699
-152.71
-165.371
-177.64
-189.476
-200.839
-211.69
-221.993
-231.713
-240.817
-249.272
-257.051
-264.125
-270.47
-276.063
-280.884
-284.914
-288.139
-290.546
-292.125
-292.869
-292.772
-291.832
-290.053
-287.432
-283.977
-279.701
-274.613
-268.725
-262.055
-254.622
-246.447
-237.554
-227.969
-217.72
-206.837
-195.353
-183.301
-170.719
-157.641
-144.11
-130.163
-115.841
-101.19
-86.2508
-71.0682
-55.687
-40.1523
-24.5099
-8.80549
6.91526
22.6068
38.2236
53.721
69.0545
84.1806
99.0562
113.64
127.891
141.769
155.236
168.256
180.793
192.813
204.284
215.177
225.462
235.114
244.108
252.421
260.033
266.925
273.082
278.491
283.138
287.015
290.114
292.43
293.962
294.707
294.668
293.852
292.262
289.905
286.793
282.94
278.358
273.066
267.082
260.428
253.124
245.195
236.667
227.57
217.932
207.784
197.159
186.09
174.613
162.764
150.579
138.097
125.362
112.414
99.2913
86.0362
72.691
59.2983
45.901
32.5419
19.2641
6.11041
-6.87664
-19.6549
-32.1828
-44.4193
-56.3242
-67.8585
-78.9839
-89.6633
-99.861
-109.543
-118.677
-127.231
-135.176
-142.484
-149.131
-155.091
-160.346
-164.874
-168.66
-171.691
-173.953
-175.429
-176.12
-176.021
-175.128
-173.44
-170.96
-167.693
-163.647
-158.83
-153.254
-146.933
-139.885
-132.127
-123.68
-114.566
-104.81
-94.4371
-83.4759
-71.9555
-59.9065
-47.3609
-34.3522
-20.9143
-7.08274
7.10656
21.6169
36.411
51.4511
66.6993
82.1177
97.6678
113.312
129.013
144.733
160.436
176.084
191.643
207.079
222.359
237.449
252.319
266.939
281.282
295.32
309.029
322.385
335.369
347.959
360.139
371.894
383.21
394.076
404.485
414.428
423.904
432.909
441.445
449.513
457.119
464.272
470.981
477.256
483.112
488.57
493.644
498.346
502.688
506.673
510.301
513.562
516.451
518.962
521.086
522.816
524.143
525.057
525.548
525.608
525.228
524.404
523.129
521.403
519.227
516.607
513.552
510.073
506.189
501.919
497.287
492.318
487.038
481.476
475.662
469.624
463.39
456.989
450.446
443.789
437.041
430.226
423.365
416.478
409.585
402.702
395.844
389.027
382.264
375.565
368.943
362.405
355.959
349.614
343.374
337.246
331.235
325.342
319.573
313.928
308.41
303.02
297.759
292.628
287.627
282.756
278.014
273.401
268.916
264.559
260.33
256.225
252.245
248.39
244.656
241.045
237.555
234.184
230.933
227.8
224.786
221.889
219.109
216.445
213.899
211.47
209.157
206.964
204.887
202.931
201.095
199.382
197.793
196.331
194.998
193.798
192.734
191.812
191.037
190.416
189.959
189.676
-310.252
-310.252
-308.775
-306.467
-303.285
-299.229
-294.312
-288.548
-281.958
-274.565
-266.394
-257.473
-247.834
-237.508
-226.531
-214.941
-202.777
-190.083
-176.904
-163.289
-149.285
-134.942
-120.308
-105.435
-90.3734
-75.1751
-59.8912
-44.5728
-29.2713
-14.0402
1.06406
15.9813
30.6526
44.9889
58.6065
71.7858
84.8628
97.5281
109.712
121.364
132.44
142.902
152.714
161.841
170.254
177.924
184.827
190.94
196.242
200.717
204.351
207.13
209.047
210.092
210.257
209.555
208.003
205.599
202.344
198.246
193.322
187.585
181.058
173.762
165.721
156.967
147.528
137.439
126.736
115.46
103.651
91.3555
78.6159
65.4724
51.8992
37.7216
23.0665
8.2295
-6.7438
-21.8266
-36.9791
-52.1576
-67.3154
-82.4047
-97.3766
-112.181
-126.768
-141.089
-155.093
-168.733
-181.962
-194.736
-207.014
-218.754
-229.918
-240.469
-250.373
-259.594
-268.101
-275.862
-282.85
-289.042
-294.416
-298.952
-302.635
-305.454
-307.4
-308.46
-308.634
-307.926
-306.336
-303.868
-300.534
-296.346
-291.317
-285.466
-278.816
-271.388
-263.209
-254.309
-244.719
-234.473
-223.606
-212.156
-200.162
-187.668
-174.715
-161.348
-147.613
-133.556
-119.226
-104.671
-89.9402
-75.0827
-60.1487
-45.1878
-30.25
-15.3846
-0.64066
13.9332
28.2892
42.3802
56.1604
69.5852
82.6109
95.1953
107.298
118.881
129.905
140.336
150.141
159.289
167.75
175.497
182.506
188.755
194.224
198.896
202.755
205.79
207.991
209.351
209.866
209.532
208.352
206.332
203.475
199.79
195.287
189.983
183.893
177.036
169.433
161.108
152.087
142.398
132.073
121.143
109.641
97.6049
85.0724
72.0832
58.6783
44.9002
30.7927
16.4006
1.76958
-13.0536
-28.0199
-43.0815
-58.1911
-73.2995
-88.358
-103.318
-118.131
-132.748
-147.123
-161.207
-174.956
-188.325
-201.269
-213.746
-225.716
-237.139
-247.978
-258.196
-267.761
-276.641
-284.808
-292.233
-298.894
-304.768
-309.836
-314.081
-317.491
-320.054
-321.761
-322.611
-322.601
-321.723
-319.987
-317.404
-313.978
-309.721
-304.648
-298.777
-292.129
-284.725
-276.592
-267.756
-258.247
-248.098
-237.341
-226.014
-214.154
-201.8
-188.994
-175.777
-162.193
-148.287
-134.104
-119.69
-105.094
-90.361
-75.5401
-60.6789
-45.8252
-31.0268
-16.3312
-1.78528
12.5646
26.6728
40.4948
53.9867
67.1059
79.8112
92.063
103.823
115.055
125.723
135.795
145.239
154.028
162.133
169.531
176.199
182.116
187.266
191.634
195.206
197.973
199.927
201.063
201.379
200.875
199.553
197.42
194.484
190.755
186.245
180.969
174.947
168.198
160.745
152.612
143.827
134.418
124.416
113.853
102.765
91.1876
79.1588
66.7178
53.9051
40.7624
27.3326
13.6591
-0.214605
-14.2409
-28.3721
-42.5636
-56.7691
-70.9422
-85.0362
-99.0048
-112.802
-126.381
-139.699
-152.71
-165.371
-177.64
-189.476
-200.839
-211.69
-221.993
-231.713
-240.817
-249.272
-257.051
-264.125
-270.47
-276.063
-280.884
-284.914
-288.139
-290.546
-292.125
-292.869
-292.772
-291.832
-290.053
-287.432
-283.977
-279.701
-274.613
-268.725
-262.055
-254.622
-246.447
-237.554
-227.969
-217.72
-206.837
-195.353
-183.301
-170.719
-157.641
-144.11
-130.163
-115.841
-101.19
-86.2508
-71.0682
-55.687
-40.1523
-24.5099
-8.80549
6.91526
22.6068
38.2236
53.721
69.0545
84.1806
99.0562
113.64
127.891
141.769
155.236
168.256
180.793
192.813
204.284
215.177
225.462
235.114
244.108
252.421
260.033
266.925
273.082
278.491
283.138
287.015
290.114
292.43
293.962
294.707
294.668
293.852
292.262
289.905
286.793
282.94
278.358
273.066
267.082
260.428
253.124
245.195
236.667
227.57
217.932
207.784
197.159
186.09
174.613
162.764
150.579
138.097
125.362
112.414
99.2913
86.0362
72.691
59.2983
45.901
32.5419
19.2641
6.11041
-6.87664
-19.6549
-32.1828
-44.4193
-56.3242
-67.8585
-78.9839
-89.6633
-99.861
-109.543
-118.677
-127.231
-135.176
-142.484
-149.131
-155.091
-160.346
-164.874
-168.66
-171.691
-173.953
-175.429
-176.12
-176.021
-175.128
-173.44
-170.96
-167.693
-163.647
-158.83
-153.254
-146.933
-139.885
-132.127
-123.68
-114.566
-104.81
-94.4371
-83.4759
-71.9555
-59.9065
-47.3609
-34.3522
-20.9143
-7.08274
7.10656
21.6169
36.411
51.4511
66.6993
82.1177
97.6678
113.312
129.013
144.733
160.436
176.084
191.643
207.079
222.359
237.449
252.319
266.939
281.282
295.32
309.029
322.385
335.369
347.959
360.139
371.894
383.21
394.076
404.485
414.428
423.904
432.909
441.445
449.513
457.119
464.272
470.981
477.256
483.112
488.57
493.644
498.346
502.688
506.673
510.301
513.562
516.451
518.962
521.086
522.816
524.143
525.057
525.548
525.608
525.228
524.404
523.129
521.403
519.227
516.607
513.552
510.073
506.189
501.919
497.287
492.318
487.038
481.476
475.662
469.624
463.39
456.989
450.446
443.789
437.041
430.226
423.365
416.478
409.585
402.702
395.844
389.027
382.264
375.565
368.943
362.405
355.959
349.614
343.374
337.246
331.235
325.342
319.573
313.928
308.41
303.02
297.759
292.628
287.627
282.756
278.014
273.401
268.916
264.559
260.33
256.225
252.245
248.39
244.656
241.045
237.555
234.184
230.933
227.8
224.786
221.889
219.109
216.445
213.899
211.47
209.157
206.964
204.887
202.931
201.095
199.382
197.793
196.331
194.998
193.798
192.734
191.812
191.037
190.416
189.959
189.676
189.58
)
