FoamFile
{
    version     2.0;
    format      ascii;
    class       scalarAverageField;
    object      values;
}
// **********************************************************************//
0.0

1202
(
-262.519
-267.487
-262.519
-252.261
-241.356
-229.828
-217.721
-205.078
-191.941
-178.351
-164.35
-149.978
-135.278
-120.288
-105.048
-89.5923
-73.9542
-58.1617
-42.2375
-26.2
-10.0579
6.20207
22.6291
39.0875
56.4591
73.7079
89.3555
103.981
117.662
130.546
142.684
154.089
164.759
174.682
183.839
192.213
199.786
206.541
212.461
217.533
221.743
225.083
227.543
229.117
229.801
229.613
228.562
226.635
223.836
220.175
215.663
210.314
204.144
197.174
189.426
180.926
171.703
161.788
151.218
140.028
128.254
115.931
103.101
89.8088
76.0452
61.7462
47.0214
32.0445
16.8653
1.52158
-13.9407
-29.4725
-45.0233
-60.5414
-75.9745
-91.2706
-106.377
-121.243
-135.816
-150.046
-163.885
-177.285
-190.201
-202.587
-214.402
-225.606
-236.161
-246.036
-255.197
-263.614
-271.261
-278.115
-284.152
-289.355
-293.708
-297.198
-299.807
-301.524
-302.349
-302.283
-301.327
-299.486
-296.77
-293.188
-288.754
-283.485
-277.403
-270.527
-262.885
-254.503
-245.413
-235.647
-225.242
-214.232
-202.659
-190.562
-177.985
-164.972
-151.566
-137.817
-123.771
-109.476
-94.9805
-80.3344
-65.5875
-50.7893
-35.9897
-21.2382
-6.58394
7.92436
22.2388
36.3121
50.0983
63.5521
76.6298
89.2887
101.488
113.189
124.352
134.943
144.928
154.274
162.953
170.935
178.196
184.713
190.466
195.435
199.606
202.965
205.501
207.208
208.077
208.109
207.304
205.664
203.191
199.895
195.787
190.879
185.186
178.728
171.524
163.596
154.971
145.676
135.739
125.192
114.07
102.407
90.2412
77.6112
64.5574
51.1218
37.3477
23.2795
8.96169
-5.55801
-20.2314
-35.0119
-49.8514
-64.7014
-79.5134
-94.2389
-108.829
-123.236
-137.411
-151.31
-164.886
-178.092
-190.886
-203.225
-215.068
-226.375
-237.108
-247.233
-256.715
-265.521
-273.624
-280.995
-287.61
-293.447
-298.486
-302.711
-306.107
-308.664
-310.373
-311.231
-311.23
-310.37
-308.658
-306.101
-302.706
-298.484
-293.451
-287.622
-281.019
-273.662
-265.578
-256.793
-247.337
-237.241
-226.539
-215.268
-203.463
-191.166
-178.414
-165.253
-151.724
-137.872
-123.742
-109.38
-94.8343
-80.1501
-65.3763
-50.5604
-35.7501
-20.9932
-6.33704
8.17136
22.4856
36.5601
50.3487
63.8087
76.8988
89.5763
101.801
113.535
124.74
135.381
145.426
154.842
163.6
171.671
179.032
185.659
191.531
196.63
200.939
204.445
207.137
209.008
210.049
210.259
209.635
208.18
205.9
202.8
198.889
194.179
188.685
182.424
175.415
167.679
159.241
150.126
140.363
129.982
119.014
107.496
95.4613
82.9483
69.9962
56.6453
42.9373
28.9152
14.6038
0.0675
-14.6278
-29.455
-44.3677
-59.3187
-74.2604
-89.1453
-103.926
-118.555
-132.985
-147.171
-161.065
-174.624
-187.805
-200.564
-212.86
-224.653
-235.905
-246.578
-256.64
-266.056
-274.797
-282.832
-290.136
-296.686
-302.459
-307.437
-311.603
-314.944
-317.448
-319.108
-319.921
-319.882
-318.986
-317.241
-314.657
-311.238
-306.998
-301.948
-296.108
-289.495
-282.135
-274.049
-265.266
-255.815
-245.728
-235.039
-223.783
-211.999
-199.724
-187.002
-173.872
-160.379
-146.569
-132.488
-118.181
-103.696
-89.081
-74.3841
-59.6538
-44.9382
-30.2858
-15.7445
-1.36193
12.8152
26.7406
40.3692
53.6569
66.5606
79.0388
91.0514
102.56
113.528
123.92
133.703
142.847
151.322
159.102
166.163
172.483
178.043
182.826
186.817
190.005
192.381
193.938
194.674
194.587
193.677
191.951
189.415
186.081
181.959
177.064
171.414
165.029
157.932
150.148
141.704
132.629
122.954
112.713
101.941
90.6768
78.9576
66.8244
54.3188
41.4841
28.3645
15.0052
1.45202
-12.2483
-26.0466
-39.8944
-53.744
-67.5476
-81.257
-94.8241
-108.202
-121.343
-134.201
-146.73
-158.887
-170.628
-181.911
-192.695
-202.943
-212.617
-221.682
-230.106
-237.857
-244.906
-251.229
-256.801
-261.601
-265.611
-268.815
-271.2
-272.755
-273.475
-273.354
-272.394
-270.595
-267.956
-264.487
-260.205
-255.117
-249.241
-242.594
-235.199
-227.078
-218.26
-208.771
-198.644
-187.911
-176.609
-164.773
-152.443
-139.66
-126.465
-112.901
-99.0136
-84.8467
-70.447
-55.8612
-41.1364
-26.32
-11.4597
3.39726
18.2038
32.9132
47.4793
61.8566
76.0015
89.8696
103.417
116.605
129.392
141.742
153.618
164.986
175.814
186.07
195.727
204.758
213.14
220.851
227.871
234.186
239.779
244.64
248.76
252.131
254.75
256.616
257.73
258.095
257.719
256.609
254.778
252.238
249.007
245.103
240.547
235.362
229.573
223.209
216.298
208.871
200.96
192.602
183.831
174.686
165.206
155.429
145.398
135.153
124.739
114.198
103.572
92.9016
82.2253
71.5776
60.9846
50.4648
40.0349
29.7084
19.4923
9.39359
-0.57992
-10.4243
-20.1353
-29.7096
-39.1452
-48.4406
-57.5948
-66.6063
-75.4741
-84.195
-92.7654
-101.18
-109.431
-117.509
-125.405
-133.107
-140.601
-147.877
-154.92
-161.718
-168.259
-174.532
-180.529
-186.24
-191.658
-196.778
-201.597
-206.111
-210.318
-214.222
-217.822
-221.121
-224.125
-226.838
-229.267
-231.419
-233.302
-234.925
-236.307
-237.483
-238.357
-238.982
-239.463
-239.741
-239.832
-239.746
-239.497
-239.095
-238.551
-237.877
-237.082
-236.179
-235.179
-234.089
-232.919
-231.68
-230.381
-229.03
-227.637
-226.209
-224.755
-223.282
-221.798
-220.309
-218.824
-217.348
-215.887
-214.45
-213.039
-211.663
-210.327
-209.035
-207.793
-206.607
-205.482
-204.423
-203.435
-202.524
-201.695
-200.953
-200.305
-199.756
-199.314
-198.987
-198.784
-262.519
-262.519
-252.261
-241.356
-229.828
-217.721
-205.078
-191.941
-178.351
-164.35
-149.978
-135.278
-120.288
-105.048
-89.5923
-73.9542
-58.1617
-42.2375
-26.2
-10.0579
6.20207
22.6291
39.0875
56.4591
73.7079
89.3555
103.981
117.662
130.546
142.684
154.089
164.759
174.682
183.839
192.213
199.786
206.541
212.461
217.533
221.743
225.083
227.543
229.117
229.801
229.613
228.562
226.635
223.836
220.175
215.663
210.314
204.144
197.174
189.426
180.926
171.703
161.788
151.218
140.028
128.254
115.931
103.101
89.8088
76.0452
61.7462
47.0214
32.0445
16.8653
1.52158
-13.9407
-29.4725
-45.0233
-60.5414
-75.9745
-91.2706
-106.377
-121.243
-135.816
-150.046
-163.885
-177.285
-190.201
-202.587
-214.402
-225.606
-236.161
-246.036
-255.197
-263.614
-271.261
-278.115
-284.152
-289.355
-293.708
-297.198
-299.807
-301.524
-302.349
-302.283
-301.327
-299.486
-296.77
-293.188
-288.754
-283.485
-277.403
-270.527
-262.885
-254.503
-245.413
-235.647
-225.242
-214.232
-202.659
-190.562
-177.985
-164.972
-151.566
-137.817
-123.771
-109.476
-94.9805
-80.3344
-65.5875
-50.7893
-35.9897
-21.2382
-6.58394
7.92436
22.2388
36.3121
50.0983
63.5521
76.6298
89.2887
101.488
113.189
124.352
134.943
144.928
154.274
162.953
170.935
178.196
184.713
190.466
195.435
199.606
202.965
205.501
207.208
208.077
208.109
207.304
205.664
203.191
199.895
195.787
190.879
185.186
178.728
171.524
163.596
154.971
145.676
135.739
125.192
114.07
102.407
90.2412
77.6112
64.5574
51.1218
37.3477
23.2795
8.96169
-5.55801
-20.2314
-35.0119
-49.8514
-64.7014
-79.5134
-94.2389
-108.829
-123.236
-137.411
-151.31
-164.886
-178.092
-190.886
-203.225
-215.068
-226.375
-237.108
-247.233
-256.715
-265.521
-273.624
-280.995
-287.61
-293.447
-298.486
-302.711
-306.107
-308.664
-310.373
-311.231
-311.23
-310.37
-308.658
-306.101
-302.706
-298.484
-293.451
-287.622
-281.019
-273.662
-265.578
-256.793
-247.337
-237.241
-226.539
-215.268
-203.463
-191.166
-178.414
-165.253
-151.724
-137.872
-123.742
-109.38
-94.8343
-80.1501
-65.3763
-50.5604
-35.7501
-20.9932
-6.33704
8.17136
22.4856
36.5601
50.3487
63.8087
76.8988
89.5763
101.801
113.535
124.74
135.381
145.426
154.842
163.6
171.671
179.032
185.659
191.531
196.63
200.939
204.445
207.137
209.008
210.049
210.259
209.635
208.18
205.9
202.8
198.889
194.179
188.685
182.424
175.415
167.679
159.241
150.126
140.363
129.982
119.014
107.496
95.4613
82.9483
69.9962
56.6453
42.9373
28.9152
14.6038
0.0675
-14.6278
-29.455
-44.3677
-59.3187
-74.2604
-89.1453
-103.926
-118.555
-132.985
-147.171
-161.065
-174.624
-187.805
-200.564
-212.86
-224.653
-235.905
-246.578
-256.64
-266.056
-274.797
-282.832
-290.136
-296.686
-302.459
-307.437
-311.603
-314.944
-317.448
-319.108
-319.921
-319.882
-318.986
-317.241
-314.657
-311.238
-306.998
-301.948
-296.108
-289.495
-282.135
-274.049
-265.266
-255.815
-245.728
-235.039
-223.783
-211.999
-199.724
-187.002
-173.872
-160.379
-146.569
-132.488
-118.181
-103.696
-89.081
-74.3841
-59.6538
-44.9382
-30.2858
-15.7445
-1.36193
12.8152
26.7406
40.3692
53.6569
66.5606
79.0388
91.0514
102.56
113.528
123.92
133.703
142.847
151.322
159.102
166.163
172.483
178.043
182.826
186.817
190.005
192.381
193.938
194.674
194.587
193.677
191.951
189.415
186.081
181.959
177.064
171.414
165.029
157.932
150.148
141.704
132.629
122.954
112.713
101.941
90.6768
78.9576
66.8244
54.3188
41.4841
28.3645
15.0052
1.45202
-12.2483
-26.0466
-39.8944
-53.744
-67.5476
-81.257
-94.8241
-108.202
-121.343
-134.201
-146.73
-158.887
-170.628
-181.911
-192.695
-202.943
-212.617
-221.682
-230.106
-237.857
-244.906
-251.229
-256.801
-261.601
-265.611
-268.815
-271.2
-272.755
-273.475
-273.354
-272.394
-270.595
-267.956
-264.487
-260.205
-255.117
-249.241
-242.594
-235.199
-227.078
-218.26
-208.771
-198.644
-187.911
-176.609
-164.773
-152.443
-139.66
-126.465
-112.901
-99.0136
-84.8467
-70.447
-55.8612
-41.1364
-26.32
-11.4597
3.39726
18.2038
32.9132
47.4793
61.8566
76.0015
89.8696
103.417
116.605
129.392
141.742
153.618
164.986
175.814
186.07
195.727
204.758
213.14
220.851
227.871
234.186
239.779
244.64
248.76
252.131
254.75
256.616
257.73
258.095
257.719
256.609
254.778
252.238
249.007
245.103
240.547
235.362
229.573
223.209
216.298
208.871
200.96
192.602
183.831
174.686
165.206
155.429
145.398
135.153
124.739
114.198
103.572
92.9016
82.2253
71.5776
60.9846
50.4648
40.0349
29.7084
19.4923
9.39359
-0.57992
-10.4243
-20.1353
-29.7096
-39.1452
-48.4406
-57.5948
-66.6063
-75.4741
-84.195
-92.7654
-101.18
-109.431
-117.509
-125.405
-133.107
-140.601
-147.877
-154.92
-161.718
-168.259
-174.532
-180.529
-186.24
-191.658
-196.778
-201.597
-206.111
-210.318
-214.222
-217.822
-221.121
-224.125
-226.838
-229.267
-231.419
-233.302
-234.925
-236.307
-237.483
-238.357
-238.982
-239.463
-239.741
-239.832
-239.746
-239.497
-239.095
-238.551
-237.877
-237.082
-236.179
-235.179
-234.089
-232.919
-231.68
-230.381
-229.03
-227.637
-226.209
-224.755
-223.282
-221.798
-220.309
-218.824
-217.348
-215.887
-214.45
-213.039
-211.663
-210.327
-209.035
-207.793
-206.607
-205.482
-204.423
-203.435
-202.524
-201.695
-200.953
-200.305
-199.756
-199.314
-198.987
-198.784
-198.715
)
