FoamFile
{
    version     2.0;
    format      ascii;
    class       scalarAverageField;
    object      values;
}
// **********************************************************************//
0.0

1202
(
236.51
232.519
236.51
244.12
250.969
257.033
262.291
266.727
270.326
273.076
274.969
275.994
276.146
275.43
273.854
271.413
268.111
263.957
258.96
253.132
246.487
239.043
230.814
221.817
212.07
201.586
190.377
178.449
165.792
152.378
138.185
123.579
106.898
89.1884
72.2998
55.3346
38.5554
21.8735
5.2718
-11.2432
-27.6517
-43.9245
-60.0269
-75.9201
-91.5623
-106.91
-121.919
-136.545
-150.743
-164.468
-177.676
-190.327
-202.377
-213.789
-224.525
-234.548
-243.825
-252.324
-260.018
-266.88
-272.888
-278.019
-282.255
-285.584
-288.015
-289.553
-290.133
-289.743
-288.428
-286.197
-283.056
-279.016
-274.092
-268.305
-261.676
-254.231
-246
-237.013
-227.305
-216.913
-205.875
-194.234
-182.033
-169.319
-156.139
-142.543
-128.579
-114.3
-99.7559
-84.9987
-70.0813
-55.0556
-39.974
-24.8889
-9.85247
5.08413
19.8701
34.4551
48.7897
62.8255
76.5154
89.8132
102.675
115.057
126.919
138.22
148.924
158.997
168.402
177.11
185.092
192.321
198.772
204.425
209.261
213.262
216.416
218.709
220.135
220.688
220.362
219.159
217.085
214.14
210.333
205.675
200.179
193.862
186.741
178.838
170.177
160.784
150.687
139.916
128.505
116.489
103.903
90.7892
77.1857
63.1357
48.6829
33.8721
18.7476
3.36004
-12.2398
-28.0047
-43.8849
-59.8302
-75.7899
-91.7129
-107.548
-123.246
-138.754
-154.024
-169.008
-183.655
-197.919
-211.755
-225.117
-237.962
-250.25
-261.94
-272.994
-283.377
-293.057
-302.001
-310.181
-317.571
-324.147
-329.888
-334.777
-338.798
-341.939
-344.193
-345.546
-345.999
-345.557
-344.216
-341.982
-338.864
-334.873
-330.024
-324.332
-317.819
-310.505
-302.416
-293.578
-284.022
-273.779
-262.884
-251.371
-239.281
-226.651
-213.522
-199.939
-185.944
-171.584
-156.903
-141.95
-126.772
-111.417
-95.9345
-80.3725
-64.7805
-49.2074
-33.7019
-18.3117
-3.0851
11.9305
26.6894
41.146
55.2564
68.9774
82.2674
95.0863
107.396
119.158
130.339
140.904
150.823
160.066
168.607
176.42
183.483
189.776
195.279
199.98
203.864
206.921
209.143
210.524
211.064
210.762
209.618
207.639
204.833
201.209
196.782
191.565
185.577
178.837
171.369
163.197
154.349
144.851
134.738
124.042
112.797
101.041
88.8107
76.1473
63.0904
49.684
35.974
22.0043
7.82032
-6.53188
-21.0054
-35.5526
-50.126
-64.6776
-79.1596
-93.5246
-107.725
-121.714
-135.446
-148.875
-161.957
-174.648
-186.907
-198.693
-209.967
-220.693
-230.833
-240.353
-249.224
-257.415
-264.899
-271.649
-277.645
-282.865
-287.293
-290.913
-293.716
-295.689
-296.822
-297.113
-296.565
-295.177
-292.951
-289.894
-286.019
-281.334
-275.856
-269.602
-262.592
-254.849
-246.395
-237.259
-227.47
-217.058
-206.057
-194.501
-182.427
-169.874
-156.881
-143.488
-129.738
-115.675
-101.342
-86.784
-72.0467
-57.176
-42.2182
-27.2197
-12.227
2.71354
17.5558
32.2542
46.7634
61.039
75.0373
88.7156
102.032
114.947
127.421
139.415
150.894
161.823
172.169
181.902
190.992
199.413
207.138
214.146
220.415
225.927
230.665
234.616
237.77
240.115
241.648
242.364
242.261
241.339
239.603
237.057
233.711
229.577
224.668
218.998
212.586
205.454
197.623
189.119
179.969
170.202
159.849
148.943
137.519
125.614
113.265
100.511
87.395
73.9614
60.2518
46.3101
32.1815
17.9115
3.54664
-10.8665
-25.281
-39.6499
-53.9261
-68.0631
-82.0148
-95.7353
-109.18
-122.304
-135.066
-147.422
-159.333
-170.76
-181.665
-192.013
-201.769
-210.904
-219.387
-227.19
-234.288
-240.66
-246.285
-251.145
-255.228
-258.522
-261.008
-262.687
-263.558
-263.617
-262.865
-261.307
-258.949
-255.803
-251.88
-247.196
-241.769
-235.618
-228.767
-221.241
-213.067
-204.275
-194.894
-184.961
-174.509
-163.575
-152.199
-140.419
-128.276
-115.815
-103.077
-90.1066
-76.9494
-63.6508
-50.2571
-36.8147
-23.3702
-9.9705
3.33778
16.5082
29.4945
42.251
54.7328
66.8955
78.6955
90.0905
101.039
111.5
121.436
130.809
139.583
147.722
155.196
161.973
168.024
173.323
177.844
181.565
184.466
186.528
187.733
188.072
187.537
186.113
183.796
180.582
176.471
171.465
165.569
158.789
151.135
142.619
133.256
123.062
112.059
100.267
87.7099
74.4153
60.4111
45.7278
30.3978
14.4553
-2.06654
-19.1275
-36.6855
-54.7025
-73.1383
-91.9509
-111.098
-130.536
-150.221
-170.108
-190.157
-210.32
-230.556
-250.821
-271.074
-291.273
-311.378
-331.351
-351.153
-370.749
-390.105
-409.189
-427.969
-446.418
-464.51
-482.22
-499.526
-516.412
-532.86
-548.852
-564.378
-579.431
-594
-608.079
-621.66
-634.734
-647.287
-659.307
-670.781
-681.7
-692.053
-701.832
-711.024
-719.622
-727.614
-734.991
-741.745
-747.869
-753.359
-758.21
-762.423
-766.001
-768.947
-771.272
-772.983
-774.096
-774.628
-774.596
-774.019
-772.921
-771.323
-769.249
-766.72
-763.763
-760.399
-756.651
-752.543
-748.095
-743.331
-738.272
-732.937
-727.349
-721.526
-715.488
-709.254
-702.843
-696.273
-689.561
-682.723
-675.776
-668.736
-661.619
-654.439
-647.209
-639.944
-632.658
-625.36
-618.065
-610.784
-603.525
-596.302
-589.122
-581.996
-574.933
-567.94
-561.027
-554.2
-547.468
-540.836
-534.311
-527.901
-521.611
-515.447
-509.415
-503.519
-497.766
-492.16
-486.707
-481.412
-476.279
-471.312
-466.519
-461.902
-457.467
-453.219
-449.163
-445.305
-441.65
-438.204
-434.973
-431.965
-429.186
-426.644
-424.348
-422.308
-420.536
-419.043
-417.846
-416.964
-416.417
236.51
236.51
244.12
250.969
257.033
262.291
266.727
270.326
273.076
274.969
275.994
276.146
275.43
273.854
271.413
268.111
263.957
258.96
253.132
246.487
239.043
230.814
221.817
212.07
201.586
190.377
178.449
165.792
152.378
138.185
123.579
106.898
89.1884
72.2998
55.3346
38.5554
21.8735
5.2718
-11.2432
-27.6517
-43.9245
-60.0269
-75.9201
-91.5623
-106.91
-121.919
-136.545
-150.743
-164.468
-177.676
-190.327
-202.377
-213.789
-224.525
-234.548
-243.825
-252.324
-260.018
-266.88
-272.888
-278.019
-282.255
-285.584
-288.015
-289.553
-290.133
-289.743
-288.428
-286.197
-283.056
-279.016
-274.092
-268.305
-261.676
-254.231
-246
-237.013
-227.305
-216.913
-205.875
-194.234
-182.033
-169.319
-156.139
-142.543
-128.579
-114.3
-99.7559
-84.9987
-70.0813
-55.0556
-39.974
-24.8889
-9.85247
5.08413
19.8701
34.4551
48.7897
62.8255
76.5154
89.8132
102.675
115.057
126.919
138.22
148.924
158.997
168.402
177.11
185.092
192.321
198.772
204.425
209.261
213.262
216.416
218.709
220.135
220.688
220.362
219.159
217.085
214.14
210.333
205.675
200.179
193.862
186.741
178.838
170.177
160.784
150.687
139.916
128.505
116.489
103.903
90.7892
77.1857
63.1357
48.6829
33.8721
18.7476
3.36004
-12.2398
-28.0047
-43.8849
-59.8302
-75.7899
-91.7129
-107.548
-123.246
-138.754
-154.024
-169.008
-183.655
-197.919
-211.755
-225.117
-237.962
-250.25
-261.94
-272.994
-283.377
-293.057
-302.001
-310.181
-317.571
-324.147
-329.888
-334.777
-338.798
-341.939
-344.193
-345.546
-345.999
-345.557
-344.216
-341.982
-338.864
-334.873
-330.024
-324.332
-317.819
-310.505
-302.416
-293.578
-284.022
-273.779
-262.884
-251.371
-239.281
-226.651
-213.522
-199.939
-185.944
-171.584
-156.903
-141.95
-126.772
-111.417
-95.9345
-80.3725
-64.7805
-49.2074
-33.7019
-18.3117
-3.0851
11.9305
26.6894
41.146
55.2564
68.9774
82.2674
95.0863
107.396
119.158
130.339
140.904
150.823
160.066
168.607
176.42
183.483
189.776
195.279
199.98
203.864
206.921
209.143
210.524
211.064
210.762
209.618
207.639
204.833
201.209
196.782
191.565
185.577
178.837
171.369
163.197
154.349
144.851
134.738
124.042
112.797
101.041
88.8107
76.1473
63.0904
49.684
35.974
22.0043
7.82032
-6.53188
-21.0054
-35.5526
-50.126
-64.6776
-79.1596
-93.5246
-107.725
-121.714
-135.446
-148.875
-161.957
-174.648
-186.907
-198.693
-209.967
-220.693
-230.833
-240.353
-249.224
-257.415
-264.899
-271.649
-277.645
-282.865
-287.293
-290.913
-293.716
-295.689
-296.822
-297.113
-296.565
-295.177
-292.951
-289.894
-286.019
-281.334
-275.856
-269.602
-262.592
-254.849
-246.395
-237.259
-227.47
-217.058
-206.057
-194.501
-182.427
-169.874
-156.881
-143.488
-129.738
-115.675
-101.342
-86.784
-72.0467
-57.176
-42.2182
-27.2197
-12.227
2.71354
17.5558
32.2542
46.7634
61.039
75.0373
88.7156
102.032
114.947
127.421
139.415
150.894
161.823
172.169
181.902
190.992
199.413
207.138
214.146
220.415
225.927
230.665
234.616
237.77
240.115
241.648
242.364
242.261
241.339
239.603
237.057
233.711
229.577
224.668
218.998
212.586
205.454
197.623
189.119
179.969
170.202
159.849
148.943
137.519
125.614
113.265
100.511
87.395
73.9614
60.2518
46.3101
32.1815
17.9115
3.54664
-10.8665
-25.281
-39.6499
-53.9261
-68.0631
-82.0148
-95.7353
-109.18
-122.304
-135.066
-147.422
-159.333
-170.76
-181.665
-192.013
-201.769
-210.904
-219.387
-227.19
-234.288
-240.66
-246.285
-251.145
-255.228
-258.522
-261.008
-262.687
-263.558
-263.617
-262.865
-261.307
-258.949
-255.803
-251.88
-247.196
-241.769
-235.618
-228.767
-221.241
-213.067
-204.275
-194.894
-184.961
-174.509
-163.575
-152.199
-140.419
-128.276
-115.815
-103.077
-90.1066
-76.9494
-63.6508
-50.2571
-36.8147
-23.3702
-9.9705
3.33778
16.5082
29.4945
42.251
54.7328
66.8955
78.6955
90.0905
101.039
111.5
121.436
130.809
139.583
147.722
155.196
161.973
168.024
173.323
177.844
181.565
184.466
186.528
187.733
188.072
187.537
186.113
183.796
180.582
176.471
171.465
165.569
158.789
151.135
142.619
133.256
123.062
112.059
100.267
87.7099
74.4153
60.4111
45.7278
30.3978
14.4553
-2.06654
-19.1275
-36.6855
-54.7025
-73.1383
-91.9509
-111.098
-130.536
-150.221
-170.108
-190.157
-210.32
-230.556
-250.821
-271.074
-291.273
-311.378
-331.351
-351.153
-370.749
-390.105
-409.189
-427.969
-446.418
-464.51
-482.22
-499.526
-516.412
-532.86
-548.852
-564.378
-579.431
-594
-608.079
-621.66
-634.734
-647.287
-659.307
-670.781
-681.7
-692.053
-701.832
-711.024
-719.622
-727.614
-734.991
-741.745
-747.869
-753.359
-758.21
-762.423
-766.001
-768.947
-771.272
-772.983
-774.096
-774.628
-774.596
-774.019
-772.921
-771.323
-769.249
-766.72
-763.763
-760.399
-756.651
-752.543
-748.095
-743.331
-738.272
-732.937
-727.349
-721.526
-715.488
-709.254
-702.843
-696.273
-689.561
-682.723
-675.776
-668.736
-661.619
-654.439
-647.209
-639.944
-632.658
-625.36
-618.065
-610.784
-603.525
-596.302
-589.122
-581.996
-574.933
-567.94
-561.027
-554.2
-547.468
-540.836
-534.311
-527.901
-521.611
-515.447
-509.415
-503.519
-497.766
-492.16
-486.707
-481.412
-476.279
-471.312
-466.519
-461.902
-457.467
-453.219
-449.163
-445.305
-441.65
-438.204
-434.973
-431.965
-429.186
-426.644
-424.348
-422.308
-420.536
-419.043
-417.846
-416.964
-416.417
-416.231
)
