FoamFile 
{ 
    version     2.0; 
    format      ascii; 
    class       faceList; 
    object      faces; 
} 
// **********************************************************************// 
    
1588  
(   
4(0 1 637 636) 
4(1 2 638 637) 
4(2 3 639 638) 
4(3 4 640 639) 
4(4 5 641 640) 
4(5 6 642 641) 
4(6 7 643 642) 
4(7 8 644 643) 
4(8 9 645 644) 
4(9 10 646 645) 
4(10 11 647 646) 
4(11 12 648 647) 
4(12 13 649 648) 
4(13 14 650 649) 
4(14 15 651 650) 
4(15 16 652 651) 
4(16 17 653 652) 
4(17 18 654 653) 
4(18 19 655 654) 
4(19 20 656 655) 
4(20 21 657 656) 
4(21 22 658 657) 
4(22 23 659 658) 
4(23 24 660 659) 
4(24 25 661 660) 
4(25 26 662 661) 
4(26 27 663 662) 
4(27 28 664 663) 
4(28 29 665 664) 
4(29 30 666 665) 
4(30 31 667 666) 
4(31 32 668 667) 
4(32 33 669 668) 
4(33 34 670 669) 
4(34 35 671 670) 
4(35 36 672 671) 
4(36 37 673 672) 
4(37 38 674 673) 
4(38 39 675 674) 
4(39 40 676 675) 
4(40 41 677 676) 
4(41 42 678 677) 
4(42 43 679 678) 
4(43 44 680 679) 
4(44 45 681 680) 
4(45 46 682 681) 
4(46 47 683 682) 
4(47 48 684 683) 
4(48 49 685 684) 
4(49 50 686 685) 
4(50 51 687 686) 
4(51 52 688 687) 
4(52 53 689 688) 
4(53 54 690 689) 
4(54 55 691 690) 
4(55 56 692 691) 
4(56 57 693 692) 
4(57 58 694 693) 
4(58 59 695 694) 
4(59 60 696 695) 
4(60 61 697 696) 
4(61 62 698 697) 
4(62 63 699 698) 
4(63 64 700 699) 
4(64 65 701 700) 
4(65 66 702 701) 
4(66 67 703 702) 
4(67 68 704 703) 
4(68 69 705 704) 
4(69 70 706 705) 
4(70 71 707 706) 
4(71 72 708 707) 
4(72 73 709 708) 
4(73 74 710 709) 
4(74 75 711 710) 
4(75 76 712 711) 
4(76 77 713 712) 
4(77 78 714 713) 
4(78 79 715 714) 
4(79 80 716 715) 
4(80 81 717 716) 
4(81 82 718 717) 
4(82 83 719 718) 
4(83 84 720 719) 
4(84 85 721 720) 
4(85 86 722 721) 
4(86 87 723 722) 
4(87 88 724 723) 
4(88 89 725 724) 
4(89 90 726 725) 
4(90 91 727 726) 
4(91 92 728 727) 
4(92 93 729 728) 
4(93 94 730 729) 
4(94 95 731 730) 
4(95 96 732 731) 
4(96 97 733 732) 
4(97 98 734 733) 
4(98 99 735 734) 
4(99 100 736 735) 
4(100 101 737 736) 
4(101 102 738 737) 
4(102 103 739 738) 
4(103 104 740 739) 
4(104 105 741 740) 
4(105 106 742 741) 
4(106 107 743 742) 
4(107 108 744 743) 
4(108 109 745 744) 
4(109 110 746 745) 
4(110 111 747 746) 
4(111 112 748 747) 
4(112 113 749 748) 
4(113 114 750 749) 
4(114 115 751 750) 
4(115 116 752 751) 
4(116 117 753 752) 
4(117 118 754 753) 
4(118 119 755 754) 
4(119 120 756 755) 
4(120 121 757 756) 
4(121 122 758 757) 
4(122 123 759 758) 
4(123 124 760 759) 
4(124 125 761 760) 
4(125 126 762 761) 
4(126 127 763 762) 
4(127 128 764 763) 
4(128 129 765 764) 
4(129 130 766 765) 
4(130 131 767 766) 
4(131 132 768 767) 
4(132 133 769 768) 
4(133 134 770 769) 
4(134 135 771 770) 
4(135 136 772 771) 
4(136 137 773 772) 
4(137 138 774 773) 
4(138 139 775 774) 
4(139 140 776 775) 
4(140 141 777 776) 
4(141 142 778 777) 
4(142 143 779 778) 
4(143 144 780 779) 
4(144 145 781 780) 
4(145 146 782 781) 
4(146 147 783 782) 
4(147 148 784 783) 
4(148 149 785 784) 
4(149 150 786 785) 
4(150 151 787 786) 
4(151 152 788 787) 
4(152 153 789 788) 
4(153 154 790 789) 
4(154 155 791 790) 
4(155 156 792 791) 
4(156 157 793 792) 
4(157 158 794 793) 
4(158 159 795 794) 
4(159 160 796 795) 
4(160 161 797 796) 
4(161 162 798 797) 
4(162 163 799 798) 
4(163 164 800 799) 
4(164 165 801 800) 
4(165 166 802 801) 
4(166 167 803 802) 
4(167 168 804 803) 
4(168 169 805 804) 
4(169 170 806 805) 
4(170 171 807 806) 
4(171 172 808 807) 
4(172 173 809 808) 
4(173 174 810 809) 
4(174 175 811 810) 
4(175 176 812 811) 
4(176 177 813 812) 
4(177 178 814 813) 
4(178 179 815 814) 
4(179 180 816 815) 
4(180 181 817 816) 
4(181 182 818 817) 
4(182 183 819 818) 
4(183 184 820 819) 
4(184 185 821 820) 
4(185 186 822 821) 
4(186 187 823 822) 
4(187 188 824 823) 
4(188 189 825 824) 
4(189 190 826 825) 
4(190 191 827 826) 
4(191 192 828 827) 
4(192 193 829 828) 
4(193 194 830 829) 
4(194 195 831 830) 
4(195 196 832 831) 
4(196 197 833 832) 
4(197 198 834 833) 
4(198 199 835 834) 
4(199 200 836 835) 
4(200 201 837 836) 
4(201 202 838 837) 
4(202 203 839 838) 
4(203 204 840 839) 
4(204 205 841 840) 
4(205 206 842 841) 
4(206 207 843 842) 
4(207 208 844 843) 
4(208 209 845 844) 
4(209 210 846 845) 
4(210 211 847 846) 
4(211 212 848 847) 
4(212 213 849 848) 
4(213 214 850 849) 
4(214 215 851 850) 
4(215 216 852 851) 
4(216 217 853 852) 
4(217 218 854 853) 
4(218 219 855 854) 
4(219 220 856 855) 
4(220 221 857 856) 
4(221 222 858 857) 
4(222 223 859 858) 
4(223 224 860 859) 
4(224 225 861 860) 
4(225 226 862 861) 
4(226 227 863 862) 
4(227 228 864 863) 
4(228 229 865 864) 
4(229 230 866 865) 
4(230 231 867 866) 
4(231 232 868 867) 
4(232 233 869 868) 
4(233 234 870 869) 
4(234 235 871 870) 
4(235 236 872 871) 
4(236 237 873 872) 
4(237 238 874 873) 
4(238 239 875 874) 
4(239 240 876 875) 
4(240 241 877 876) 
4(241 242 878 877) 
4(242 243 879 878) 
4(243 244 880 879) 
4(244 245 881 880) 
4(245 246 882 881) 
4(246 247 883 882) 
4(247 248 884 883) 
4(248 249 885 884) 
4(249 250 886 885) 
4(250 251 887 886) 
4(251 252 888 887) 
4(252 253 889 888) 
4(253 254 890 889) 
4(254 255 891 890) 
4(255 256 892 891) 
4(256 257 893 892) 
4(257 258 894 893) 
4(258 259 895 894) 
4(259 260 896 895) 
4(260 261 897 896) 
4(261 262 898 897) 
4(262 263 899 898) 
4(263 264 900 899) 
4(264 265 901 900) 
4(265 266 902 901) 
4(266 267 903 902) 
4(267 268 904 903) 
4(268 269 905 904) 
4(269 270 906 905) 
4(270 271 907 906) 
4(271 272 908 907) 
4(272 273 909 908) 
4(273 274 910 909) 
4(274 275 911 910) 
4(275 276 912 911) 
4(276 277 913 912) 
4(277 278 914 913) 
4(278 279 915 914) 
4(279 280 916 915) 
4(280 281 917 916) 
4(281 282 918 917) 
4(282 283 919 918) 
4(283 284 920 919) 
4(284 285 921 920) 
4(285 286 922 921) 
4(286 287 923 922) 
4(287 288 924 923) 
4(288 289 925 924) 
4(289 290 926 925) 
4(290 291 927 926) 
4(291 292 928 927) 
4(292 293 929 928) 
4(293 294 930 929) 
4(294 295 931 930) 
4(295 296 932 931) 
4(296 297 933 932) 
4(297 298 934 933) 
4(298 299 935 934) 
4(299 300 936 935) 
4(300 301 937 936) 
4(301 302 938 937) 
4(302 303 939 938) 
4(303 304 940 939) 
4(304 305 941 940) 
4(305 306 942 941) 
4(306 307 943 942) 
4(307 308 944 943) 
4(308 309 945 944) 
4(309 310 946 945) 
4(310 311 947 946) 
4(311 312 948 947) 
4(312 313 949 948) 
4(313 314 950 949) 
4(314 315 951 950) 
4(315 316 952 951) 
4(316 317 953 952) 
4(317 318 954 953) 
4(318 319 955 954) 
4(319 320 956 955) 
4(320 321 957 956) 
4(321 322 958 957) 
4(322 323 959 958) 
4(323 324 960 959) 
4(324 325 961 960) 
4(325 326 962 961) 
4(326 327 963 962) 
4(327 328 964 963) 
4(328 329 965 964) 
4(329 330 966 965) 
4(330 331 967 966) 
4(331 332 968 967) 
4(332 333 969 968) 
4(333 334 970 969) 
4(334 335 971 970) 
4(335 336 972 971) 
4(336 337 973 972) 
4(337 338 974 973) 
4(338 339 975 974) 
4(339 340 976 975) 
4(340 341 977 976) 
4(341 342 978 977) 
4(342 343 979 978) 
4(343 344 980 979) 
4(344 345 981 980) 
4(345 346 982 981) 
4(346 347 983 982) 
4(347 348 984 983) 
4(348 349 985 984) 
4(349 350 986 985) 
4(350 351 987 986) 
4(351 352 988 987) 
4(352 353 989 988) 
4(353 354 990 989) 
4(354 355 991 990) 
4(355 356 992 991) 
4(356 357 993 992) 
4(357 358 994 993) 
4(358 359 995 994) 
4(359 360 996 995) 
4(360 361 997 996) 
4(361 362 998 997) 
4(362 363 999 998) 
4(363 364 1000 999) 
4(364 365 1001 1000) 
4(365 366 1002 1001) 
4(366 367 1003 1002) 
4(367 368 1004 1003) 
4(368 369 1005 1004) 
4(369 370 1006 1005) 
4(370 371 1007 1006) 
4(371 372 1008 1007) 
4(372 373 1009 1008) 
4(373 374 1010 1009) 
4(374 375 1011 1010) 
4(375 376 1012 1011) 
4(376 377 1013 1012) 
4(377 378 1014 1013) 
4(378 379 1015 1014) 
4(379 380 1016 1015) 
4(380 381 1017 1016) 
4(381 382 1018 1017) 
4(382 383 1019 1018) 
4(383 384 1020 1019) 
4(384 385 1021 1020) 
4(385 386 1022 1021) 
4(386 387 1023 1022) 
4(387 388 1024 1023) 
4(388 389 1025 1024) 
4(389 390 1026 1025) 
4(390 391 1027 1026) 
4(391 392 1028 1027) 
4(392 393 1029 1028) 
4(393 394 1030 1029) 
4(394 395 1031 1030) 
4(395 396 1032 1031) 
4(396 397 1033 1032) 
4(397 398 1034 1033) 
4(398 399 1035 1034) 
4(399 400 1036 1035) 
4(400 401 1037 1036) 
4(401 402 1038 1037) 
4(402 403 1039 1038) 
4(403 404 1040 1039) 
4(404 405 1041 1040) 
4(405 406 1042 1041) 
4(406 407 1043 1042) 
4(407 408 1044 1043) 
4(408 409 1045 1044) 
4(409 410 1046 1045) 
4(410 411 1047 1046) 
4(411 412 1048 1047) 
4(412 413 1049 1048) 
4(413 414 1050 1049) 
4(414 415 1051 1050) 
4(415 416 1052 1051) 
4(416 417 1053 1052) 
4(417 418 1054 1053) 
4(418 419 1055 1054) 
4(419 420 1056 1055) 
4(420 421 1057 1056) 
4(421 422 1058 1057) 
4(422 423 1059 1058) 
4(423 424 1060 1059) 
4(424 425 1061 1060) 
4(425 426 1062 1061) 
4(426 427 1063 1062) 
4(427 428 1064 1063) 
4(428 429 1065 1064) 
4(429 430 1066 1065) 
4(430 431 1067 1066) 
4(431 432 1068 1067) 
4(432 433 1069 1068) 
4(433 434 1070 1069) 
4(434 435 1071 1070) 
4(435 436 1072 1071) 
4(436 437 1073 1072) 
4(437 438 1074 1073) 
4(438 439 1075 1074) 
4(439 440 1076 1075) 
4(440 441 1077 1076) 
4(441 442 1078 1077) 
4(442 443 1079 1078) 
4(443 444 1080 1079) 
4(444 445 1081 1080) 
4(445 446 1082 1081) 
4(446 447 1083 1082) 
4(447 448 1084 1083) 
4(448 449 1085 1084) 
4(449 450 1086 1085) 
4(450 451 1087 1086) 
4(451 452 1088 1087) 
4(452 453 1089 1088) 
4(453 454 1090 1089) 
4(454 455 1091 1090) 
4(455 456 1092 1091) 
4(456 457 1093 1092) 
4(457 458 1094 1093) 
4(458 459 1095 1094) 
4(459 460 1096 1095) 
4(460 461 1097 1096) 
4(461 462 1098 1097) 
4(462 463 1099 1098) 
4(463 464 1100 1099) 
4(464 465 1101 1100) 
4(465 466 1102 1101) 
4(466 467 1103 1102) 
4(467 468 1104 1103) 
4(468 469 1105 1104) 
4(469 470 1106 1105) 
4(470 471 1107 1106) 
4(471 472 1108 1107) 
4(472 473 1109 1108) 
4(473 474 1110 1109) 
4(474 475 1111 1110) 
4(475 476 1112 1111) 
4(476 477 1113 1112) 
4(477 478 1114 1113) 
4(478 479 1115 1114) 
4(479 480 1116 1115) 
4(480 481 1117 1116) 
4(481 482 1118 1117) 
4(482 483 1119 1118) 
4(483 484 1120 1119) 
4(484 485 1121 1120) 
4(485 486 1122 1121) 
4(486 487 1123 1122) 
4(487 488 1124 1123) 
4(488 489 1125 1124) 
4(489 490 1126 1125) 
4(490 491 1127 1126) 
4(491 492 1128 1127) 
4(492 493 1129 1128) 
4(493 494 1130 1129) 
4(494 495 1131 1130) 
4(495 496 1132 1131) 
4(496 497 1133 1132) 
4(497 498 1134 1133) 
4(498 499 1135 1134) 
4(499 500 1136 1135) 
4(500 501 1137 1136) 
4(501 502 1138 1137) 
4(502 503 1139 1138) 
4(503 504 1140 1139) 
4(504 505 1141 1140) 
4(505 506 1142 1141) 
4(506 507 1143 1142) 
4(507 508 1144 1143) 
4(508 509 1145 1144) 
4(509 510 1146 1145) 
4(510 511 1147 1146) 
4(511 512 1148 1147) 
4(512 513 1149 1148) 
4(513 514 1150 1149) 
4(514 515 1151 1150) 
4(515 516 1152 1151) 
4(516 517 1153 1152) 
4(517 518 1154 1153) 
4(518 519 1155 1154) 
4(519 520 1156 1155) 
4(520 521 1157 1156) 
4(521 522 1158 1157) 
4(522 523 1159 1158) 
4(523 524 1160 1159) 
4(524 525 1161 1160) 
4(525 526 1162 1161) 
4(526 527 1163 1162) 
4(527 528 1164 1163) 
4(528 529 1165 1164) 
4(529 530 1166 1165) 
4(530 531 1167 1166) 
4(531 532 1168 1167) 
4(532 533 1169 1168) 
4(533 534 1170 1169) 
4(534 535 1171 1170) 
4(535 536 1172 1171) 
4(536 537 1173 1172) 
4(537 538 1174 1173) 
4(538 539 1175 1174) 
4(539 540 1176 1175) 
4(540 541 1177 1176) 
4(541 542 1178 1177) 
4(542 543 1179 1178) 
4(543 544 1180 1179) 
4(544 545 1181 1180) 
4(545 546 1182 1181) 
4(546 547 1183 1182) 
4(547 548 1184 1183) 
4(548 549 1185 1184) 
4(549 550 1186 1185) 
4(550 551 1187 1186) 
4(551 552 1188 1187) 
4(552 553 1189 1188) 
4(553 554 1190 1189) 
4(554 555 1191 1190) 
4(555 556 1192 1191) 
4(556 557 1193 1192) 
4(557 558 1194 1193) 
4(558 559 1195 1194) 
4(559 560 1196 1195) 
4(560 561 1197 1196) 
4(561 562 1198 1197) 
4(562 563 1199 1198) 
4(563 564 1200 1199) 
4(564 565 1201 1200) 
4(565 566 1202 1201) 
4(566 567 1203 1202) 
4(567 568 1204 1203) 
4(568 569 1205 1204) 
4(569 570 1206 1205) 
4(570 571 1207 1206) 
4(571 572 1208 1207) 
4(572 573 1209 1208) 
4(573 574 1210 1209) 
4(574 575 1211 1210) 
4(575 576 1212 1211) 
4(576 577 1213 1212) 
4(577 578 1214 1213) 
4(578 579 1215 1214) 
4(579 580 1216 1215) 
4(580 581 1217 1216) 
4(581 582 1218 1217) 
4(582 583 1219 1218) 
4(583 584 1220 1219) 
4(584 585 1221 1220) 
4(585 586 1222 1221) 
4(586 587 1223 1222) 
4(587 588 1224 1223) 
4(588 589 1225 1224) 
4(589 590 1226 1225) 
4(590 591 1227 1226) 
4(591 592 1228 1227) 
4(592 593 1229 1228) 
4(593 594 1230 1229) 
4(594 595 1231 1230) 
4(595 596 1232 1231) 
4(596 597 1233 1232) 
4(597 598 1234 1233) 
4(598 599 1235 1234) 
4(599 600 1236 1235) 
4(600 601 1237 1236) 
4(601 602 1238 1237) 
4(602 603 1239 1238) 
4(603 604 1240 1239) 
4(604 605 1241 1240) 
4(605 606 1242 1241) 
4(606 607 1243 1242) 
4(607 608 1244 1243) 
4(608 609 1245 1244) 
4(609 610 1246 1245) 
4(610 611 1247 1246) 
4(611 612 1248 1247) 
4(612 613 1249 1248) 
4(613 614 1250 1249) 
4(614 615 1251 1250) 
4(615 616 1252 1251) 
4(616 617 1253 1252) 
4(617 618 1254 1253) 
4(618 619 1255 1254) 
4(619 620 1256 1255) 
4(620 621 1257 1256) 
4(621 622 1258 1257) 
4(622 623 1259 1258) 
4(623 624 1260 1259) 
4(624 625 1261 1260) 
4(625 626 1262 1261) 
4(626 627 1263 1262) 
4(627 628 1264 1263) 
4(628 629 1265 1264) 
4(629 630 1266 1265) 
4(630 631 1267 1266) 
4(631 632 1268 1267) 
4(632 633 1269 1268) 
4(633 634 1270 1269) 
4(634 635 1271 1270) 
4(635 636 1272 1271) 
4(636 637 1273 1272) 
4(637 638 1274 1273) 
4(638 639 1275 1274) 
4(639 640 1276 1275) 
4(640 641 1277 1276) 
4(641 642 1278 1277) 
4(642 643 1279 1278) 
4(643 644 1280 1279) 
4(644 645 1281 1280) 
4(645 646 1282 1281) 
4(646 647 1283 1282) 
4(647 648 1284 1283) 
4(648 649 1285 1284) 
4(649 650 1286 1285) 
4(650 651 1287 1286) 
4(651 652 1288 1287) 
4(652 653 1289 1288) 
4(653 654 1290 1289) 
4(654 655 1291 1290) 
4(655 656 1292 1291) 
4(656 657 1293 1292) 
4(657 658 1294 1293) 
4(658 659 1295 1294) 
4(659 660 1296 1295) 
4(660 661 1297 1296) 
4(661 662 1298 1297) 
4(662 663 1299 1298) 
4(663 664 1300 1299) 
4(664 665 1301 1300) 
4(665 666 1302 1301) 
4(666 667 1303 1302) 
4(667 668 1304 1303) 
4(668 669 1305 1304) 
4(669 670 1306 1305) 
4(670 671 1307 1306) 
4(671 672 1308 1307) 
4(672 673 1309 1308) 
4(673 674 1310 1309) 
4(674 675 1311 1310) 
4(675 676 1312 1311) 
4(676 677 1313 1312) 
4(677 678 1314 1313) 
4(678 679 1315 1314) 
4(679 680 1316 1315) 
4(680 681 1317 1316) 
4(681 682 1318 1317) 
4(682 683 1319 1318) 
4(683 684 1320 1319) 
4(684 685 1321 1320) 
4(685 686 1322 1321) 
4(686 687 1323 1322) 
4(687 688 1324 1323) 
4(688 689 1325 1324) 
4(689 690 1326 1325) 
4(690 691 1327 1326) 
4(691 692 1328 1327) 
4(692 693 1329 1328) 
4(693 694 1330 1329) 
4(694 695 1331 1330) 
4(695 696 1332 1331) 
4(696 697 1333 1332) 
4(697 698 1334 1333) 
4(698 699 1335 1334) 
4(699 700 1336 1335) 
4(700 701 1337 1336) 
4(701 702 1338 1337) 
4(702 703 1339 1338) 
4(703 704 1340 1339) 
4(704 705 1341 1340) 
4(705 706 1342 1341) 
4(706 707 1343 1342) 
4(707 708 1344 1343) 
4(708 709 1345 1344) 
4(709 710 1346 1345) 
4(710 711 1347 1346) 
4(711 712 1348 1347) 
4(712 713 1349 1348) 
4(713 714 1350 1349) 
4(714 715 1351 1350) 
4(715 716 1352 1351) 
4(716 717 1353 1352) 
4(717 718 1354 1353) 
4(718 719 1355 1354) 
4(719 720 1356 1355) 
4(720 721 1357 1356) 
4(721 722 1358 1357) 
4(722 723 1359 1358) 
4(723 724 1360 1359) 
4(724 725 1361 1360) 
4(725 726 1362 1361) 
4(726 727 1363 1362) 
4(727 728 1364 1363) 
4(728 729 1365 1364) 
4(729 730 1366 1365) 
4(730 731 1367 1366) 
4(731 732 1368 1367) 
4(732 733 1369 1368) 
4(733 734 1370 1369) 
4(734 735 1371 1370) 
4(735 736 1372 1371) 
4(736 737 1373 1372) 
4(737 738 1374 1373) 
4(738 739 1375 1374) 
4(739 740 1376 1375) 
4(740 741 1377 1376) 
4(741 742 1378 1377) 
4(742 743 1379 1378) 
4(743 744 1380 1379) 
4(744 745 1381 1380) 
4(745 746 1382 1381) 
4(746 747 1383 1382) 
4(747 748 1384 1383) 
4(748 749 1385 1384) 
4(749 750 1386 1385) 
4(750 751 1387 1386) 
4(751 752 1388 1387) 
4(752 753 1389 1388) 
4(753 754 1390 1389) 
4(754 755 1391 1390) 
4(755 756 1392 1391) 
4(756 757 1393 1392) 
4(757 758 1394 1393) 
4(758 759 1395 1394) 
4(759 760 1396 1395) 
4(760 761 1397 1396) 
4(761 762 1398 1397) 
4(762 763 1399 1398) 
4(763 764 1400 1399) 
4(764 765 1401 1400) 
4(765 766 1402 1401) 
4(766 767 1403 1402) 
4(767 768 1404 1403) 
4(768 769 1405 1404) 
4(769 770 1406 1405) 
4(770 771 1407 1406) 
4(771 772 1408 1407) 
4(772 773 1409 1408) 
4(773 774 1410 1409) 
4(774 775 1411 1410) 
4(775 776 1412 1411) 
4(776 777 1413 1412) 
4(777 778 1414 1413) 
4(778 779 1415 1414) 
4(779 780 1416 1415) 
4(780 781 1417 1416) 
4(781 782 1418 1417) 
4(782 783 1419 1418) 
4(783 784 1420 1419) 
4(784 785 1421 1420) 
4(785 786 1422 1421) 
4(786 787 1423 1422) 
4(787 788 1424 1423) 
4(788 789 1425 1424) 
4(789 790 1426 1425) 
4(790 791 1427 1426) 
4(791 792 1428 1427) 
4(792 793 1429 1428) 
4(793 794 1430 1429) 
4(794 795 1431 1430) 
4(795 796 1432 1431) 
4(796 797 1433 1432) 
4(797 798 1434 1433) 
4(798 799 1435 1434) 
4(799 800 1436 1435) 
4(800 801 1437 1436) 
4(801 802 1438 1437) 
4(802 803 1439 1438) 
4(803 804 1440 1439) 
4(804 805 1441 1440) 
4(805 806 1442 1441) 
4(806 807 1443 1442) 
4(807 808 1444 1443) 
4(808 809 1445 1444) 
4(809 810 1446 1445) 
4(810 811 1447 1446) 
4(811 812 1448 1447) 
4(812 813 1449 1448) 
4(813 814 1450 1449) 
4(814 815 1451 1450) 
4(815 816 1452 1451) 
4(816 817 1453 1452) 
4(817 818 1454 1453) 
4(818 819 1455 1454) 
4(819 820 1456 1455) 
4(820 821 1457 1456) 
4(821 822 1458 1457) 
4(822 823 1459 1458) 
4(823 824 1460 1459) 
4(824 825 1461 1460) 
4(825 826 1462 1461) 
4(826 827 1463 1462) 
4(827 828 1464 1463) 
4(828 829 1465 1464) 
4(829 830 1466 1465) 
4(830 831 1467 1466) 
4(831 832 1468 1467) 
4(832 833 1469 1468) 
4(833 834 1470 1469) 
4(834 835 1471 1470) 
4(835 836 1472 1471) 
4(836 837 1473 1472) 
4(837 838 1474 1473) 
4(838 839 1475 1474) 
4(839 840 1476 1475) 
4(840 841 1477 1476) 
4(841 842 1478 1477) 
4(842 843 1479 1478) 
4(843 844 1480 1479) 
4(844 845 1481 1480) 
4(845 846 1482 1481) 
4(846 847 1483 1482) 
4(847 848 1484 1483) 
4(848 849 1485 1484) 
4(849 850 1486 1485) 
4(850 851 1487 1486) 
4(851 852 1488 1487) 
4(852 853 1489 1488) 
4(853 854 1490 1489) 
4(854 855 1491 1490) 
4(855 856 1492 1491) 
4(856 857 1493 1492) 
4(857 858 1494 1493) 
4(858 859 1495 1494) 
4(859 860 1496 1495) 
4(860 861 1497 1496) 
4(861 862 1498 1497) 
4(862 863 1499 1498) 
4(863 864 1500 1499) 
4(864 865 1501 1500) 
4(865 866 1502 1501) 
4(866 867 1503 1502) 
4(867 868 1504 1503) 
4(868 869 1505 1504) 
4(869 870 1506 1505) 
4(870 871 1507 1506) 
4(871 872 1508 1507) 
4(872 873 1509 1508) 
4(873 874 1510 1509) 
4(874 875 1511 1510) 
4(875 876 1512 1511) 
4(876 877 1513 1512) 
4(877 878 1514 1513) 
4(878 879 1515 1514) 
4(879 880 1516 1515) 
4(880 881 1517 1516) 
4(881 882 1518 1517) 
4(882 883 1519 1518) 
4(883 884 1520 1519) 
4(884 885 1521 1520) 
4(885 886 1522 1521) 
4(886 887 1523 1522) 
4(887 888 1524 1523) 
4(888 889 1525 1524) 
4(889 890 1526 1525) 
4(890 891 1527 1526) 
4(891 892 1528 1527) 
4(892 893 1529 1528) 
4(893 894 1530 1529) 
4(894 895 1531 1530) 
4(895 896 1532 1531) 
4(896 897 1533 1532) 
4(897 898 1534 1533) 
4(898 899 1535 1534) 
4(899 900 1536 1535) 
4(900 901 1537 1536) 
4(901 902 1538 1537) 
4(902 903 1539 1538) 
4(903 904 1540 1539) 
4(904 905 1541 1540) 
4(905 906 1542 1541) 
4(906 907 1543 1542) 
4(907 908 1544 1543) 
4(908 909 1545 1544) 
4(909 910 1546 1545) 
4(910 911 1547 1546) 
4(911 912 1548 1547) 
4(912 913 1549 1548) 
4(913 914 1550 1549) 
4(914 915 1551 1550) 
4(915 916 1552 1551) 
4(916 917 1553 1552) 
4(917 918 1554 1553) 
4(918 919 1555 1554) 
4(919 920 1556 1555) 
4(920 921 1557 1556) 
4(921 922 1558 1557) 
4(922 923 1559 1558) 
4(923 924 1560 1559) 
4(924 925 1561 1560) 
4(925 926 1562 1561) 
4(926 927 1563 1562) 
4(927 928 1564 1563) 
4(928 929 1565 1564) 
4(929 930 1566 1565) 
4(930 931 1567 1566) 
4(931 932 1568 1567) 
4(932 933 1569 1568) 
4(933 934 1570 1569) 
4(934 935 1571 1570) 
4(935 936 1572 1571) 
4(936 937 1573 1572) 
4(937 938 1574 1573) 
4(938 939 1575 1574) 
4(939 940 1576 1575) 
4(940 941 1577 1576) 
4(941 942 1578 1577) 
4(942 943 1579 1578) 
4(943 944 1580 1579) 
4(944 945 1581 1580) 
4(945 946 1582 1581) 
4(946 947 1583 1582) 
4(947 948 1584 1583) 
4(948 949 1585 1584) 
4(949 950 1586 1585) 
4(950 951 1587 1586) 
4(951 952 1588 1587) 
4(952 953 1589 1588) 
4(953 954 1590 1589) 
4(954 955 1591 1590) 
4(955 956 1592 1591) 
4(956 957 1593 1592) 
4(957 958 1594 1593) 
4(958 959 1595 1594) 
4(959 960 1596 1595) 
4(960 961 1597 1596) 
4(961 962 1598 1597) 
4(962 963 1599 1598) 
4(963 964 1600 1599) 
4(964 965 1601 1600) 
4(965 966 1602 1601) 
4(966 967 1603 1602) 
4(967 968 1604 1603) 
4(968 969 1605 1604) 
4(969 970 1606 1605) 
4(970 971 1607 1606) 
4(971 972 1608 1607) 
4(972 973 1609 1608) 
4(973 974 1610 1609) 
4(974 975 1611 1610) 
4(975 976 1612 1611) 
4(976 977 1613 1612) 
4(977 978 1614 1613) 
4(978 979 1615 1614) 
4(979 980 1616 1615) 
4(980 981 1617 1616) 
4(981 982 1618 1617) 
4(982 983 1619 1618) 
4(983 984 1620 1619) 
4(984 985 1621 1620) 
4(985 986 1622 1621) 
4(986 987 1623 1622) 
4(987 988 1624 1623) 
4(988 989 1625 1624) 
4(989 990 1626 1625) 
4(990 991 1627 1626) 
4(991 992 1628 1627) 
4(992 993 1629 1628) 
4(993 994 1630 1629) 
4(994 995 1631 1630) 
4(995 996 1632 1631) 
4(996 997 1633 1632) 
4(997 998 1634 1633) 
4(998 999 1635 1634) 
4(999 1000 1636 1635) 
4(1000 1001 1637 1636) 
4(1001 1002 1638 1637) 
4(1002 1003 1639 1638) 
4(1003 1004 1640 1639) 
4(1004 1005 1641 1640) 
4(1005 1006 1642 1641) 
4(1006 1007 1643 1642) 
4(1007 1008 1644 1643) 
4(1008 1009 1645 1644) 
4(1009 1010 1646 1645) 
4(1010 1011 1647 1646) 
4(1011 1012 1648 1647) 
4(1012 1013 1649 1648) 
4(1013 1014 1650 1649) 
4(1014 1015 1651 1650) 
4(1015 1016 1652 1651) 
4(1016 1017 1653 1652) 
4(1017 1018 1654 1653) 
4(1018 1019 1655 1654) 
4(1019 1020 1656 1655) 
4(1020 1021 1657 1656) 
4(1021 1022 1658 1657) 
4(1022 1023 1659 1658) 
4(1023 1024 1660 1659) 
4(1024 1025 1661 1660) 
4(1025 1026 1662 1661) 
4(1026 1027 1663 1662) 
4(1027 1028 1664 1663) 
4(1028 1029 1665 1664) 
4(1029 1030 1666 1665) 
4(1030 1031 1667 1666) 
4(1031 1032 1668 1667) 
4(1032 1033 1669 1668) 
4(1033 1034 1670 1669) 
4(1034 1035 1671 1670) 
4(1035 1036 1672 1671) 
4(1036 1037 1673 1672) 
4(1037 1038 1674 1673) 
4(1038 1039 1675 1674) 
4(1039 1040 1676 1675) 
4(1040 1041 1677 1676) 
4(1041 1042 1678 1677) 
4(1042 1043 1679 1678) 
4(1043 1044 1680 1679) 
4(1044 1045 1681 1680) 
4(1045 1046 1682 1681) 
4(1046 1047 1683 1682) 
4(1047 1048 1684 1683) 
4(1048 1049 1685 1684) 
4(1049 1050 1686 1685) 
4(1050 1051 1687 1686) 
4(1051 1052 1688 1687) 
4(1052 1053 1689 1688) 
4(1053 1054 1690 1689) 
4(1054 1055 1691 1690) 
4(1055 1056 1692 1691) 
4(1056 1057 1693 1692) 
4(1057 1058 1694 1693) 
4(1058 1059 1695 1694) 
4(1059 1060 1696 1695) 
4(1060 1061 1697 1696) 
4(1061 1062 1698 1697) 
4(1062 1063 1699 1698) 
4(1063 1064 1700 1699) 
4(1064 1065 1701 1700) 
4(1065 1066 1702 1701) 
4(1066 1067 1703 1702) 
4(1067 1068 1704 1703) 
4(1068 1069 1705 1704) 
4(1069 1070 1706 1705) 
4(1070 1071 1707 1706) 
4(1071 1072 1708 1707) 
4(1072 1073 1709 1708) 
4(1073 1074 1710 1709) 
4(1074 1075 1711 1710) 
4(1075 1076 1712 1711) 
4(1076 1077 1713 1712) 
4(1077 1078 1714 1713) 
4(1078 1079 1715 1714) 
4(1079 1080 1716 1715) 
4(1080 1081 1717 1716) 
4(1081 1082 1718 1717) 
4(1082 1083 1719 1718) 
4(1083 1084 1720 1719) 
4(1084 1085 1721 1720) 
4(1085 1086 1722 1721) 
4(1086 1087 1723 1722) 
4(1087 1088 1724 1723) 
4(1088 1089 1725 1724) 
4(1089 1090 1726 1725) 
4(1090 1091 1727 1726) 
4(1091 1092 1728 1727) 
4(1092 1093 1729 1728) 
4(1093 1094 1730 1729) 
4(1094 1095 1731 1730) 
4(1095 1096 1732 1731) 
4(1096 1097 1733 1732) 
4(1097 1098 1734 1733) 
4(1098 1099 1735 1734) 
4(1099 1100 1736 1735) 
4(1100 1101 1737 1736) 
4(1101 1102 1738 1737) 
4(1102 1103 1739 1738) 
4(1103 1104 1740 1739) 
4(1104 1105 1741 1740) 
4(1105 1106 1742 1741) 
4(1106 1107 1743 1742) 
4(1107 1108 1744 1743) 
4(1108 1109 1745 1744) 
4(1109 1110 1746 1745) 
4(1110 1111 1747 1746) 
4(1111 1112 1748 1747) 
4(1112 1113 1749 1748) 
4(1113 1114 1750 1749) 
4(1114 1115 1751 1750) 
4(1115 1116 1752 1751) 
4(1116 1117 1753 1752) 
4(1117 1118 1754 1753) 
4(1118 1119 1755 1754) 
4(1119 1120 1756 1755) 
4(1120 1121 1757 1756) 
4(1121 1122 1758 1757) 
4(1122 1123 1759 1758) 
4(1123 1124 1760 1759) 
4(1124 1125 1761 1760) 
4(1125 1126 1762 1761) 
4(1126 1127 1763 1762) 
4(1127 1128 1764 1763) 
4(1128 1129 1765 1764) 
4(1129 1130 1766 1765) 
4(1130 1131 1767 1766) 
4(1131 1132 1768 1767) 
4(1132 1133 1769 1768) 
4(1133 1134 1770 1769) 
4(1134 1135 1771 1770) 
4(1135 1136 1772 1771) 
4(1136 1137 1773 1772) 
4(1137 1138 1774 1773) 
4(1138 1139 1775 1774) 
4(1139 1140 1776 1775) 
4(1140 1141 1777 1776) 
4(1141 1142 1778 1777) 
4(1142 1143 1779 1778) 
4(1143 1144 1780 1779) 
4(1144 1145 1781 1780) 
4(1145 1146 1782 1781) 
4(1146 1147 1783 1782) 
4(1147 1148 1784 1783) 
4(1148 1149 1785 1784) 
4(1149 1150 1786 1785) 
4(1150 1151 1787 1786) 
4(1151 1152 1788 1787) 
4(1152 1153 1789 1788) 
4(1153 1154 1790 1789) 
4(1154 1155 1791 1790) 
4(1155 1156 1792 1791) 
4(1156 1157 1793 1792) 
4(1157 1158 1794 1793) 
4(1158 1159 1795 1794) 
4(1159 1160 1796 1795) 
4(1160 1161 1797 1796) 
4(1161 1162 1798 1797) 
4(1162 1163 1799 1798) 
4(1163 1164 1800 1799) 
4(1164 1165 1801 1800) 
4(1165 1166 1802 1801) 
4(1166 1167 1803 1802) 
4(1167 1168 1804 1803) 
4(1168 1169 1805 1804) 
4(1169 1170 1806 1805) 
4(1170 1171 1807 1806) 
4(1171 1172 1808 1807) 
4(1172 1173 1809 1808) 
4(1173 1174 1810 1809) 
4(1174 1175 1811 1810) 
4(1175 1176 1812 1811) 
4(1176 1177 1813 1812) 
4(1177 1178 1814 1813) 
4(1178 1179 1815 1814) 
4(1179 1180 1816 1815) 
4(1180 1181 1817 1816) 
4(1181 1182 1818 1817) 
4(1182 1183 1819 1818) 
4(1183 1184 1820 1819) 
4(1184 1185 1821 1820) 
4(1185 1186 1822 1821) 
4(1186 1187 1823 1822) 
4(1187 1188 1824 1823) 
4(1188 1189 1825 1824) 
4(1189 1190 1826 1825) 
4(1190 1191 1827 1826) 
4(1191 1192 1828 1827) 
4(1192 1193 1829 1828) 
4(1193 1194 1830 1829) 
4(1194 1195 1831 1830) 
4(1195 1196 1832 1831) 
4(1196 1197 1833 1832) 
4(1197 1198 1834 1833) 
4(1198 1199 1835 1834) 
4(1199 1200 1836 1835) 
4(1200 1201 1837 1836) 
4(1201 1202 1838 1837) 
4(1202 1203 1839 1838) 
4(1203 1204 1840 1839) 
4(1204 1205 1841 1840) 
4(1205 1206 1842 1841) 
4(1206 1207 1843 1842) 
4(1207 1208 1844 1843) 
4(1208 1209 1845 1844) 
4(1209 1210 1846 1845) 
4(1210 1211 1847 1846) 
4(1211 1212 1848 1847) 
4(1212 1213 1849 1848) 
4(1213 1214 1850 1849) 
4(1214 1215 1851 1850) 
4(1215 1216 1852 1851) 
4(1216 1217 1853 1852) 
4(1217 1218 1854 1853) 
4(1218 1219 1855 1854) 
4(1219 1220 1856 1855) 
4(1220 1221 1857 1856) 
4(1221 1222 1858 1857) 
4(1222 1223 1859 1858) 
4(1223 1224 1860 1859) 
4(1224 1225 1861 1860) 
4(1225 1226 1862 1861) 
4(1226 1227 1863 1862) 
4(1227 1228 1864 1863) 
4(1228 1229 1865 1864) 
4(1229 1230 1866 1865) 
4(1230 1231 1867 1866) 
4(1231 1232 1868 1867) 
4(1232 1233 1869 1868) 
4(1233 1234 1870 1869) 
4(1234 1235 1871 1870) 
4(1235 1236 1872 1871) 
4(1236 1237 1873 1872) 
4(1237 1238 1874 1873) 
4(1238 1239 1875 1874) 
4(1239 1240 1876 1875) 
4(1240 1241 1877 1876) 
4(1241 1242 1878 1877) 
4(1242 1243 1879 1878) 
4(1243 1244 1880 1879) 
4(1244 1245 1881 1880) 
4(1245 1246 1882 1881) 
4(1246 1247 1883 1882) 
4(1247 1248 1884 1883) 
4(1248 1249 1885 1884) 
4(1249 1250 1886 1885) 
4(1250 1251 1887 1886) 
4(1251 1252 1888 1887) 
4(1252 1253 1889 1888) 
4(1253 1254 1890 1889) 
4(1254 1255 1891 1890) 
4(1255 1256 1892 1891) 
4(1256 1257 1893 1892) 
4(1257 1258 1894 1893) 
4(1258 1259 1895 1894) 
4(1259 1260 1896 1895) 
4(1260 1261 1897 1896) 
4(1261 1262 1898 1897) 
4(1262 1263 1899 1898) 
4(1263 1264 1900 1899) 
4(1264 1265 1901 1900) 
4(1265 1266 1902 1901) 
4(1266 1267 1903 1902) 
4(1267 1268 1904 1903) 
4(1268 1269 1905 1904) 
4(1269 1270 1906 1905) 
4(1270 1271 1907 1906) 
4(1271 1272 1908 1907) 
4(1272 1273 1909 1908) 
4(1273 1274 1910 1909) 
4(1274 1275 1911 1910) 
4(1275 1276 1912 1911) 
4(1276 1277 1913 1912) 
4(1277 1278 1914 1913) 
4(1278 1279 1915 1914) 
4(1279 1280 1916 1915) 
4(1280 1281 1917 1916) 
4(1281 1282 1918 1917) 
4(1282 1283 1919 1918) 
4(1283 1284 1920 1919) 
4(1284 1285 1921 1920) 
4(1285 1286 1922 1921) 
4(1286 1287 1923 1922) 
4(1287 1288 1924 1923) 
4(1288 1289 1925 1924) 
4(1289 1290 1926 1925) 
4(1290 1291 1927 1926) 
4(1291 1292 1928 1927) 
4(1292 1293 1929 1928) 
4(1293 1294 1930 1929) 
4(1294 1295 1931 1930) 
4(1295 1296 1932 1931) 
4(1296 1297 1933 1932) 
4(1297 1298 1934 1933) 
4(1298 1299 1935 1934) 
4(1299 1300 1936 1935) 
4(1300 1301 1937 1936) 
4(1301 1302 1938 1937) 
4(1302 1303 1939 1938) 
4(1303 1304 1940 1939) 
4(1304 1305 1941 1940) 
4(1305 1306 1942 1941) 
4(1306 1307 1943 1942) 
4(1307 1308 1944 1943) 
4(1308 1309 1945 1944) 
4(1309 1310 1946 1945) 
4(1310 1311 1947 1946) 
4(1311 1312 1948 1947) 
4(1312 1313 1949 1948) 
4(1313 1314 1950 1949) 
4(1314 1315 1951 1950) 
4(1315 1316 1952 1951) 
4(1316 1317 1953 1952) 
4(1317 1318 1954 1953) 
4(1318 1319 1955 1954) 
4(1319 1320 1956 1955) 
4(1320 1321 1957 1956) 
4(1321 1322 1958 1957) 
4(1322 1323 1959 1958) 
4(1323 1324 1960 1959) 
4(1324 1325 1961 1960) 
4(1325 1326 1962 1961) 
4(1326 1327 1963 1962) 
4(1327 1328 1964 1963) 
4(1328 1329 1965 1964) 
4(1329 1330 1966 1965) 
4(1330 1331 1967 1966) 
4(1331 1332 1968 1967) 
4(1332 1333 1969 1968) 
4(1333 1334 1970 1969) 
4(1334 1335 1971 1970) 
4(1335 1336 1972 1971) 
4(1336 1337 1973 1972) 
4(1337 1338 1974 1973) 
4(1338 1339 1975 1974) 
4(1339 1340 1976 1975) 
4(1340 1341 1977 1976) 
4(1341 1342 1978 1977) 
4(1342 1343 1979 1978) 
4(1343 1344 1980 1979) 
4(1344 1345 1981 1980) 
4(1345 1346 1982 1981) 
4(1346 1347 1983 1982) 
4(1347 1348 1984 1983) 
4(1348 1349 1985 1984) 
4(1349 1350 1986 1985) 
4(1350 1351 1987 1986) 
4(1351 1352 1988 1987) 
4(1352 1353 1989 1988) 
4(1353 1354 1990 1989) 
4(1354 1355 1991 1990) 
4(1355 1356 1992 1991) 
4(1356 1357 1993 1992) 
4(1357 1358 1994 1993) 
4(1358 1359 1995 1994) 
4(1359 1360 1996 1995) 
4(1360 1361 1997 1996) 
4(1361 1362 1998 1997) 
4(1362 1363 1999 1998) 
4(1363 1364 2000 1999) 
4(1364 1365 2001 2000) 
4(1365 1366 2002 2001) 
4(1366 1367 2003 2002) 
4(1367 1368 2004 2003) 
4(1368 1369 2005 2004) 
4(1369 1370 2006 2005) 
4(1370 1371 2007 2006) 
4(1371 1372 2008 2007) 
4(1372 1373 2009 2008) 
4(1373 1374 2010 2009) 
4(1374 1375 2011 2010) 
4(1375 1376 2012 2011) 
4(1376 1377 2013 2012) 
4(1377 1378 2014 2013) 
4(1378 1379 2015 2014) 
4(1379 1380 2016 2015) 
4(1380 1381 2017 2016) 
4(1381 1382 2018 2017) 
4(1382 1383 2019 2018) 
4(1383 1384 2020 2019) 
4(1384 1385 2021 2020) 
4(1385 1386 2022 2021) 
4(1386 1387 2023 2022) 
4(1387 1388 2024 2023) 
4(1388 1389 2025 2024) 
4(1389 1390 2026 2025) 
4(1390 1391 2027 2026) 
4(1391 1392 2028 2027) 
4(1392 1393 2029 2028) 
4(1393 1394 2030 2029) 
4(1394 1395 2031 2030) 
4(1395 1396 2032 2031) 
4(1396 1397 2033 2032) 
4(1397 1398 2034 2033) 
4(1398 1399 2035 2034) 
4(1399 1400 2036 2035) 
4(1400 1401 2037 2036) 
4(1401 1402 2038 2037) 
4(1402 1403 2039 2038) 
4(1403 1404 2040 2039) 
4(1404 1405 2041 2040) 
4(1405 1406 2042 2041) 
4(1406 1407 2043 2042) 
4(1407 1408 2044 2043) 
4(1408 1409 2045 2044) 
4(1409 1410 2046 2045) 
4(1410 1411 2047 2046) 
4(1411 1412 2048 2047) 
4(1412 1413 2049 2048) 
4(1413 1414 2050 2049) 
4(1414 1415 2051 2050) 
4(1415 1416 2052 2051) 
4(1416 1417 2053 2052) 
4(1417 1418 2054 2053) 
4(1418 1419 2055 2054) 
4(1419 1420 2056 2055) 
4(1420 1421 2057 2056) 
4(1421 1422 2058 2057) 
4(1422 1423 2059 2058) 
4(1423 1424 2060 2059) 
4(1424 1425 2061 2060) 
4(1425 1426 2062 2061) 
4(1426 1427 2063 2062) 
4(1427 1428 2064 2063) 
4(1428 1429 2065 2064) 
4(1429 1430 2066 2065) 
4(1430 1431 2067 2066) 
4(1431 1432 2068 2067) 
4(1432 1433 2069 2068) 
4(1433 1434 2070 2069) 
4(1434 1435 2071 2070) 
4(1435 1436 2072 2071) 
4(1436 1437 2073 2072) 
4(1437 1438 2074 2073) 
4(1438 1439 2075 2074) 
4(1439 1440 2076 2075) 
4(1440 1441 2077 2076) 
4(1441 1442 2078 2077) 
4(1442 1443 2079 2078) 
4(1443 1444 2080 2079) 
4(1444 1445 2081 2080) 
4(1445 1446 2082 2081) 
4(1446 1447 2083 2082) 
4(1447 1448 2084 2083) 
4(1448 1449 2085 2084) 
4(1449 1450 2086 2085) 
4(1450 1451 2087 2086) 
4(1451 1452 2088 2087) 
4(1452 1453 2089 2088) 
4(1453 1454 2090 2089) 
4(1454 1455 2091 2090) 
4(1455 1456 2092 2091) 
4(1456 1457 2093 2092) 
4(1457 1458 2094 2093) 
4(1458 1459 2095 2094) 
4(1459 1460 2096 2095) 
4(1460 1461 2097 2096) 
4(1461 1462 2098 2097) 
4(1462 1463 2099 2098) 
4(1463 1464 2100 2099) 
4(1464 1465 2101 2100) 
4(1465 1466 2102 2101) 
4(1466 1467 2103 2102) 
4(1467 1468 2104 2103) 
4(1468 1469 2105 2104) 
4(1469 1470 2106 2105) 
4(1470 1471 2107 2106) 
4(1471 1472 2108 2107) 
4(1472 1473 2109 2108) 
4(1473 1474 2110 2109) 
4(1474 1475 2111 2110) 
4(1475 1476 2112 2111) 
4(1476 1477 2113 2112) 
4(1477 1478 2114 2113) 
4(1478 1479 2115 2114) 
4(1479 1480 2116 2115) 
4(1480 1481 2117 2116) 
4(1481 1482 2118 2117) 
4(1482 1483 2119 2118) 
4(1483 1484 2120 2119) 
4(1484 1485 2121 2120) 
4(1485 1486 2122 2121) 
4(1486 1487 2123 2122) 
4(1487 1488 2124 2123) 
4(1488 1489 2125 2124) 
4(1489 1490 2126 2125) 
4(1490 1491 2127 2126) 
4(1491 1492 2128 2127) 
4(1492 1493 2129 2128) 
4(1493 1494 2130 2129) 
4(1494 1495 2131 2130) 
4(1495 1496 2132 2131) 
4(1496 1497 2133 2132) 
4(1497 1498 2134 2133) 
4(1498 1499 2135 2134) 
4(1499 1500 2136 2135) 
4(1500 1501 2137 2136) 
4(1501 1502 2138 2137) 
4(1502 1503 2139 2138) 
4(1503 1504 2140 2139) 
4(1504 1505 2141 2140) 
4(1505 1506 2142 2141) 
4(1506 1507 2143 2142) 
4(1507 1508 2144 2143) 
4(1508 1509 2145 2144) 
4(1509 1510 2146 2145) 
4(1510 1511 2147 2146) 
4(1511 1512 2148 2147) 
4(1512 1513 2149 2148) 
4(1513 1514 2150 2149) 
4(1514 1515 2151 2150) 
4(1515 1516 2152 2151) 
4(1516 1517 2153 2152) 
4(1517 1518 2154 2153) 
4(1518 1519 2155 2154) 
4(1519 1520 2156 2155) 
4(1520 1521 2157 2156) 
4(1521 1522 2158 2157) 
4(1522 1523 2159 2158) 
4(1523 1524 2160 2159) 
4(1524 1525 2161 2160) 
4(1525 1526 2162 2161) 
4(1526 1527 2163 2162) 
4(1527 1528 2164 2163) 
4(1528 1529 2165 2164) 
4(1529 1530 2166 2165) 
4(1530 1531 2167 2166) 
4(1531 1532 2168 2167) 
4(1532 1533 2169 2168) 
4(1533 1534 2170 2169) 
4(1534 1535 2171 2170) 
4(1535 1536 2172 2171) 
4(1536 1537 2173 2172) 
4(1537 1538 2174 2173) 
4(1538 1539 2175 2174) 
4(1539 1540 2176 2175) 
4(1540 1541 2177 2176) 
4(1541 1542 2178 2177) 
4(1542 1543 2179 2178) 
4(1543 1544 2180 2179) 
4(1544 1545 2181 2180) 
4(1545 1546 2182 2181) 
4(1546 1547 2183 2182) 
4(1547 1548 2184 2183) 
4(1548 1549 2185 2184) 
4(1549 1550 2186 2185) 
4(1550 1551 2187 2186) 
4(1551 1552 2188 2187) 
4(1552 1553 2189 2188) 
4(1553 1554 2190 2189) 
4(1554 1555 2191 2190) 
4(1555 1556 2192 2191) 
4(1556 1557 2193 2192) 
4(1557 1558 2194 2193) 
4(1558 1559 2195 2194) 
4(1559 1560 2196 2195) 
4(1560 1561 2197 2196) 
4(1561 1562 2198 2197) 
4(1562 1563 2199 2198) 
4(1563 1564 2200 2199) 
4(1564 1565 2201 2200) 
4(1565 1566 2202 2201) 
4(1566 1567 2203 2202) 
4(1567 1568 2204 2203) 
4(1568 1569 2205 2204) 
4(1569 1570 2206 2205) 
4(1570 1571 2207 2206) 
4(1571 1572 2208 2207) 
4(1572 1573 2209 2208) 
4(1573 1574 2210 2209) 
4(1574 1575 2211 2210) 
4(1575 1576 2212 2211) 
4(1576 1577 2213 2212) 
4(1577 1578 2214 2213) 
4(1578 1579 2215 2214) 
4(1579 1580 2216 2215) 
4(1580 1581 2217 2216) 
4(1581 1582 2218 2217) 
4(1582 1583 2219 2218) 
4(1583 1584 2220 2219) 
4(1584 1585 2221 2220) 
4(1585 1586 2222 2221) 
4(1586 1587 2223 2222) 
4(1587 1588 2224 2223) 
);  

