FoamFile 
{ 
    version     2.0; 
    format      ascii; 
    class       vectorField; 
    object      points; 
} 
// **********************************************************************// 
    
3178  
(   
(0.00 0.00 -8.00) 
(0.20 0.00 -8.00) 
(0.40 0.00 -8.00) 
(0.60 0.00 -8.00) 
(0.80 0.00 -8.00) 
(1.00 0.00 -8.00) 
(1.20 0.00 -8.00) 
(1.40 0.00 -8.00) 
(1.60 0.00 -8.00) 
(1.80 0.00 -8.00) 
(2.00 0.00 -8.00) 
(2.20 0.00 -8.00) 
(2.40 0.00 -8.00) 
(2.60 0.00 -8.00) 
(2.80 0.00 -8.00) 
(3.00 0.00 -8.00) 
(3.20 0.00 -8.00) 
(3.40 0.00 -8.00) 
(3.60 0.00 -8.00) 
(3.80 0.00 -8.00) 
(4.00 0.00 -8.00) 
(4.20 0.00 -8.00) 
(4.40 0.00 -8.00) 
(4.60 0.00 -8.00) 
(4.80 0.00 -8.00) 
(5.00 0.00 -8.00) 
(5.20 0.00 -8.00) 
(5.40 0.00 -8.00) 
(5.60 0.00 -8.00) 
(5.80 0.00 -8.00) 
(6.00 0.00 -8.00) 
(6.20 0.00 -8.00) 
(6.40 0.00 -8.00) 
(6.60 0.00 -8.00) 
(6.80 0.00 -8.00) 
(7.00 0.00 -8.00) 
(7.20 0.00 -8.00) 
(7.40 0.00 -8.00) 
(7.60 0.00 -8.00) 
(7.80 0.00 -8.00) 
(8.00 0.00 -8.00) 
(8.20 0.00 -8.00) 
(8.40 0.00 -8.00) 
(8.60 0.00 -8.00) 
(8.80 0.00 -8.00) 
(9.00 0.00 -8.00) 
(9.20 0.00 -8.00) 
(9.40 0.00 -8.00) 
(9.60 0.00 -8.00) 
(9.80 0.00 -8.00) 
(10.00 0.00 -8.00) 
(10.20 0.00 -8.00) 
(10.40 0.00 -8.00) 
(10.60 0.00 -8.00) 
(10.80 0.00 -8.00) 
(11.00 0.00 -8.00) 
(11.20 0.00 -8.00) 
(11.40 0.00 -8.00) 
(11.60 0.00 -8.00) 
(11.80 0.00 -8.00) 
(12.00 0.00 -8.00) 
(12.20 0.00 -8.00) 
(12.40 0.00 -8.00) 
(12.60 0.00 -8.00) 
(12.80 0.00 -8.00) 
(13.00 0.00 -8.00) 
(13.20 0.00 -8.00) 
(13.40 0.00 -8.00) 
(13.60 0.00 -8.00) 
(13.80 0.00 -8.00) 
(14.00 0.00 -8.00) 
(14.20 0.00 -8.00) 
(14.40 0.00 -8.00) 
(14.60 0.00 -8.00) 
(14.80 0.00 -8.00) 
(15.00 0.00 -8.00) 
(15.20 0.00 -8.00) 
(15.40 0.00 -8.00) 
(15.60 0.00 -8.00) 
(15.80 0.00 -8.00) 
(16.00 0.00 -8.00) 
(16.20 0.00 -8.00) 
(16.40 0.00 -8.00) 
(16.60 0.00 -8.00) 
(16.80 0.00 -8.00) 
(17.00 0.00 -8.00) 
(17.20 0.00 -8.00) 
(17.40 0.00 -8.00) 
(17.60 0.00 -8.00) 
(17.80 0.00 -8.00) 
(18.00 0.00 -8.00) 
(18.20 0.00 -8.00) 
(18.40 0.00 -8.00) 
(18.60 0.00 -8.00) 
(18.80 0.00 -8.00) 
(19.00 0.00 -8.00) 
(19.20 0.00 -8.00) 
(19.40 0.00 -8.00) 
(19.60 0.00 -8.00) 
(19.80 0.00 -8.00) 
(20.00 0.00 -8.00) 
(20.20 0.00 -8.00) 
(20.40 0.00 -8.00) 
(20.60 0.00 -8.00) 
(20.80 0.00 -8.00) 
(21.00 0.00 -8.00) 
(21.20 0.00 -8.00) 
(21.40 0.00 -8.00) 
(21.60 0.00 -8.00) 
(21.80 0.00 -8.00) 
(22.00 0.00 -8.00) 
(22.20 0.00 -8.00) 
(22.40 0.00 -8.00) 
(22.60 0.00 -8.00) 
(22.80 0.00 -8.00) 
(23.00 0.00 -8.00) 
(23.20 0.00 -8.00) 
(23.40 0.00 -8.00) 
(23.60 0.00 -8.00) 
(23.80 0.00 -8.00) 
(24.00 0.00 -8.00) 
(24.20 0.00 -8.00) 
(24.40 0.00 -8.00) 
(24.60 0.00 -8.00) 
(24.80 0.00 -8.00) 
(25.00 0.00 -8.00) 
(25.20 0.00 -8.00) 
(25.40 0.00 -8.00) 
(25.60 0.00 -8.00) 
(25.80 0.00 -8.00) 
(26.00 0.00 -8.00) 
(26.20 0.00 -8.00) 
(26.40 0.00 -8.00) 
(26.60 0.00 -8.00) 
(26.80 0.00 -8.00) 
(27.00 0.00 -8.00) 
(27.20 0.00 -8.00) 
(27.40 0.00 -8.00) 
(27.60 0.00 -8.00) 
(27.80 0.00 -8.00) 
(28.00 0.00 -8.00) 
(28.20 0.00 -8.00) 
(28.40 0.00 -8.00) 
(28.60 0.00 -8.00) 
(28.80 0.00 -8.00) 
(29.00 0.00 -8.00) 
(29.20 0.00 -8.00) 
(29.40 0.00 -8.00) 
(29.60 0.00 -8.00) 
(29.80 0.00 -8.00) 
(30.00 0.00 -8.00) 
(30.20 0.00 -8.00) 
(30.40 0.00 -8.00) 
(30.60 0.00 -8.00) 
(30.80 0.00 -8.00) 
(31.00 0.00 -8.00) 
(31.20 0.00 -8.00) 
(31.40 0.00 -8.00) 
(31.60 0.00 -8.00) 
(31.80 0.00 -8.00) 
(32.00 0.00 -8.00) 
(32.20 0.00 -8.00) 
(32.40 0.00 -8.00) 
(32.60 0.00 -8.00) 
(32.80 0.00 -8.00) 
(33.00 0.00 -8.00) 
(33.20 0.00 -8.00) 
(33.40 0.00 -8.00) 
(33.60 0.00 -8.00) 
(33.80 0.00 -8.00) 
(34.00 0.00 -8.00) 
(34.20 0.00 -8.00) 
(34.40 0.00 -8.00) 
(34.60 0.00 -8.00) 
(34.80 0.00 -8.00) 
(35.00 0.00 -8.00) 
(35.20 0.00 -8.00) 
(35.40 0.00 -8.00) 
(35.60 0.00 -8.00) 
(35.80 0.00 -8.00) 
(36.00 0.00 -8.00) 
(36.20 0.00 -8.00) 
(36.40 0.00 -8.00) 
(36.60 0.00 -8.00) 
(36.80 0.00 -8.00) 
(37.00 0.00 -8.00) 
(37.20 0.00 -8.00) 
(37.40 0.00 -8.00) 
(37.60 0.00 -8.00) 
(37.80 0.00 -8.00) 
(38.00 0.00 -8.00) 
(38.20 0.00 -8.00) 
(38.40 0.00 -8.00) 
(38.60 0.00 -8.00) 
(38.80 0.00 -8.00) 
(39.00 0.00 -8.00) 
(39.20 0.00 -8.00) 
(39.40 0.00 -8.00) 
(39.60 0.00 -8.00) 
(39.80 0.00 -8.00) 
(40.00 0.00 -8.00) 
(40.20 0.00 -8.00) 
(40.40 0.00 -8.00) 
(40.60 0.00 -8.00) 
(40.80 0.00 -8.00) 
(41.00 0.00 -8.00) 
(41.20 0.00 -8.00) 
(41.40 0.00 -8.00) 
(41.60 0.00 -8.00) 
(41.80 0.00 -8.00) 
(42.00 0.00 -8.00) 
(42.20 0.00 -8.00) 
(42.40 0.00 -8.00) 
(42.60 0.00 -8.00) 
(42.80 0.00 -8.00) 
(43.00 0.00 -8.00) 
(43.20 0.00 -8.00) 
(43.40 0.00 -8.00) 
(43.60 0.00 -8.00) 
(43.80 0.00 -8.00) 
(44.00 0.00 -8.00) 
(44.20 0.00 -8.00) 
(44.40 0.00 -8.00) 
(44.60 0.00 -8.00) 
(44.80 0.00 -8.00) 
(45.00 0.00 -8.00) 
(45.20 0.00 -8.00) 
(45.40 0.00 -8.00) 
(45.60 0.00 -8.00) 
(45.80 0.00 -8.00) 
(46.00 0.00 -8.00) 
(46.20 0.00 -8.00) 
(46.40 0.00 -8.00) 
(46.60 0.00 -8.00) 
(46.80 0.00 -8.00) 
(47.00 0.00 -8.00) 
(47.20 0.00 -8.00) 
(47.40 0.00 -8.00) 
(47.60 0.00 -8.00) 
(47.80 0.00 -8.00) 
(48.00 0.00 -8.00) 
(48.20 0.00 -8.00) 
(48.40 0.00 -8.00) 
(48.60 0.00 -8.00) 
(48.80 0.00 -8.00) 
(49.00 0.00 -8.00) 
(49.20 0.00 -8.00) 
(49.40 0.00 -8.00) 
(49.60 0.00 -8.00) 
(49.80 0.00 -8.00) 
(50.00 0.00 -8.00) 
(50.20 0.00 -8.00) 
(50.40 0.00 -8.00) 
(50.60 0.00 -8.00) 
(50.80 0.00 -8.00) 
(51.00 0.00 -8.00) 
(51.20 0.00 -8.00) 
(51.40 0.00 -8.00) 
(51.60 0.00 -8.00) 
(51.80 0.00 -8.00) 
(52.00 0.00 -8.00) 
(52.20 0.00 -8.00) 
(52.40 0.00 -8.00) 
(52.60 0.00 -8.00) 
(52.80 0.00 -8.00) 
(53.00 0.00 -8.00) 
(53.20 0.00 -8.00) 
(53.40 0.00 -8.00) 
(53.60 0.00 -8.00) 
(53.80 0.00 -8.00) 
(54.00 0.00 -8.00) 
(54.20 0.00 -8.00) 
(54.40 0.00 -8.00) 
(54.60 0.00 -8.00) 
(54.80 0.00 -8.00) 
(55.00 0.00 -8.00) 
(55.20 0.00 -8.00) 
(55.40 0.00 -8.00) 
(55.60 0.00 -8.00) 
(55.80 0.00 -8.00) 
(56.00 0.00 -8.00) 
(56.20 0.00 -8.00) 
(56.40 0.00 -8.00) 
(56.60 0.00 -8.00) 
(56.80 0.00 -8.00) 
(57.00 0.00 -8.00) 
(57.20 0.00 -8.00) 
(57.40 0.00 -8.00) 
(57.60 0.00 -8.00) 
(57.80 0.00 -8.00) 
(58.00 0.00 -8.00) 
(58.20 0.00 -8.00) 
(58.40 0.00 -8.00) 
(58.60 0.00 -8.00) 
(58.80 0.00 -8.00) 
(59.00 0.00 -8.00) 
(59.20 0.00 -8.00) 
(59.40 0.00 -8.00) 
(59.60 0.00 -8.00) 
(59.80 0.00 -8.00) 
(60.00 0.00 -8.00) 
(60.20 0.00 -8.00) 
(60.40 0.00 -8.00) 
(60.60 0.00 -8.00) 
(60.80 0.00 -8.00) 
(61.00 0.00 -8.00) 
(61.20 0.00 -8.00) 
(61.40 0.00 -8.00) 
(61.60 0.00 -8.00) 
(61.80 0.00 -8.00) 
(62.00 0.00 -8.00) 
(62.20 0.00 -8.00) 
(62.40 0.00 -8.00) 
(62.60 0.00 -8.00) 
(62.80 0.00 -8.00) 
(63.00 0.00 -8.00) 
(63.20 0.00 -8.00) 
(63.40 0.00 -8.00) 
(63.60 0.00 -8.00) 
(63.80 0.00 -8.00) 
(64.00 0.00 -8.00) 
(64.20 0.00 -8.00) 
(64.40 0.00 -8.00) 
(64.60 0.00 -8.00) 
(64.80 0.00 -8.00) 
(65.00 0.00 -8.00) 
(65.20 0.00 -8.00) 
(65.40 0.00 -8.00) 
(65.60 0.00 -8.00) 
(65.80 0.00 -8.00) 
(66.00 0.00 -8.00) 
(66.20 0.00 -8.00) 
(66.40 0.00 -8.00) 
(66.60 0.00 -8.00) 
(66.80 0.00 -8.00) 
(67.00 0.00 -8.00) 
(67.20 0.00 -8.00) 
(67.40 0.00 -8.00) 
(67.60 0.00 -8.00) 
(67.80 0.00 -8.00) 
(68.00 0.00 -8.00) 
(68.20 0.00 -8.00) 
(68.40 0.00 -8.00) 
(68.60 0.00 -8.00) 
(68.80 0.00 -8.00) 
(69.00 0.00 -8.00) 
(69.20 0.00 -8.00) 
(69.40 0.00 -8.00) 
(69.60 0.00 -8.00) 
(69.80 0.00 -8.00) 
(70.00 0.00 -8.00) 
(70.20 0.00 -8.00) 
(70.40 0.00 -8.00) 
(70.60 0.00 -8.00) 
(70.80 0.00 -8.00) 
(71.00 0.00 -8.00) 
(71.20 0.00 -8.00) 
(71.40 0.00 -8.00) 
(71.60 0.00 -8.00) 
(71.80 0.00 -8.00) 
(72.00 0.00 -8.00) 
(72.20 0.00 -8.00) 
(72.40 0.00 -8.00) 
(72.60 0.00 -8.00) 
(72.80 0.00 -8.00) 
(73.00 0.00 -8.00) 
(73.20 0.00 -8.00) 
(73.40 0.00 -8.00) 
(73.60 0.00 -8.00) 
(73.80 0.00 -8.00) 
(74.00 0.00 -8.00) 
(74.20 0.00 -8.00) 
(74.40 0.00 -8.00) 
(74.60 0.00 -8.00) 
(74.80 0.00 -8.00) 
(75.00 0.00 -8.00) 
(75.20 0.00 -8.00) 
(75.40 0.00 -8.00) 
(75.60 0.00 -8.00) 
(75.80 0.00 -8.00) 
(76.00 0.00 -8.00) 
(76.20 0.00 -8.00) 
(76.40 0.00 -8.00) 
(76.60 0.00 -8.00) 
(76.80 0.00 -8.00) 
(77.00 0.00 -8.00) 
(77.20 0.00 -8.00) 
(77.40 0.00 -8.00) 
(77.60 0.00 -8.00) 
(77.80 0.00 -8.00) 
(78.00 0.00 -8.00) 
(78.20 0.00 -8.00) 
(78.40 0.00 -8.00) 
(78.60 0.00 -8.00) 
(78.80 0.00 -8.00) 
(79.00 0.00 -8.00) 
(79.20 0.00 -8.00) 
(79.40 0.00 -8.00) 
(79.60 0.00 -8.00) 
(79.80 0.00 -8.00) 
(80.00 0.00 -8.00) 
(80.20 0.00 -8.00) 
(80.40 0.00 -8.00) 
(80.60 0.00 -8.00) 
(80.80 0.00 -8.00) 
(81.00 0.00 -8.00) 
(81.20 0.00 -8.00) 
(81.40 0.00 -8.00) 
(81.60 0.00 -8.00) 
(81.80 0.00 -8.00) 
(82.00 0.00 -8.00) 
(82.20 0.00 -8.00) 
(82.40 0.00 -8.00) 
(82.60 0.00 -8.00) 
(82.80 0.00 -8.00) 
(83.00 0.00 -8.00) 
(83.20 0.00 -8.00) 
(83.40 0.00 -8.00) 
(83.60 0.00 -8.00) 
(83.80 0.00 -8.00) 
(84.00 0.00 -8.00) 
(84.20 0.00 -8.00) 
(84.40 0.00 -8.00) 
(84.60 0.00 -8.00) 
(84.80 0.00 -8.00) 
(85.00 0.00 -8.00) 
(85.20 0.00 -8.00) 
(85.40 0.00 -8.00) 
(85.60 0.00 -8.00) 
(85.80 0.00 -8.00) 
(86.00 0.00 -8.00) 
(86.20 0.00 -8.00) 
(86.40 0.00 -8.00) 
(86.60 0.00 -8.00) 
(86.80 0.00 -8.00) 
(87.00 0.00 -8.00) 
(87.20 0.00 -8.00) 
(87.40 0.00 -8.00) 
(87.60 0.00 -8.00) 
(87.80 0.00 -8.00) 
(88.00 0.00 -8.00) 
(88.20 0.00 -8.00) 
(88.40 0.00 -8.00) 
(88.60 0.00 -8.00) 
(88.80 0.00 -8.00) 
(89.00 0.00 -8.00) 
(89.20 0.00 -8.00) 
(89.40 0.00 -8.00) 
(89.60 0.00 -8.00) 
(89.80 0.00 -8.00) 
(90.00 0.00 -8.00) 
(90.20 0.00 -8.00) 
(90.40 0.00 -8.00) 
(90.60 0.00 -8.00) 
(90.80 0.00 -8.00) 
(91.00 0.00 -8.00) 
(91.20 0.00 -8.00) 
(91.40 0.00 -8.00) 
(91.60 0.00 -8.00) 
(91.80 0.00 -8.00) 
(92.00 0.00 -8.00) 
(92.20 0.00 -8.00) 
(92.40 0.00 -8.00) 
(92.60 0.00 -8.00) 
(92.80 0.00 -8.00) 
(93.00 0.00 -8.00) 
(93.20 0.00 -8.00) 
(93.40 0.00 -8.00) 
(93.60 0.00 -8.00) 
(93.80 0.00 -8.00) 
(94.00 0.00 -8.00) 
(94.20 0.00 -8.00) 
(94.40 0.00 -8.00) 
(94.60 0.00 -8.00) 
(94.80 0.00 -8.00) 
(95.00 0.00 -8.00) 
(95.20 0.00 -8.00) 
(95.40 0.00 -8.00) 
(95.60 0.00 -8.00) 
(95.80 0.00 -8.00) 
(96.00 0.00 -8.00) 
(96.20 0.00 -8.00) 
(96.40 0.00 -8.00) 
(96.60 0.00 -8.00) 
(96.80 0.00 -8.00) 
(97.00 0.00 -8.00) 
(97.20 0.00 -8.00) 
(97.40 0.00 -8.00) 
(97.60 0.00 -8.00) 
(97.80 0.00 -8.00) 
(98.00 0.00 -8.00) 
(98.20 0.00 -8.00) 
(98.40 0.00 -8.00) 
(98.60 0.00 -8.00) 
(98.80 0.00 -8.00) 
(99.00 0.00 -8.00) 
(99.20 0.00 -8.00) 
(99.40 0.00 -8.00) 
(99.60 0.00 -8.00) 
(99.80 0.00 -8.00) 
(100.00 0.00 -8.00) 
(100.20 0.00 -8.00) 
(100.40 0.00 -8.00) 
(100.60 0.00 -8.00) 
(100.80 0.00 -8.00) 
(101.00 0.00 -8.00) 
(101.20 0.00 -8.00) 
(101.40 0.00 -8.00) 
(101.60 0.00 -8.00) 
(101.80 0.00 -8.00) 
(102.00 0.00 -8.00) 
(102.20 0.00 -8.00) 
(102.40 0.00 -8.00) 
(102.60 0.00 -8.00) 
(102.80 0.00 -8.00) 
(103.00 0.00 -8.00) 
(103.20 0.00 -8.00) 
(103.40 0.00 -8.00) 
(103.60 0.00 -8.00) 
(103.80 0.00 -8.00) 
(104.00 0.00 -8.00) 
(104.20 0.00 -8.00) 
(104.40 0.00 -8.00) 
(104.60 0.00 -8.00) 
(104.80 0.00 -8.00) 
(105.00 0.00 -8.00) 
(105.20 0.00 -8.00) 
(105.40 0.00 -8.00) 
(105.60 0.00 -8.00) 
(105.80 0.00 -8.00) 
(106.00 0.00 -8.00) 
(106.20 0.00 -8.00) 
(106.40 0.00 -8.00) 
(106.60 0.00 -8.00) 
(106.80 0.00 -8.00) 
(107.00 0.00 -8.00) 
(107.20 0.00 -8.00) 
(107.40 0.00 -8.00) 
(107.60 0.00 -8.00) 
(107.80 0.00 -8.00) 
(108.00 0.00 -8.00) 
(108.20 0.00 -8.00) 
(108.40 0.00 -8.00) 
(108.60 0.00 -8.00) 
(108.80 0.00 -8.00) 
(109.00 0.00 -8.00) 
(109.20 0.00 -8.00) 
(109.40 0.00 -8.00) 
(109.60 0.00 -8.00) 
(109.80 0.00 -8.00) 
(110.00 0.00 -8.00) 
(110.20 0.00 -8.00) 
(110.40 0.00 -8.00) 
(110.60 0.00 -8.00) 
(110.80 0.00 -8.00) 
(111.00 0.00 -8.00) 
(111.20 0.00 -8.00) 
(111.40 0.00 -8.00) 
(111.60 0.00 -8.00) 
(111.80 0.00 -8.00) 
(112.00 0.00 -8.00) 
(112.20 0.00 -8.00) 
(112.40 0.00 -8.00) 
(112.60 0.00 -8.00) 
(112.80 0.00 -8.00) 
(113.00 0.00 -8.00) 
(113.20 0.00 -8.00) 
(113.40 0.00 -8.00) 
(113.60 0.00 -8.00) 
(113.80 0.00 -8.00) 
(114.00 0.00 -8.00) 
(114.20 0.00 -8.00) 
(114.40 0.00 -8.00) 
(114.60 0.00 -8.00) 
(114.80 0.00 -8.00) 
(115.00 0.00 -8.00) 
(115.20 0.00 -8.00) 
(115.40 0.00 -8.00) 
(115.60 0.00 -8.00) 
(115.80 0.00 -8.00) 
(116.00 0.00 -8.00) 
(116.20 0.00 -8.00) 
(116.40 0.00 -8.00) 
(116.60 0.00 -8.00) 
(116.80 0.00 -8.00) 
(117.00 0.00 -8.00) 
(117.20 0.00 -8.00) 
(117.40 0.00 -8.00) 
(117.60 0.00 -8.00) 
(117.80 0.00 -8.00) 
(118.00 0.00 -8.00) 
(118.20 0.00 -8.00) 
(118.40 0.00 -8.00) 
(118.60 0.00 -8.00) 
(118.80 0.00 -8.00) 
(119.00 0.00 -8.00) 
(119.20 0.00 -8.00) 
(119.40 0.00 -8.00) 
(119.60 0.00 -8.00) 
(119.80 0.00 -8.00) 
(120.00 0.00 -8.00) 
(120.20 0.00 -8.00) 
(120.40 0.00 -8.00) 
(120.60 0.00 -8.00) 
(120.80 0.00 -8.00) 
(121.00 0.00 -8.00) 
(121.20 0.00 -8.00) 
(121.40 0.00 -8.00) 
(121.60 0.00 -8.00) 
(121.80 0.00 -8.00) 
(122.00 0.00 -8.00) 
(122.20 0.00 -8.00) 
(122.40 0.00 -8.00) 
(122.60 0.00 -8.00) 
(122.80 0.00 -8.00) 
(123.00 0.00 -8.00) 
(123.20 0.00 -8.00) 
(123.40 0.00 -8.00) 
(123.60 0.00 -8.00) 
(123.80 0.00 -8.00) 
(124.00 0.00 -8.00) 
(124.20 0.00 -8.00) 
(124.40 0.00 -8.00) 
(124.60 0.00 -8.00) 
(124.80 0.00 -8.00) 
(125.00 0.00 -8.00) 
(125.20 0.00 -8.00) 
(125.40 0.00 -8.00) 
(125.60 0.00 -8.00) 
(125.80 0.00 -8.00) 
(126.00 0.00 -8.00) 
(126.20 0.00 -8.00) 
(126.40 0.00 -8.00) 
(126.60 0.00 -8.00) 
(126.80 0.00 -8.00) 
(127.00 0.00 -8.00) 
(127.20 0.00 -8.00) 
(127.40 0.00 -8.00) 
(127.60 0.00 -8.00) 
(127.80 0.00 -8.00) 
(128.00 0.00 -8.00) 
(128.20 0.00 -8.00) 
(128.40 0.00 -8.00) 
(128.60 0.00 -8.00) 
(128.80 0.00 -8.00) 
(129.00 0.00 -8.00) 
(129.20 0.00 -8.00) 
(129.40 0.00 -8.00) 
(129.60 0.00 -8.00) 
(129.80 0.00 -8.00) 
(130.00 0.00 -8.00) 
(130.20 0.00 -8.00) 
(130.40 0.00 -8.00) 
(130.60 0.00 -8.00) 
(130.80 0.00 -8.00) 
(131.00 0.00 -8.00) 
(131.20 0.00 -8.00) 
(131.40 0.00 -8.00) 
(131.60 0.00 -8.00) 
(131.80 0.00 -8.00) 
(132.00 0.00 -8.00) 
(132.20 0.00 -8.00) 
(132.40 0.00 -8.00) 
(132.60 0.00 -8.00) 
(132.80 0.00 -8.00) 
(133.00 0.00 -8.00) 
(133.20 0.00 -8.00) 
(133.40 0.00 -8.00) 
(133.60 0.00 -8.00) 
(133.80 0.00 -8.00) 
(134.00 0.00 -8.00) 
(134.20 0.00 -8.00) 
(134.40 0.00 -8.00) 
(134.60 0.00 -8.00) 
(134.80 0.00 -8.00) 
(135.00 0.00 -8.00) 
(135.20 0.00 -8.00) 
(135.40 0.00 -8.00) 
(135.60 0.00 -8.00) 
(135.80 0.00 -8.00) 
(136.00 0.00 -8.00) 
(136.20 0.00 -8.00) 
(136.40 0.00 -8.00) 
(136.60 0.00 -8.00) 
(136.80 0.00 -8.00) 
(137.00 0.00 -8.00) 
(137.20 0.00 -8.00) 
(137.40 0.00 -8.00) 
(137.60 0.00 -8.00) 
(137.80 0.00 -8.00) 
(138.00 0.00 -8.00) 
(138.20 0.00 -8.00) 
(138.40 0.00 -8.00) 
(138.60 0.00 -8.00) 
(138.80 0.00 -8.00) 
(139.00 0.00 -8.00) 
(139.20 0.00 -8.00) 
(139.40 0.00 -8.00) 
(139.60 0.00 -8.00) 
(139.80 0.00 -8.00) 
(140.00 0.00 -8.00) 
(140.20 0.00 -8.00) 
(140.40 0.00 -8.00) 
(140.60 0.00 -8.00) 
(140.80 0.00 -8.00) 
(141.00 0.00 -8.00) 
(141.20 0.00 -8.00) 
(141.40 0.00 -8.00) 
(141.60 0.00 -8.00) 
(141.80 0.00 -8.00) 
(142.00 0.00 -8.00) 
(142.20 0.00 -8.00) 
(142.40 0.00 -8.00) 
(142.60 0.00 -8.00) 
(142.80 0.00 -8.00) 
(143.00 0.00 -8.00) 
(143.20 0.00 -8.00) 
(143.40 0.00 -8.00) 
(143.60 0.00 -8.00) 
(143.80 0.00 -8.00) 
(144.00 0.00 -8.00) 
(144.20 0.00 -8.00) 
(144.40 0.00 -8.00) 
(144.60 0.00 -8.00) 
(144.80 0.00 -8.00) 
(145.00 0.00 -8.00) 
(145.20 0.00 -8.00) 
(145.40 0.00 -8.00) 
(145.60 0.00 -8.00) 
(145.80 0.00 -8.00) 
(146.00 0.00 -8.00) 
(146.20 0.00 -8.00) 
(146.40 0.00 -8.00) 
(146.60 0.00 -8.00) 
(146.80 0.00 -8.00) 
(147.00 0.00 -8.00) 
(147.20 0.00 -8.00) 
(147.40 0.00 -8.00) 
(147.60 0.00 -8.00) 
(147.80 0.00 -8.00) 
(148.00 0.00 -8.00) 
(148.20 0.00 -8.00) 
(148.40 0.00 -8.00) 
(148.60 0.00 -8.00) 
(148.80 0.00 -8.00) 
(149.00 0.00 -8.00) 
(149.20 0.00 -8.00) 
(149.40 0.00 -8.00) 
(149.60 0.00 -8.00) 
(149.80 0.00 -8.00) 
(150.00 0.00 -8.00) 
(150.20 0.00 -8.00) 
(150.40 0.00 -8.00) 
(150.60 0.00 -8.00) 
(150.80 0.00 -8.00) 
(151.00 0.00 -8.00) 
(151.20 0.00 -8.00) 
(151.40 0.00 -8.00) 
(151.60 0.00 -8.00) 
(151.80 0.00 -8.00) 
(152.00 0.00 -8.00) 
(152.20 0.00 -8.00) 
(152.40 0.00 -8.00) 
(152.60 0.00 -8.00) 
(152.80 0.00 -8.00) 
(153.00 0.00 -8.00) 
(153.20 0.00 -8.00) 
(153.40 0.00 -8.00) 
(153.60 0.00 -8.00) 
(153.80 0.00 -8.00) 
(154.00 0.00 -8.00) 
(154.20 0.00 -8.00) 
(154.40 0.00 -8.00) 
(154.60 0.00 -8.00) 
(154.80 0.00 -8.00) 
(155.00 0.00 -8.00) 
(155.20 0.00 -8.00) 
(155.40 0.00 -8.00) 
(155.60 0.00 -8.00) 
(155.80 0.00 -8.00) 
(156.00 0.00 -8.00) 
(156.20 0.00 -8.00) 
(156.40 0.00 -8.00) 
(156.60 0.00 -8.00) 
(156.80 0.00 -8.00) 
(157.00 0.00 -8.00) 
(157.20 0.00 -8.00) 
(157.40 0.00 -8.00) 
(157.60 0.00 -8.00) 
(157.80 0.00 -8.00) 
(158.00 0.00 -8.00) 
(158.20 0.00 -8.00) 
(158.40 0.00 -8.00) 
(158.60 0.00 -8.00) 
(158.80 0.00 -8.00) 
(159.00 0.00 -8.00) 
(159.20 0.00 -8.00) 
(159.40 0.00 -8.00) 
(159.60 0.00 -8.00) 
(159.80 0.00 -8.00) 
(160.00 0.00 -8.00) 
(160.20 0.00 -8.00) 
(160.40 0.00 -8.00) 
(160.60 0.00 -8.00) 
(160.80 0.00 -8.00) 
(161.00 0.00 -8.00) 
(161.20 0.00 -8.00) 
(161.40 0.00 -8.00) 
(161.60 0.00 -8.00) 
(161.80 0.00 -8.00) 
(162.00 0.00 -8.00) 
(162.20 0.00 -8.00) 
(162.40 0.00 -8.00) 
(162.60 0.00 -8.00) 
(162.80 0.00 -8.00) 
(163.00 0.00 -8.00) 
(163.20 0.00 -8.00) 
(163.40 0.00 -8.00) 
(163.60 0.00 -8.00) 
(163.80 0.00 -8.00) 
(164.00 0.00 -8.00) 
(164.20 0.00 -8.00) 
(164.40 0.00 -8.00) 
(164.60 0.00 -8.00) 
(164.80 0.00 -8.00) 
(165.00 0.00 -8.00) 
(165.20 0.00 -8.00) 
(165.40 0.00 -8.00) 
(165.60 0.00 -8.00) 
(165.80 0.00 -8.00) 
(166.00 0.00 -8.00) 
(166.20 0.00 -8.00) 
(166.40 0.00 -8.00) 
(166.60 0.00 -8.00) 
(166.80 0.00 -8.00) 
(167.00 0.00 -8.00) 
(167.20 0.00 -8.00) 
(167.40 0.00 -8.00) 
(167.60 0.00 -8.00) 
(167.80 0.00 -8.00) 
(168.00 0.00 -8.00) 
(168.20 0.00 -8.00) 
(168.40 0.00 -8.00) 
(168.60 0.00 -8.00) 
(168.80 0.00 -8.00) 
(169.00 0.00 -8.00) 
(169.20 0.00 -8.00) 
(169.40 0.00 -8.00) 
(169.60 0.00 -8.00) 
(169.80 0.00 -8.00) 
(170.00 0.00 -8.00) 
(170.20 0.00 -8.00) 
(170.40 0.00 -8.00) 
(170.60 0.00 -8.00) 
(170.80 0.00 -8.00) 
(171.00 0.00 -8.00) 
(171.20 0.00 -8.00) 
(171.40 0.00 -8.00) 
(171.60 0.00 -8.00) 
(171.80 0.00 -8.00) 
(172.00 0.00 -8.00) 
(172.20 0.00 -8.00) 
(172.40 0.00 -8.00) 
(172.60 0.00 -8.00) 
(172.80 0.00 -8.00) 
(173.00 0.00 -8.00) 
(173.20 0.00 -8.00) 
(173.40 0.00 -8.00) 
(173.60 0.00 -8.00) 
(173.80 0.00 -8.00) 
(174.00 0.00 -8.00) 
(174.20 0.00 -8.00) 
(174.40 0.00 -8.00) 
(174.60 0.00 -8.00) 
(174.80 0.00 -8.00) 
(175.00 0.00 -8.00) 
(175.20 0.00 -8.00) 
(175.40 0.00 -8.00) 
(175.60 0.00 -8.00) 
(175.80 0.00 -8.00) 
(176.00 0.00 -8.00) 
(176.20 0.00 -8.00) 
(176.40 0.00 -8.00) 
(176.60 0.00 -8.00) 
(176.80 0.00 -8.00) 
(177.00 0.00 -8.00) 
(177.20 0.00 -8.00) 
(177.40 0.00 -8.00) 
(177.60 0.00 -8.00) 
(177.80 0.00 -8.00) 
(178.00 0.00 -8.00) 
(178.20 0.00 -8.00) 
(178.40 0.00 -8.00) 
(178.60 0.00 -8.00) 
(178.80 0.00 -8.00) 
(179.00 0.00 -8.00) 
(179.20 0.00 -8.00) 
(179.40 0.00 -8.00) 
(179.60 0.00 -8.00) 
(179.80 0.00 -8.00) 
(180.00 0.00 -8.00) 
(180.20 0.00 -8.00) 
(180.40 0.00 -8.00) 
(180.60 0.00 -8.00) 
(180.80 0.00 -8.00) 
(181.00 0.00 -8.00) 
(181.20 0.00 -8.00) 
(181.40 0.00 -8.00) 
(181.60 0.00 -8.00) 
(181.80 0.00 -8.00) 
(182.00 0.00 -8.00) 
(182.20 0.00 -8.00) 
(182.40 0.00 -8.00) 
(182.60 0.00 -8.00) 
(182.80 0.00 -8.00) 
(183.00 0.00 -8.00) 
(183.20 0.00 -8.00) 
(183.40 0.00 -8.00) 
(183.60 0.00 -8.00) 
(183.80 0.00 -8.00) 
(184.00 0.00 -8.00) 
(184.20 0.00 -8.00) 
(184.40 0.00 -8.00) 
(184.60 0.00 -8.00) 
(184.80 0.00 -8.00) 
(185.00 0.00 -8.00) 
(185.20 0.00 -8.00) 
(185.40 0.00 -8.00) 
(185.60 0.00 -8.00) 
(185.80 0.00 -8.00) 
(186.00 0.00 -8.00) 
(186.20 0.00 -8.00) 
(186.40 0.00 -8.00) 
(186.60 0.00 -8.00) 
(186.80 0.00 -8.00) 
(187.00 0.00 -8.00) 
(187.20 0.00 -8.00) 
(187.40 0.00 -8.00) 
(187.60 0.00 -8.00) 
(187.80 0.00 -8.00) 
(188.00 0.00 -8.00) 
(188.20 0.00 -8.00) 
(188.40 0.00 -8.00) 
(188.60 0.00 -8.00) 
(188.80 0.00 -8.00) 
(189.00 0.00 -8.00) 
(189.20 0.00 -8.00) 
(189.40 0.00 -8.00) 
(189.60 0.00 -8.00) 
(189.80 0.00 -8.00) 
(190.00 0.00 -8.00) 
(190.20 0.00 -8.00) 
(190.40 0.00 -8.00) 
(190.60 0.00 -8.00) 
(190.80 0.00 -8.00) 
(191.00 0.00 -8.00) 
(191.20 0.00 -8.00) 
(191.40 0.00 -8.00) 
(191.60 0.00 -8.00) 
(191.80 0.00 -8.00) 
(192.00 0.00 -8.00) 
(192.20 0.00 -8.00) 
(192.40 0.00 -8.00) 
(192.60 0.00 -8.00) 
(192.80 0.00 -8.00) 
(193.00 0.00 -8.00) 
(193.20 0.00 -8.00) 
(193.40 0.00 -8.00) 
(193.60 0.00 -8.00) 
(193.80 0.00 -8.00) 
(194.00 0.00 -8.00) 
(194.20 0.00 -8.00) 
(194.40 0.00 -8.00) 
(194.60 0.00 -8.00) 
(194.80 0.00 -8.00) 
(195.00 0.00 -8.00) 
(195.20 0.00 -8.00) 
(195.40 0.00 -8.00) 
(195.60 0.00 -8.00) 
(195.80 0.00 -8.00) 
(196.00 0.00 -8.00) 
(196.20 0.00 -8.00) 
(196.40 0.00 -8.00) 
(196.60 0.00 -8.00) 
(196.80 0.00 -8.00) 
(197.00 0.00 -8.00) 
(197.20 0.00 -8.00) 
(197.40 0.00 -8.00) 
(197.60 0.00 -8.00) 
(197.80 0.00 -8.00) 
(198.00 0.00 -8.00) 
(198.20 0.00 -8.00) 
(198.40 0.00 -8.00) 
(198.60 0.00 -8.00) 
(198.80 0.00 -8.00) 
(199.00 0.00 -8.00) 
(199.20 0.00 -8.00) 
(199.40 0.00 -8.00) 
(199.60 0.00 -8.00) 
(199.80 0.00 -8.00) 
(200.00 0.00 -8.00) 
(200.20 0.00 -8.00) 
(200.40 0.00 -8.00) 
(200.60 0.00 -8.00) 
(200.80 0.00 -8.00) 
(201.00 0.00 -8.00) 
(201.20 0.00 -8.00) 
(201.40 0.00 -8.00) 
(201.60 0.00 -8.00) 
(201.80 0.00 -8.00) 
(202.00 0.00 -8.00) 
(202.20 0.00 -8.00) 
(202.40 0.00 -8.00) 
(202.60 0.00 -8.00) 
(202.80 0.00 -8.00) 
(203.00 0.00 -8.00) 
(203.20 0.00 -8.00) 
(203.40 0.00 -8.00) 
(203.60 0.00 -8.00) 
(203.80 0.00 -8.00) 
(204.00 0.00 -8.00) 
(204.20 0.00 -8.00) 
(204.40 0.00 -8.00) 
(204.60 0.00 -8.00) 
(204.80 0.00 -8.00) 
(205.00 0.00 -8.00) 
(205.20 0.00 -8.00) 
(205.40 0.00 -8.00) 
(205.60 0.00 -8.00) 
(205.80 0.00 -8.00) 
(206.00 0.00 -8.00) 
(206.20 0.00 -8.00) 
(206.40 0.00 -8.00) 
(206.60 0.00 -8.00) 
(206.80 0.00 -8.00) 
(207.00 0.00 -8.00) 
(207.20 0.00 -8.00) 
(207.40 0.00 -8.00) 
(207.60 0.00 -8.00) 
(207.80 0.00 -8.00) 
(208.00 0.00 -8.00) 
(208.20 0.00 -8.00) 
(208.40 0.00 -8.00) 
(208.60 0.00 -8.00) 
(208.80 0.00 -8.00) 
(209.00 0.00 -8.00) 
(209.20 0.00 -8.00) 
(209.40 0.00 -8.00) 
(209.60 0.00 -8.00) 
(209.80 0.00 -8.00) 
(210.00 0.00 -8.00) 
(210.20 0.00 -8.00) 
(210.40 0.00 -8.00) 
(210.60 0.00 -8.00) 
(210.80 0.00 -8.00) 
(211.00 0.00 -8.00) 
(211.20 0.00 -8.00) 
(211.40 0.00 -8.00) 
(211.60 0.00 -8.00) 
(211.80 0.00 -8.00) 
(212.00 0.00 -8.00) 
(212.20 0.00 -8.00) 
(212.40 0.00 -8.00) 
(212.60 0.00 -8.00) 
(212.80 0.00 -8.00) 
(213.00 0.00 -8.00) 
(213.20 0.00 -8.00) 
(213.40 0.00 -8.00) 
(213.60 0.00 -8.00) 
(213.80 0.00 -8.00) 
(214.00 0.00 -8.00) 
(214.20 0.00 -8.00) 
(214.40 0.00 -8.00) 
(214.60 0.00 -8.00) 
(214.80 0.00 -8.00) 
(215.00 0.00 -8.00) 
(215.20 0.00 -8.00) 
(215.40 0.00 -8.00) 
(215.60 0.00 -8.00) 
(215.80 0.00 -8.00) 
(216.00 0.00 -8.00) 
(216.20 0.00 -8.00) 
(216.40 0.00 -8.00) 
(216.60 0.00 -8.00) 
(216.80 0.00 -8.00) 
(217.00 0.00 -8.00) 
(217.20 0.00 -8.00) 
(217.40 0.00 -8.00) 
(217.60 0.00 -8.00) 
(217.80 0.00 -8.00) 
(218.00 0.00 -8.00) 
(218.20 0.00 -8.00) 
(218.40 0.00 -8.00) 
(218.60 0.00 -8.00) 
(218.80 0.00 -8.00) 
(219.00 0.00 -8.00) 
(219.20 0.00 -8.00) 
(219.40 0.00 -8.00) 
(219.60 0.00 -8.00) 
(219.80 0.00 -8.00) 
(220.00 0.00 -8.00) 
(220.20 0.00 -8.00) 
(220.40 0.00 -8.00) 
(220.60 0.00 -8.00) 
(220.80 0.00 -8.00) 
(221.00 0.00 -8.00) 
(221.20 0.00 -8.00) 
(221.40 0.00 -8.00) 
(221.60 0.00 -8.00) 
(221.80 0.00 -8.00) 
(222.00 0.00 -8.00) 
(222.20 0.00 -8.00) 
(222.40 0.00 -8.00) 
(222.60 0.00 -8.00) 
(222.80 0.00 -8.00) 
(223.00 0.00 -8.00) 
(223.20 0.00 -8.00) 
(223.40 0.00 -8.00) 
(223.60 0.00 -8.00) 
(223.80 0.00 -8.00) 
(224.00 0.00 -8.00) 
(224.20 0.00 -8.00) 
(224.40 0.00 -8.00) 
(224.60 0.00 -8.00) 
(224.80 0.00 -8.00) 
(225.00 0.00 -8.00) 
(225.20 0.00 -8.00) 
(225.40 0.00 -8.00) 
(225.60 0.00 -8.00) 
(225.80 0.00 -8.00) 
(226.00 0.00 -8.00) 
(226.20 0.00 -8.00) 
(226.40 0.00 -8.00) 
(226.60 0.00 -8.00) 
(226.80 0.00 -8.00) 
(227.00 0.00 -8.00) 
(227.20 0.00 -8.00) 
(227.40 0.00 -8.00) 
(227.60 0.00 -8.00) 
(227.80 0.00 -8.00) 
(228.00 0.00 -8.00) 
(228.20 0.00 -8.00) 
(228.40 0.00 -8.00) 
(228.60 0.00 -8.00) 
(228.80 0.00 -8.00) 
(229.00 0.00 -8.00) 
(229.20 0.00 -8.00) 
(229.40 0.00 -8.00) 
(229.60 0.00 -8.00) 
(229.80 0.00 -8.00) 
(230.00 0.00 -8.00) 
(230.20 0.00 -8.00) 
(230.40 0.00 -8.00) 
(230.60 0.00 -8.00) 
(230.80 0.00 -8.00) 
(231.00 0.00 -8.00) 
(231.20 0.00 -8.00) 
(231.40 0.00 -8.00) 
(231.60 0.00 -8.00) 
(231.80 0.00 -8.00) 
(232.00 0.00 -8.00) 
(232.20 0.00 -8.00) 
(232.40 0.00 -8.00) 
(232.60 0.00 -8.00) 
(232.80 0.00 -8.00) 
(233.00 0.00 -8.00) 
(233.20 0.00 -8.00) 
(233.40 0.00 -8.00) 
(233.60 0.00 -8.00) 
(233.80 0.00 -8.00) 
(234.00 0.00 -8.00) 
(234.20 0.00 -8.00) 
(234.40 0.00 -8.00) 
(234.60 0.00 -8.00) 
(234.80 0.00 -8.00) 
(235.00 0.00 -8.00) 
(235.20 0.00 -8.00) 
(235.40 0.00 -8.00) 
(235.60 0.00 -8.00) 
(235.80 0.00 -8.00) 
(236.00 0.00 -8.00) 
(236.20 0.00 -8.00) 
(236.40 0.00 -8.00) 
(236.60 0.00 -8.00) 
(236.80 0.00 -8.00) 
(237.00 0.00 -8.00) 
(237.20 0.00 -8.00) 
(237.40 0.00 -8.00) 
(237.60 0.00 -8.00) 
(237.80 0.00 -8.00) 
(238.00 0.00 -8.00) 
(238.20 0.00 -8.00) 
(238.40 0.00 -8.00) 
(238.60 0.00 -8.00) 
(238.80 0.00 -8.00) 
(239.00 0.00 -8.00) 
(239.20 0.00 -8.00) 
(239.40 0.00 -8.00) 
(239.60 0.00 -8.00) 
(239.80 0.00 -8.00) 
(240.00 0.00 -8.00) 
(240.20 0.00 -8.00) 
(240.40 0.00 -8.00) 
(240.60 0.00 -8.00) 
(240.80 0.00 -8.00) 
(241.00 0.00 -8.00) 
(241.20 0.00 -8.00) 
(241.40 0.00 -8.00) 
(241.60 0.00 -8.00) 
(241.80 0.00 -8.00) 
(242.00 0.00 -8.00) 
(242.20 0.00 -8.00) 
(242.40 0.00 -8.00) 
(242.60 0.00 -8.00) 
(242.80 0.00 -8.00) 
(243.00 0.00 -8.00) 
(243.20 0.00 -8.00) 
(243.40 0.00 -8.00) 
(243.60 0.00 -8.00) 
(243.80 0.00 -8.00) 
(244.00 0.00 -8.00) 
(244.20 0.00 -8.00) 
(244.40 0.00 -8.00) 
(244.60 0.00 -8.00) 
(244.80 0.00 -8.00) 
(245.00 0.00 -8.00) 
(245.20 0.00 -8.00) 
(245.40 0.00 -8.00) 
(245.60 0.00 -8.00) 
(245.80 0.00 -8.00) 
(246.00 0.00 -8.00) 
(246.20 0.00 -8.00) 
(246.40 0.00 -8.00) 
(246.60 0.00 -8.00) 
(246.80 0.00 -8.00) 
(247.00 0.00 -8.00) 
(247.20 0.00 -8.00) 
(247.40 0.00 -8.00) 
(247.60 0.00 -8.00) 
(247.80 0.00 -8.00) 
(248.00 0.00 -8.00) 
(248.20 0.00 -8.00) 
(248.40 0.00 -8.00) 
(248.60 0.00 -8.00) 
(248.80 0.00 -8.00) 
(249.00 0.00 -8.00) 
(249.20 0.00 -8.00) 
(249.40 0.00 -8.00) 
(249.60 0.00 -8.00) 
(249.80 0.00 -8.00) 
(250.00 0.00 -8.00) 
(250.20 0.00 -8.00) 
(250.40 0.00 -8.00) 
(250.60 0.00 -8.00) 
(250.80 0.00 -8.00) 
(251.00 0.00 -8.00) 
(251.20 0.00 -8.00) 
(251.40 0.00 -8.00) 
(251.60 0.00 -8.00) 
(251.80 0.00 -8.00) 
(252.00 0.00 -8.00) 
(252.20 0.00 -8.00) 
(252.40 0.00 -8.00) 
(252.60 0.00 -8.00) 
(252.80 0.00 -8.00) 
(253.00 0.00 -8.00) 
(253.20 0.00 -8.00) 
(253.40 0.00 -8.00) 
(253.60 0.00 -8.00) 
(253.80 0.00 -8.00) 
(254.00 0.00 -8.00) 
(254.20 0.00 -8.00) 
(254.40 0.00 -8.00) 
(254.60 0.00 -8.00) 
(254.80 0.00 -8.00) 
(255.00 0.00 -8.00) 
(255.20 0.00 -8.00) 
(255.40 0.00 -8.00) 
(255.60 0.00 -8.00) 
(255.80 0.00 -8.00) 
(256.00 0.00 -8.00) 
(256.20 0.00 -8.00) 
(256.40 0.00 -8.00) 
(256.60 0.00 -8.00) 
(256.80 0.00 -8.00) 
(257.00 0.00 -8.00) 
(257.20 0.00 -8.00) 
(257.40 0.00 -8.00) 
(257.60 0.00 -8.00) 
(257.80 0.00 -8.00) 
(258.00 0.00 -8.00) 
(258.20 0.00 -8.00) 
(258.40 0.00 -8.00) 
(258.60 0.00 -8.00) 
(258.80 0.00 -8.00) 
(259.00 0.00 -8.00) 
(259.20 0.00 -8.00) 
(259.40 0.00 -8.00) 
(259.60 0.00 -8.00) 
(259.80 0.00 -8.00) 
(260.00 0.00 -8.00) 
(260.20 0.00 -8.00) 
(260.40 0.00 -8.00) 
(260.60 0.00 -8.00) 
(260.80 0.00 -8.00) 
(261.00 0.00 -8.00) 
(261.20 0.00 -8.00) 
(261.40 0.00 -8.00) 
(261.60 0.00 -8.00) 
(261.80 0.00 -8.00) 
(262.00 0.00 -8.00) 
(262.20 0.00 -8.00) 
(262.40 0.00 -8.00) 
(262.60 0.00 -8.00) 
(262.80 0.00 -8.00) 
(263.00 0.00 -8.00) 
(263.20 0.00 -8.00) 
(263.40 0.00 -8.00) 
(263.60 0.00 -8.00) 
(263.80 0.00 -8.00) 
(264.00 0.00 -8.00) 
(264.20 0.00 -8.00) 
(264.40 0.00 -8.00) 
(264.60 0.00 -8.00) 
(264.80 0.00 -8.00) 
(265.00 0.00 -8.00) 
(265.20 0.00 -8.00) 
(265.40 0.00 -8.00) 
(265.60 0.00 -8.00) 
(265.80 0.00 -8.00) 
(266.00 0.00 -8.00) 
(266.20 0.00 -8.00) 
(266.40 0.00 -8.00) 
(266.60 0.00 -8.00) 
(266.80 0.00 -8.00) 
(267.00 0.00 -8.00) 
(267.20 0.00 -8.00) 
(267.40 0.00 -8.00) 
(267.60 0.00 -8.00) 
(267.80 0.00 -8.00) 
(268.00 0.00 -8.00) 
(268.20 0.00 -8.00) 
(268.40 0.00 -8.00) 
(268.60 0.00 -8.00) 
(268.80 0.00 -8.00) 
(269.00 0.00 -8.00) 
(269.20 0.00 -8.00) 
(269.40 0.00 -8.00) 
(269.60 0.00 -8.00) 
(269.80 0.00 -8.00) 
(270.00 0.00 -8.00) 
(270.20 0.00 -8.00) 
(270.40 0.00 -8.00) 
(270.60 0.00 -8.00) 
(270.80 0.00 -8.00) 
(271.00 0.00 -8.00) 
(271.20 0.00 -8.00) 
(271.40 0.00 -8.00) 
(271.60 0.00 -8.00) 
(271.80 0.00 -8.00) 
(272.00 0.00 -8.00) 
(272.20 0.00 -8.00) 
(272.40 0.00 -8.00) 
(272.60 0.00 -8.00) 
(272.80 0.00 -8.00) 
(273.00 0.00 -8.00) 
(273.20 0.00 -8.00) 
(273.40 0.00 -8.00) 
(273.60 0.00 -8.00) 
(273.80 0.00 -8.00) 
(274.00 0.00 -8.00) 
(274.20 0.00 -8.00) 
(274.40 0.00 -8.00) 
(274.60 0.00 -8.00) 
(274.80 0.00 -8.00) 
(275.00 0.00 -8.00) 
(275.20 0.00 -8.00) 
(275.40 0.00 -8.00) 
(275.60 0.00 -8.00) 
(275.80 0.00 -8.00) 
(276.00 0.00 -8.00) 
(276.20 0.00 -8.00) 
(276.40 0.00 -8.00) 
(276.60 0.00 -8.00) 
(276.80 0.00 -8.00) 
(277.00 0.00 -8.00) 
(277.20 0.00 -8.00) 
(277.40 0.00 -8.00) 
(277.60 0.00 -8.00) 
(277.80 0.00 -8.00) 
(278.00 0.00 -8.00) 
(278.20 0.00 -8.00) 
(278.40 0.00 -8.00) 
(278.60 0.00 -8.00) 
(278.80 0.00 -8.00) 
(279.00 0.00 -8.00) 
(279.20 0.00 -8.00) 
(279.40 0.00 -8.00) 
(279.60 0.00 -8.00) 
(279.80 0.00 -8.00) 
(280.00 0.00 -8.00) 
(280.20 0.00 -8.00) 
(280.40 0.00 -8.00) 
(280.60 0.00 -8.00) 
(280.80 0.00 -8.00) 
(281.00 0.00 -8.00) 
(281.20 0.00 -8.00) 
(281.40 0.00 -8.00) 
(281.60 0.00 -8.00) 
(281.80 0.00 -8.00) 
(282.00 0.00 -8.00) 
(282.20 0.00 -8.00) 
(282.40 0.00 -8.00) 
(282.60 0.00 -8.00) 
(282.80 0.00 -8.00) 
(283.00 0.00 -8.00) 
(283.20 0.00 -8.00) 
(283.40 0.00 -8.00) 
(283.60 0.00 -8.00) 
(283.80 0.00 -8.00) 
(284.00 0.00 -8.00) 
(284.20 0.00 -8.00) 
(284.40 0.00 -8.00) 
(284.60 0.00 -8.00) 
(284.80 0.00 -8.00) 
(285.00 0.00 -8.00) 
(285.20 0.00 -8.00) 
(285.40 0.00 -8.00) 
(285.60 0.00 -8.00) 
(285.80 0.00 -8.00) 
(286.00 0.00 -8.00) 
(286.20 0.00 -8.00) 
(286.40 0.00 -8.00) 
(286.60 0.00 -8.00) 
(286.80 0.00 -8.00) 
(287.00 0.00 -8.00) 
(287.20 0.00 -8.00) 
(287.40 0.00 -8.00) 
(287.60 0.00 -8.00) 
(287.80 0.00 -8.00) 
(288.00 0.00 -8.00) 
(288.20 0.00 -8.00) 
(288.40 0.00 -8.00) 
(288.60 0.00 -8.00) 
(288.80 0.00 -8.00) 
(289.00 0.00 -8.00) 
(289.20 0.00 -8.00) 
(289.40 0.00 -8.00) 
(289.60 0.00 -8.00) 
(289.80 0.00 -8.00) 
(290.00 0.00 -8.00) 
(290.20 0.00 -8.00) 
(290.40 0.00 -8.00) 
(290.60 0.00 -8.00) 
(290.80 0.00 -8.00) 
(291.00 0.00 -8.00) 
(291.20 0.00 -8.00) 
(291.40 0.00 -8.00) 
(291.60 0.00 -8.00) 
(291.80 0.00 -8.00) 
(292.00 0.00 -8.00) 
(292.20 0.00 -8.00) 
(292.40 0.00 -8.00) 
(292.60 0.00 -8.00) 
(292.80 0.00 -8.00) 
(293.00 0.00 -8.00) 
(293.20 0.00 -8.00) 
(293.40 0.00 -8.00) 
(293.60 0.00 -8.00) 
(293.80 0.00 -8.00) 
(294.00 0.00 -8.00) 
(294.20 0.00 -8.00) 
(294.40 0.00 -8.00) 
(294.60 0.00 -8.00) 
(294.80 0.00 -8.00) 
(295.00 0.00 -8.00) 
(295.20 0.00 -8.00) 
(295.40 0.00 -8.00) 
(295.60 0.00 -8.00) 
(295.80 0.00 -8.00) 
(296.00 0.00 -8.00) 
(296.20 0.00 -8.00) 
(296.40 0.00 -8.00) 
(296.60 0.00 -8.00) 
(296.80 0.00 -8.00) 
(297.00 0.00 -8.00) 
(297.20 0.00 -8.00) 
(297.40 0.00 -8.00) 
(297.60 0.00 -8.00) 
(297.80 0.00 -8.00) 
(298.00 0.00 -8.00) 
(298.20 0.00 -8.00) 
(298.40 0.00 -8.00) 
(298.60 0.00 -8.00) 
(298.80 0.00 -8.00) 
(299.00 0.00 -8.00) 
(299.20 0.00 -8.00) 
(299.40 0.00 -8.00) 
(299.60 0.00 -8.00) 
(299.80 0.00 -8.00) 
(300.00 0.00 -8.00) 
(300.20 0.00 -8.00) 
(300.40 0.00 -8.00) 
(300.60 0.00 -8.00) 
(300.80 0.00 -8.00) 
(301.00 0.00 -8.00) 
(301.20 0.00 -8.00) 
(301.40 0.00 -8.00) 
(301.60 0.00 -8.00) 
(301.80 0.00 -8.00) 
(302.00 0.00 -8.00) 
(302.20 0.00 -8.00) 
(302.40 0.00 -8.00) 
(302.60 0.00 -8.00) 
(302.80 0.00 -8.00) 
(303.00 0.00 -8.00) 
(303.20 0.00 -8.00) 
(303.40 0.00 -8.00) 
(303.60 0.00 -8.00) 
(303.80 0.00 -8.00) 
(304.00 0.00 -8.00) 
(304.20 0.00 -8.00) 
(304.40 0.00 -8.00) 
(304.60 0.00 -8.00) 
(304.80 0.00 -8.00) 
(305.00 0.00 -8.00) 
(305.20 0.00 -8.00) 
(305.40 0.00 -8.00) 
(305.60 0.00 -8.00) 
(305.80 0.00 -8.00) 
(306.00 0.00 -8.00) 
(306.20 0.00 -8.00) 
(306.40 0.00 -8.00) 
(306.60 0.00 -8.00) 
(306.80 0.00 -8.00) 
(307.00 0.00 -8.00) 
(307.20 0.00 -8.00) 
(307.40 0.00 -8.00) 
(307.60 0.00 -8.00) 
(307.80 0.00 -8.00) 
(308.00 0.00 -8.00) 
(308.20 0.00 -8.00) 
(308.40 0.00 -8.00) 
(308.60 0.00 -8.00) 
(308.80 0.00 -8.00) 
(309.00 0.00 -8.00) 
(309.20 0.00 -8.00) 
(309.40 0.00 -8.00) 
(309.60 0.00 -8.00) 
(309.80 0.00 -8.00) 
(310.00 0.00 -8.00) 
(310.20 0.00 -8.00) 
(310.40 0.00 -8.00) 
(310.60 0.00 -8.00) 
(310.80 0.00 -8.00) 
(311.00 0.00 -8.00) 
(311.20 0.00 -8.00) 
(311.40 0.00 -8.00) 
(311.60 0.00 -8.00) 
(311.80 0.00 -8.00) 
(312.00 0.00 -8.00) 
(312.20 0.00 -8.00) 
(312.40 0.00 -8.00) 
(312.60 0.00 -8.00) 
(312.80 0.00 -8.00) 
(313.00 0.00 -8.00) 
(313.20 0.00 -8.00) 
(313.40 0.00 -8.00) 
(313.60 0.00 -8.00) 
(313.80 0.00 -8.00) 
(314.00 0.00 -8.00) 
(314.20 0.00 -8.00) 
(314.40 0.00 -8.00) 
(314.60 0.00 -8.00) 
(314.80 0.00 -8.00) 
(315.00 0.00 -8.00) 
(315.20 0.00 -8.00) 
(315.40 0.00 -8.00) 
(315.60 0.00 -8.00) 
(315.80 0.00 -8.00) 
(316.00 0.00 -8.00) 
(316.20 0.00 -8.00) 
(316.40 0.00 -8.00) 
(316.60 0.00 -8.00) 
(316.80 0.00 -8.00) 
(317.00 0.00 -8.00) 
(317.20 0.00 -8.00) 
(317.40 0.00 -8.00) 
(317.60 0.00 -8.00) 
(0.00 0.10 -8.00) 
(0.20 0.10 -8.00) 
(0.40 0.10 -8.00) 
(0.60 0.10 -8.00) 
(0.80 0.10 -8.00) 
(1.00 0.10 -8.00) 
(1.20 0.10 -8.00) 
(1.40 0.10 -8.00) 
(1.60 0.10 -8.00) 
(1.80 0.10 -8.00) 
(2.00 0.10 -8.00) 
(2.20 0.10 -8.00) 
(2.40 0.10 -8.00) 
(2.60 0.10 -8.00) 
(2.80 0.10 -8.00) 
(3.00 0.10 -8.00) 
(3.20 0.10 -8.00) 
(3.40 0.10 -8.00) 
(3.60 0.10 -8.00) 
(3.80 0.10 -8.00) 
(4.00 0.10 -8.00) 
(4.20 0.10 -8.00) 
(4.40 0.10 -8.00) 
(4.60 0.10 -8.00) 
(4.80 0.10 -8.00) 
(5.00 0.10 -8.00) 
(5.20 0.10 -8.00) 
(5.40 0.10 -8.00) 
(5.60 0.10 -8.00) 
(5.80 0.10 -8.00) 
(6.00 0.10 -8.00) 
(6.20 0.10 -8.00) 
(6.40 0.10 -8.00) 
(6.60 0.10 -8.00) 
(6.80 0.10 -8.00) 
(7.00 0.10 -8.00) 
(7.20 0.10 -8.00) 
(7.40 0.10 -8.00) 
(7.60 0.10 -8.00) 
(7.80 0.10 -8.00) 
(8.00 0.10 -8.00) 
(8.20 0.10 -8.00) 
(8.40 0.10 -8.00) 
(8.60 0.10 -8.00) 
(8.80 0.10 -8.00) 
(9.00 0.10 -8.00) 
(9.20 0.10 -8.00) 
(9.40 0.10 -8.00) 
(9.60 0.10 -8.00) 
(9.80 0.10 -8.00) 
(10.00 0.10 -8.00) 
(10.20 0.10 -8.00) 
(10.40 0.10 -8.00) 
(10.60 0.10 -8.00) 
(10.80 0.10 -8.00) 
(11.00 0.10 -8.00) 
(11.20 0.10 -8.00) 
(11.40 0.10 -8.00) 
(11.60 0.10 -8.00) 
(11.80 0.10 -8.00) 
(12.00 0.10 -8.00) 
(12.20 0.10 -8.00) 
(12.40 0.10 -8.00) 
(12.60 0.10 -8.00) 
(12.80 0.10 -8.00) 
(13.00 0.10 -8.00) 
(13.20 0.10 -8.00) 
(13.40 0.10 -8.00) 
(13.60 0.10 -8.00) 
(13.80 0.10 -8.00) 
(14.00 0.10 -8.00) 
(14.20 0.10 -8.00) 
(14.40 0.10 -8.00) 
(14.60 0.10 -8.00) 
(14.80 0.10 -8.00) 
(15.00 0.10 -8.00) 
(15.20 0.10 -8.00) 
(15.40 0.10 -8.00) 
(15.60 0.10 -8.00) 
(15.80 0.10 -8.00) 
(16.00 0.10 -8.00) 
(16.20 0.10 -8.00) 
(16.40 0.10 -8.00) 
(16.60 0.10 -8.00) 
(16.80 0.10 -8.00) 
(17.00 0.10 -8.00) 
(17.20 0.10 -8.00) 
(17.40 0.10 -8.00) 
(17.60 0.10 -8.00) 
(17.80 0.10 -8.00) 
(18.00 0.10 -8.00) 
(18.20 0.10 -8.00) 
(18.40 0.10 -8.00) 
(18.60 0.10 -8.00) 
(18.80 0.10 -8.00) 
(19.00 0.10 -8.00) 
(19.20 0.10 -8.00) 
(19.40 0.10 -8.00) 
(19.60 0.10 -8.00) 
(19.80 0.10 -8.00) 
(20.00 0.10 -8.00) 
(20.20 0.10 -8.00) 
(20.40 0.10 -8.00) 
(20.60 0.10 -8.00) 
(20.80 0.10 -8.00) 
(21.00 0.10 -8.00) 
(21.20 0.10 -8.00) 
(21.40 0.10 -8.00) 
(21.60 0.10 -8.00) 
(21.80 0.10 -8.00) 
(22.00 0.10 -8.00) 
(22.20 0.10 -8.00) 
(22.40 0.10 -8.00) 
(22.60 0.10 -8.00) 
(22.80 0.10 -8.00) 
(23.00 0.10 -8.00) 
(23.20 0.10 -8.00) 
(23.40 0.10 -8.00) 
(23.60 0.10 -8.00) 
(23.80 0.10 -8.00) 
(24.00 0.10 -8.00) 
(24.20 0.10 -8.00) 
(24.40 0.10 -8.00) 
(24.60 0.10 -8.00) 
(24.80 0.10 -8.00) 
(25.00 0.10 -8.00) 
(25.20 0.10 -8.00) 
(25.40 0.10 -8.00) 
(25.60 0.10 -8.00) 
(25.80 0.10 -8.00) 
(26.00 0.10 -8.00) 
(26.20 0.10 -8.00) 
(26.40 0.10 -8.00) 
(26.60 0.10 -8.00) 
(26.80 0.10 -8.00) 
(27.00 0.10 -8.00) 
(27.20 0.10 -8.00) 
(27.40 0.10 -8.00) 
(27.60 0.10 -8.00) 
(27.80 0.10 -8.00) 
(28.00 0.10 -8.00) 
(28.20 0.10 -8.00) 
(28.40 0.10 -8.00) 
(28.60 0.10 -8.00) 
(28.80 0.10 -8.00) 
(29.00 0.10 -8.00) 
(29.20 0.10 -8.00) 
(29.40 0.10 -8.00) 
(29.60 0.10 -8.00) 
(29.80 0.10 -8.00) 
(30.00 0.10 -8.00) 
(30.20 0.10 -8.00) 
(30.40 0.10 -8.00) 
(30.60 0.10 -8.00) 
(30.80 0.10 -8.00) 
(31.00 0.10 -8.00) 
(31.20 0.10 -8.00) 
(31.40 0.10 -8.00) 
(31.60 0.10 -8.00) 
(31.80 0.10 -8.00) 
(32.00 0.10 -8.00) 
(32.20 0.10 -8.00) 
(32.40 0.10 -8.00) 
(32.60 0.10 -8.00) 
(32.80 0.10 -8.00) 
(33.00 0.10 -8.00) 
(33.20 0.10 -8.00) 
(33.40 0.10 -8.00) 
(33.60 0.10 -8.00) 
(33.80 0.10 -8.00) 
(34.00 0.10 -8.00) 
(34.20 0.10 -8.00) 
(34.40 0.10 -8.00) 
(34.60 0.10 -8.00) 
(34.80 0.10 -8.00) 
(35.00 0.10 -8.00) 
(35.20 0.10 -8.00) 
(35.40 0.10 -8.00) 
(35.60 0.10 -8.00) 
(35.80 0.10 -8.00) 
(36.00 0.10 -8.00) 
(36.20 0.10 -8.00) 
(36.40 0.10 -8.00) 
(36.60 0.10 -8.00) 
(36.80 0.10 -8.00) 
(37.00 0.10 -8.00) 
(37.20 0.10 -8.00) 
(37.40 0.10 -8.00) 
(37.60 0.10 -8.00) 
(37.80 0.10 -8.00) 
(38.00 0.10 -8.00) 
(38.20 0.10 -8.00) 
(38.40 0.10 -8.00) 
(38.60 0.10 -8.00) 
(38.80 0.10 -8.00) 
(39.00 0.10 -8.00) 
(39.20 0.10 -8.00) 
(39.40 0.10 -8.00) 
(39.60 0.10 -8.00) 
(39.80 0.10 -8.00) 
(40.00 0.10 -8.00) 
(40.20 0.10 -8.00) 
(40.40 0.10 -8.00) 
(40.60 0.10 -8.00) 
(40.80 0.10 -8.00) 
(41.00 0.10 -8.00) 
(41.20 0.10 -8.00) 
(41.40 0.10 -8.00) 
(41.60 0.10 -8.00) 
(41.80 0.10 -8.00) 
(42.00 0.10 -8.00) 
(42.20 0.10 -8.00) 
(42.40 0.10 -8.00) 
(42.60 0.10 -8.00) 
(42.80 0.10 -8.00) 
(43.00 0.10 -8.00) 
(43.20 0.10 -8.00) 
(43.40 0.10 -8.00) 
(43.60 0.10 -8.00) 
(43.80 0.10 -8.00) 
(44.00 0.10 -8.00) 
(44.20 0.10 -8.00) 
(44.40 0.10 -8.00) 
(44.60 0.10 -8.00) 
(44.80 0.10 -8.00) 
(45.00 0.10 -8.00) 
(45.20 0.10 -8.00) 
(45.40 0.10 -8.00) 
(45.60 0.10 -8.00) 
(45.80 0.10 -8.00) 
(46.00 0.10 -8.00) 
(46.20 0.10 -8.00) 
(46.40 0.10 -8.00) 
(46.60 0.10 -8.00) 
(46.80 0.10 -8.00) 
(47.00 0.10 -8.00) 
(47.20 0.10 -8.00) 
(47.40 0.10 -8.00) 
(47.60 0.10 -8.00) 
(47.80 0.10 -8.00) 
(48.00 0.10 -8.00) 
(48.20 0.10 -8.00) 
(48.40 0.10 -8.00) 
(48.60 0.10 -8.00) 
(48.80 0.10 -8.00) 
(49.00 0.10 -8.00) 
(49.20 0.10 -8.00) 
(49.40 0.10 -8.00) 
(49.60 0.10 -8.00) 
(49.80 0.10 -8.00) 
(50.00 0.10 -8.00) 
(50.20 0.10 -8.00) 
(50.40 0.10 -8.00) 
(50.60 0.10 -8.00) 
(50.80 0.10 -8.00) 
(51.00 0.10 -8.00) 
(51.20 0.10 -8.00) 
(51.40 0.10 -8.00) 
(51.60 0.10 -8.00) 
(51.80 0.10 -8.00) 
(52.00 0.10 -8.00) 
(52.20 0.10 -8.00) 
(52.40 0.10 -8.00) 
(52.60 0.10 -8.00) 
(52.80 0.10 -8.00) 
(53.00 0.10 -8.00) 
(53.20 0.10 -8.00) 
(53.40 0.10 -8.00) 
(53.60 0.10 -8.00) 
(53.80 0.10 -8.00) 
(54.00 0.10 -8.00) 
(54.20 0.10 -8.00) 
(54.40 0.10 -8.00) 
(54.60 0.10 -8.00) 
(54.80 0.10 -8.00) 
(55.00 0.10 -8.00) 
(55.20 0.10 -8.00) 
(55.40 0.10 -8.00) 
(55.60 0.10 -8.00) 
(55.80 0.10 -8.00) 
(56.00 0.10 -8.00) 
(56.20 0.10 -8.00) 
(56.40 0.10 -8.00) 
(56.60 0.10 -8.00) 
(56.80 0.10 -8.00) 
(57.00 0.10 -8.00) 
(57.20 0.10 -8.00) 
(57.40 0.10 -8.00) 
(57.60 0.10 -8.00) 
(57.80 0.10 -8.00) 
(58.00 0.10 -8.00) 
(58.20 0.10 -8.00) 
(58.40 0.10 -8.00) 
(58.60 0.10 -8.00) 
(58.80 0.10 -8.00) 
(59.00 0.10 -8.00) 
(59.20 0.10 -8.00) 
(59.40 0.10 -8.00) 
(59.60 0.10 -8.00) 
(59.80 0.10 -8.00) 
(60.00 0.10 -8.00) 
(60.20 0.10 -8.00) 
(60.40 0.10 -8.00) 
(60.60 0.10 -8.00) 
(60.80 0.10 -8.00) 
(61.00 0.10 -8.00) 
(61.20 0.10 -8.00) 
(61.40 0.10 -8.00) 
(61.60 0.10 -8.00) 
(61.80 0.10 -8.00) 
(62.00 0.10 -8.00) 
(62.20 0.10 -8.00) 
(62.40 0.10 -8.00) 
(62.60 0.10 -8.00) 
(62.80 0.10 -8.00) 
(63.00 0.10 -8.00) 
(63.20 0.10 -8.00) 
(63.40 0.10 -8.00) 
(63.60 0.10 -8.00) 
(63.80 0.10 -8.00) 
(64.00 0.10 -8.00) 
(64.20 0.10 -8.00) 
(64.40 0.10 -8.00) 
(64.60 0.10 -8.00) 
(64.80 0.10 -8.00) 
(65.00 0.10 -8.00) 
(65.20 0.10 -8.00) 
(65.40 0.10 -8.00) 
(65.60 0.10 -8.00) 
(65.80 0.10 -8.00) 
(66.00 0.10 -8.00) 
(66.20 0.10 -8.00) 
(66.40 0.10 -8.00) 
(66.60 0.10 -8.00) 
(66.80 0.10 -8.00) 
(67.00 0.10 -8.00) 
(67.20 0.10 -8.00) 
(67.40 0.10 -8.00) 
(67.60 0.10 -8.00) 
(67.80 0.10 -8.00) 
(68.00 0.10 -8.00) 
(68.20 0.10 -8.00) 
(68.40 0.10 -8.00) 
(68.60 0.10 -8.00) 
(68.80 0.10 -8.00) 
(69.00 0.10 -8.00) 
(69.20 0.10 -8.00) 
(69.40 0.10 -8.00) 
(69.60 0.10 -8.00) 
(69.80 0.10 -8.00) 
(70.00 0.10 -8.00) 
(70.20 0.10 -8.00) 
(70.40 0.10 -8.00) 
(70.60 0.10 -8.00) 
(70.80 0.10 -8.00) 
(71.00 0.10 -8.00) 
(71.20 0.10 -8.00) 
(71.40 0.10 -8.00) 
(71.60 0.10 -8.00) 
(71.80 0.10 -8.00) 
(72.00 0.10 -8.00) 
(72.20 0.10 -8.00) 
(72.40 0.10 -8.00) 
(72.60 0.10 -8.00) 
(72.80 0.10 -8.00) 
(73.00 0.10 -8.00) 
(73.20 0.10 -8.00) 
(73.40 0.10 -8.00) 
(73.60 0.10 -8.00) 
(73.80 0.10 -8.00) 
(74.00 0.10 -8.00) 
(74.20 0.10 -8.00) 
(74.40 0.10 -8.00) 
(74.60 0.10 -8.00) 
(74.80 0.10 -8.00) 
(75.00 0.10 -8.00) 
(75.20 0.10 -8.00) 
(75.40 0.10 -8.00) 
(75.60 0.10 -8.00) 
(75.80 0.10 -8.00) 
(76.00 0.10 -8.00) 
(76.20 0.10 -8.00) 
(76.40 0.10 -8.00) 
(76.60 0.10 -8.00) 
(76.80 0.10 -8.00) 
(77.00 0.10 -8.00) 
(77.20 0.10 -8.00) 
(77.40 0.10 -8.00) 
(77.60 0.10 -8.00) 
(77.80 0.10 -8.00) 
(78.00 0.10 -8.00) 
(78.20 0.10 -8.00) 
(78.40 0.10 -8.00) 
(78.60 0.10 -8.00) 
(78.80 0.10 -8.00) 
(79.00 0.10 -8.00) 
(79.20 0.10 -8.00) 
(79.40 0.10 -8.00) 
(79.60 0.10 -8.00) 
(79.80 0.10 -8.00) 
(80.00 0.10 -8.00) 
(80.20 0.10 -8.00) 
(80.40 0.10 -8.00) 
(80.60 0.10 -8.00) 
(80.80 0.10 -8.00) 
(81.00 0.10 -8.00) 
(81.20 0.10 -8.00) 
(81.40 0.10 -8.00) 
(81.60 0.10 -8.00) 
(81.80 0.10 -8.00) 
(82.00 0.10 -8.00) 
(82.20 0.10 -8.00) 
(82.40 0.10 -8.00) 
(82.60 0.10 -8.00) 
(82.80 0.10 -8.00) 
(83.00 0.10 -8.00) 
(83.20 0.10 -8.00) 
(83.40 0.10 -8.00) 
(83.60 0.10 -8.00) 
(83.80 0.10 -8.00) 
(84.00 0.10 -8.00) 
(84.20 0.10 -8.00) 
(84.40 0.10 -8.00) 
(84.60 0.10 -8.00) 
(84.80 0.10 -8.00) 
(85.00 0.10 -8.00) 
(85.20 0.10 -8.00) 
(85.40 0.10 -8.00) 
(85.60 0.10 -8.00) 
(85.80 0.10 -8.00) 
(86.00 0.10 -8.00) 
(86.20 0.10 -8.00) 
(86.40 0.10 -8.00) 
(86.60 0.10 -8.00) 
(86.80 0.10 -8.00) 
(87.00 0.10 -8.00) 
(87.20 0.10 -8.00) 
(87.40 0.10 -8.00) 
(87.60 0.10 -8.00) 
(87.80 0.10 -8.00) 
(88.00 0.10 -8.00) 
(88.20 0.10 -8.00) 
(88.40 0.10 -8.00) 
(88.60 0.10 -8.00) 
(88.80 0.10 -8.00) 
(89.00 0.10 -8.00) 
(89.20 0.10 -8.00) 
(89.40 0.10 -8.00) 
(89.60 0.10 -8.00) 
(89.80 0.10 -8.00) 
(90.00 0.10 -8.00) 
(90.20 0.10 -8.00) 
(90.40 0.10 -8.00) 
(90.60 0.10 -8.00) 
(90.80 0.10 -8.00) 
(91.00 0.10 -8.00) 
(91.20 0.10 -8.00) 
(91.40 0.10 -8.00) 
(91.60 0.10 -8.00) 
(91.80 0.10 -8.00) 
(92.00 0.10 -8.00) 
(92.20 0.10 -8.00) 
(92.40 0.10 -8.00) 
(92.60 0.10 -8.00) 
(92.80 0.10 -8.00) 
(93.00 0.10 -8.00) 
(93.20 0.10 -8.00) 
(93.40 0.10 -8.00) 
(93.60 0.10 -8.00) 
(93.80 0.10 -8.00) 
(94.00 0.10 -8.00) 
(94.20 0.10 -8.00) 
(94.40 0.10 -8.00) 
(94.60 0.10 -8.00) 
(94.80 0.10 -8.00) 
(95.00 0.10 -8.00) 
(95.20 0.10 -8.00) 
(95.40 0.10 -8.00) 
(95.60 0.10 -8.00) 
(95.80 0.10 -8.00) 
(96.00 0.10 -8.00) 
(96.20 0.10 -8.00) 
(96.40 0.10 -8.00) 
(96.60 0.10 -8.00) 
(96.80 0.10 -8.00) 
(97.00 0.10 -8.00) 
(97.20 0.10 -8.00) 
(97.40 0.10 -8.00) 
(97.60 0.10 -8.00) 
(97.80 0.10 -8.00) 
(98.00 0.10 -8.00) 
(98.20 0.10 -8.00) 
(98.40 0.10 -8.00) 
(98.60 0.10 -8.00) 
(98.80 0.10 -8.00) 
(99.00 0.10 -8.00) 
(99.20 0.10 -8.00) 
(99.40 0.10 -8.00) 
(99.60 0.10 -8.00) 
(99.80 0.10 -8.00) 
(100.00 0.10 -8.00) 
(100.20 0.10 -8.00) 
(100.40 0.10 -8.00) 
(100.60 0.10 -8.00) 
(100.80 0.10 -8.00) 
(101.00 0.10 -8.00) 
(101.20 0.10 -8.00) 
(101.40 0.10 -8.00) 
(101.60 0.10 -8.00) 
(101.80 0.10 -8.00) 
(102.00 0.10 -8.00) 
(102.20 0.10 -8.00) 
(102.40 0.10 -8.00) 
(102.60 0.10 -8.00) 
(102.80 0.10 -8.00) 
(103.00 0.10 -8.00) 
(103.20 0.10 -8.00) 
(103.40 0.10 -8.00) 
(103.60 0.10 -8.00) 
(103.80 0.10 -8.00) 
(104.00 0.10 -8.00) 
(104.20 0.10 -8.00) 
(104.40 0.10 -8.00) 
(104.60 0.10 -8.00) 
(104.80 0.10 -8.00) 
(105.00 0.10 -8.00) 
(105.20 0.10 -8.00) 
(105.40 0.10 -8.00) 
(105.60 0.10 -8.00) 
(105.80 0.10 -8.00) 
(106.00 0.10 -8.00) 
(106.20 0.10 -8.00) 
(106.40 0.10 -8.00) 
(106.60 0.10 -8.00) 
(106.80 0.10 -8.00) 
(107.00 0.10 -8.00) 
(107.20 0.10 -8.00) 
(107.40 0.10 -8.00) 
(107.60 0.10 -8.00) 
(107.80 0.10 -8.00) 
(108.00 0.10 -8.00) 
(108.20 0.10 -8.00) 
(108.40 0.10 -8.00) 
(108.60 0.10 -8.00) 
(108.80 0.10 -8.00) 
(109.00 0.10 -8.00) 
(109.20 0.10 -8.00) 
(109.40 0.10 -8.00) 
(109.60 0.10 -8.00) 
(109.80 0.10 -8.00) 
(110.00 0.10 -8.00) 
(110.20 0.10 -8.00) 
(110.40 0.10 -8.00) 
(110.60 0.10 -8.00) 
(110.80 0.10 -8.00) 
(111.00 0.10 -8.00) 
(111.20 0.10 -8.00) 
(111.40 0.10 -8.00) 
(111.60 0.10 -8.00) 
(111.80 0.10 -8.00) 
(112.00 0.10 -8.00) 
(112.20 0.10 -8.00) 
(112.40 0.10 -8.00) 
(112.60 0.10 -8.00) 
(112.80 0.10 -8.00) 
(113.00 0.10 -8.00) 
(113.20 0.10 -8.00) 
(113.40 0.10 -8.00) 
(113.60 0.10 -8.00) 
(113.80 0.10 -8.00) 
(114.00 0.10 -8.00) 
(114.20 0.10 -8.00) 
(114.40 0.10 -8.00) 
(114.60 0.10 -8.00) 
(114.80 0.10 -8.00) 
(115.00 0.10 -8.00) 
(115.20 0.10 -8.00) 
(115.40 0.10 -8.00) 
(115.60 0.10 -8.00) 
(115.80 0.10 -8.00) 
(116.00 0.10 -8.00) 
(116.20 0.10 -8.00) 
(116.40 0.10 -8.00) 
(116.60 0.10 -8.00) 
(116.80 0.10 -8.00) 
(117.00 0.10 -8.00) 
(117.20 0.10 -8.00) 
(117.40 0.10 -8.00) 
(117.60 0.10 -8.00) 
(117.80 0.10 -8.00) 
(118.00 0.10 -8.00) 
(118.20 0.10 -8.00) 
(118.40 0.10 -8.00) 
(118.60 0.10 -8.00) 
(118.80 0.10 -8.00) 
(119.00 0.10 -8.00) 
(119.20 0.10 -8.00) 
(119.40 0.10 -8.00) 
(119.60 0.10 -8.00) 
(119.80 0.10 -8.00) 
(120.00 0.10 -8.00) 
(120.20 0.10 -8.00) 
(120.40 0.10 -8.00) 
(120.60 0.10 -8.00) 
(120.80 0.10 -8.00) 
(121.00 0.10 -8.00) 
(121.20 0.10 -8.00) 
(121.40 0.10 -8.00) 
(121.60 0.10 -8.00) 
(121.80 0.10 -8.00) 
(122.00 0.10 -8.00) 
(122.20 0.10 -8.00) 
(122.40 0.10 -8.00) 
(122.60 0.10 -8.00) 
(122.80 0.10 -8.00) 
(123.00 0.10 -8.00) 
(123.20 0.10 -8.00) 
(123.40 0.10 -8.00) 
(123.60 0.10 -8.00) 
(123.80 0.10 -8.00) 
(124.00 0.10 -8.00) 
(124.20 0.10 -8.00) 
(124.40 0.10 -8.00) 
(124.60 0.10 -8.00) 
(124.80 0.10 -8.00) 
(125.00 0.10 -8.00) 
(125.20 0.10 -8.00) 
(125.40 0.10 -8.00) 
(125.60 0.10 -8.00) 
(125.80 0.10 -8.00) 
(126.00 0.10 -8.00) 
(126.20 0.10 -8.00) 
(126.40 0.10 -8.00) 
(126.60 0.10 -8.00) 
(126.80 0.10 -8.00) 
(127.00 0.10 -8.00) 
(127.20 0.10 -8.00) 
(127.40 0.10 -8.00) 
(127.60 0.10 -8.00) 
(127.80 0.10 -8.00) 
(128.00 0.10 -8.00) 
(128.20 0.10 -8.00) 
(128.40 0.10 -8.00) 
(128.60 0.10 -8.00) 
(128.80 0.10 -8.00) 
(129.00 0.10 -8.00) 
(129.20 0.10 -8.00) 
(129.40 0.10 -8.00) 
(129.60 0.10 -8.00) 
(129.80 0.10 -8.00) 
(130.00 0.10 -8.00) 
(130.20 0.10 -8.00) 
(130.40 0.10 -8.00) 
(130.60 0.10 -8.00) 
(130.80 0.10 -8.00) 
(131.00 0.10 -8.00) 
(131.20 0.10 -8.00) 
(131.40 0.10 -8.00) 
(131.60 0.10 -8.00) 
(131.80 0.10 -8.00) 
(132.00 0.10 -8.00) 
(132.20 0.10 -8.00) 
(132.40 0.10 -8.00) 
(132.60 0.10 -8.00) 
(132.80 0.10 -8.00) 
(133.00 0.10 -8.00) 
(133.20 0.10 -8.00) 
(133.40 0.10 -8.00) 
(133.60 0.10 -8.00) 
(133.80 0.10 -8.00) 
(134.00 0.10 -8.00) 
(134.20 0.10 -8.00) 
(134.40 0.10 -8.00) 
(134.60 0.10 -8.00) 
(134.80 0.10 -8.00) 
(135.00 0.10 -8.00) 
(135.20 0.10 -8.00) 
(135.40 0.10 -8.00) 
(135.60 0.10 -8.00) 
(135.80 0.10 -8.00) 
(136.00 0.10 -8.00) 
(136.20 0.10 -8.00) 
(136.40 0.10 -8.00) 
(136.60 0.10 -8.00) 
(136.80 0.10 -8.00) 
(137.00 0.10 -8.00) 
(137.20 0.10 -8.00) 
(137.40 0.10 -8.00) 
(137.60 0.10 -8.00) 
(137.80 0.10 -8.00) 
(138.00 0.10 -8.00) 
(138.20 0.10 -8.00) 
(138.40 0.10 -8.00) 
(138.60 0.10 -8.00) 
(138.80 0.10 -8.00) 
(139.00 0.10 -8.00) 
(139.20 0.10 -8.00) 
(139.40 0.10 -8.00) 
(139.60 0.10 -8.00) 
(139.80 0.10 -8.00) 
(140.00 0.10 -8.00) 
(140.20 0.10 -8.00) 
(140.40 0.10 -8.00) 
(140.60 0.10 -8.00) 
(140.80 0.10 -8.00) 
(141.00 0.10 -8.00) 
(141.20 0.10 -8.00) 
(141.40 0.10 -8.00) 
(141.60 0.10 -8.00) 
(141.80 0.10 -8.00) 
(142.00 0.10 -8.00) 
(142.20 0.10 -8.00) 
(142.40 0.10 -8.00) 
(142.60 0.10 -8.00) 
(142.80 0.10 -8.00) 
(143.00 0.10 -8.00) 
(143.20 0.10 -8.00) 
(143.40 0.10 -8.00) 
(143.60 0.10 -8.00) 
(143.80 0.10 -8.00) 
(144.00 0.10 -8.00) 
(144.20 0.10 -8.00) 
(144.40 0.10 -8.00) 
(144.60 0.10 -8.00) 
(144.80 0.10 -8.00) 
(145.00 0.10 -8.00) 
(145.20 0.10 -8.00) 
(145.40 0.10 -8.00) 
(145.60 0.10 -8.00) 
(145.80 0.10 -8.00) 
(146.00 0.10 -8.00) 
(146.20 0.10 -8.00) 
(146.40 0.10 -8.00) 
(146.60 0.10 -8.00) 
(146.80 0.10 -8.00) 
(147.00 0.10 -8.00) 
(147.20 0.10 -8.00) 
(147.40 0.10 -8.00) 
(147.60 0.10 -8.00) 
(147.80 0.10 -8.00) 
(148.00 0.10 -8.00) 
(148.20 0.10 -8.00) 
(148.40 0.10 -8.00) 
(148.60 0.10 -8.00) 
(148.80 0.10 -8.00) 
(149.00 0.10 -8.00) 
(149.20 0.10 -8.00) 
(149.40 0.10 -8.00) 
(149.60 0.10 -8.00) 
(149.80 0.10 -8.00) 
(150.00 0.10 -8.00) 
(150.20 0.10 -8.00) 
(150.40 0.10 -8.00) 
(150.60 0.10 -8.00) 
(150.80 0.10 -8.00) 
(151.00 0.10 -8.00) 
(151.20 0.10 -8.00) 
(151.40 0.10 -8.00) 
(151.60 0.10 -8.00) 
(151.80 0.10 -8.00) 
(152.00 0.10 -8.00) 
(152.20 0.10 -8.00) 
(152.40 0.10 -8.00) 
(152.60 0.10 -8.00) 
(152.80 0.10 -8.00) 
(153.00 0.10 -8.00) 
(153.20 0.10 -8.00) 
(153.40 0.10 -8.00) 
(153.60 0.10 -8.00) 
(153.80 0.10 -8.00) 
(154.00 0.10 -8.00) 
(154.20 0.10 -8.00) 
(154.40 0.10 -8.00) 
(154.60 0.10 -8.00) 
(154.80 0.10 -8.00) 
(155.00 0.10 -8.00) 
(155.20 0.10 -8.00) 
(155.40 0.10 -8.00) 
(155.60 0.10 -8.00) 
(155.80 0.10 -8.00) 
(156.00 0.10 -8.00) 
(156.20 0.10 -8.00) 
(156.40 0.10 -8.00) 
(156.60 0.10 -8.00) 
(156.80 0.10 -8.00) 
(157.00 0.10 -8.00) 
(157.20 0.10 -8.00) 
(157.40 0.10 -8.00) 
(157.60 0.10 -8.00) 
(157.80 0.10 -8.00) 
(158.00 0.10 -8.00) 
(158.20 0.10 -8.00) 
(158.40 0.10 -8.00) 
(158.60 0.10 -8.00) 
(158.80 0.10 -8.00) 
(159.00 0.10 -8.00) 
(159.20 0.10 -8.00) 
(159.40 0.10 -8.00) 
(159.60 0.10 -8.00) 
(159.80 0.10 -8.00) 
(160.00 0.10 -8.00) 
(160.20 0.10 -8.00) 
(160.40 0.10 -8.00) 
(160.60 0.10 -8.00) 
(160.80 0.10 -8.00) 
(161.00 0.10 -8.00) 
(161.20 0.10 -8.00) 
(161.40 0.10 -8.00) 
(161.60 0.10 -8.00) 
(161.80 0.10 -8.00) 
(162.00 0.10 -8.00) 
(162.20 0.10 -8.00) 
(162.40 0.10 -8.00) 
(162.60 0.10 -8.00) 
(162.80 0.10 -8.00) 
(163.00 0.10 -8.00) 
(163.20 0.10 -8.00) 
(163.40 0.10 -8.00) 
(163.60 0.10 -8.00) 
(163.80 0.10 -8.00) 
(164.00 0.10 -8.00) 
(164.20 0.10 -8.00) 
(164.40 0.10 -8.00) 
(164.60 0.10 -8.00) 
(164.80 0.10 -8.00) 
(165.00 0.10 -8.00) 
(165.20 0.10 -8.00) 
(165.40 0.10 -8.00) 
(165.60 0.10 -8.00) 
(165.80 0.10 -8.00) 
(166.00 0.10 -8.00) 
(166.20 0.10 -8.00) 
(166.40 0.10 -8.00) 
(166.60 0.10 -8.00) 
(166.80 0.10 -8.00) 
(167.00 0.10 -8.00) 
(167.20 0.10 -8.00) 
(167.40 0.10 -8.00) 
(167.60 0.10 -8.00) 
(167.80 0.10 -8.00) 
(168.00 0.10 -8.00) 
(168.20 0.10 -8.00) 
(168.40 0.10 -8.00) 
(168.60 0.10 -8.00) 
(168.80 0.10 -8.00) 
(169.00 0.10 -8.00) 
(169.20 0.10 -8.00) 
(169.40 0.10 -8.00) 
(169.60 0.10 -8.00) 
(169.80 0.10 -8.00) 
(170.00 0.10 -8.00) 
(170.20 0.10 -8.00) 
(170.40 0.10 -8.00) 
(170.60 0.10 -8.00) 
(170.80 0.10 -8.00) 
(171.00 0.10 -8.00) 
(171.20 0.10 -8.00) 
(171.40 0.10 -8.00) 
(171.60 0.10 -8.00) 
(171.80 0.10 -8.00) 
(172.00 0.10 -8.00) 
(172.20 0.10 -8.00) 
(172.40 0.10 -8.00) 
(172.60 0.10 -8.00) 
(172.80 0.10 -8.00) 
(173.00 0.10 -8.00) 
(173.20 0.10 -8.00) 
(173.40 0.10 -8.00) 
(173.60 0.10 -8.00) 
(173.80 0.10 -8.00) 
(174.00 0.10 -8.00) 
(174.20 0.10 -8.00) 
(174.40 0.10 -8.00) 
(174.60 0.10 -8.00) 
(174.80 0.10 -8.00) 
(175.00 0.10 -8.00) 
(175.20 0.10 -8.00) 
(175.40 0.10 -8.00) 
(175.60 0.10 -8.00) 
(175.80 0.10 -8.00) 
(176.00 0.10 -8.00) 
(176.20 0.10 -8.00) 
(176.40 0.10 -8.00) 
(176.60 0.10 -8.00) 
(176.80 0.10 -8.00) 
(177.00 0.10 -8.00) 
(177.20 0.10 -8.00) 
(177.40 0.10 -8.00) 
(177.60 0.10 -8.00) 
(177.80 0.10 -8.00) 
(178.00 0.10 -8.00) 
(178.20 0.10 -8.00) 
(178.40 0.10 -8.00) 
(178.60 0.10 -8.00) 
(178.80 0.10 -8.00) 
(179.00 0.10 -8.00) 
(179.20 0.10 -8.00) 
(179.40 0.10 -8.00) 
(179.60 0.10 -8.00) 
(179.80 0.10 -8.00) 
(180.00 0.10 -8.00) 
(180.20 0.10 -8.00) 
(180.40 0.10 -8.00) 
(180.60 0.10 -8.00) 
(180.80 0.10 -8.00) 
(181.00 0.10 -8.00) 
(181.20 0.10 -8.00) 
(181.40 0.10 -8.00) 
(181.60 0.10 -8.00) 
(181.80 0.10 -8.00) 
(182.00 0.10 -8.00) 
(182.20 0.10 -8.00) 
(182.40 0.10 -8.00) 
(182.60 0.10 -8.00) 
(182.80 0.10 -8.00) 
(183.00 0.10 -8.00) 
(183.20 0.10 -8.00) 
(183.40 0.10 -8.00) 
(183.60 0.10 -8.00) 
(183.80 0.10 -8.00) 
(184.00 0.10 -8.00) 
(184.20 0.10 -8.00) 
(184.40 0.10 -8.00) 
(184.60 0.10 -8.00) 
(184.80 0.10 -8.00) 
(185.00 0.10 -8.00) 
(185.20 0.10 -8.00) 
(185.40 0.10 -8.00) 
(185.60 0.10 -8.00) 
(185.80 0.10 -8.00) 
(186.00 0.10 -8.00) 
(186.20 0.10 -8.00) 
(186.40 0.10 -8.00) 
(186.60 0.10 -8.00) 
(186.80 0.10 -8.00) 
(187.00 0.10 -8.00) 
(187.20 0.10 -8.00) 
(187.40 0.10 -8.00) 
(187.60 0.10 -8.00) 
(187.80 0.10 -8.00) 
(188.00 0.10 -8.00) 
(188.20 0.10 -8.00) 
(188.40 0.10 -8.00) 
(188.60 0.10 -8.00) 
(188.80 0.10 -8.00) 
(189.00 0.10 -8.00) 
(189.20 0.10 -8.00) 
(189.40 0.10 -8.00) 
(189.60 0.10 -8.00) 
(189.80 0.10 -8.00) 
(190.00 0.10 -8.00) 
(190.20 0.10 -8.00) 
(190.40 0.10 -8.00) 
(190.60 0.10 -8.00) 
(190.80 0.10 -8.00) 
(191.00 0.10 -8.00) 
(191.20 0.10 -8.00) 
(191.40 0.10 -8.00) 
(191.60 0.10 -8.00) 
(191.80 0.10 -8.00) 
(192.00 0.10 -8.00) 
(192.20 0.10 -8.00) 
(192.40 0.10 -8.00) 
(192.60 0.10 -8.00) 
(192.80 0.10 -8.00) 
(193.00 0.10 -8.00) 
(193.20 0.10 -8.00) 
(193.40 0.10 -8.00) 
(193.60 0.10 -8.00) 
(193.80 0.10 -8.00) 
(194.00 0.10 -8.00) 
(194.20 0.10 -8.00) 
(194.40 0.10 -8.00) 
(194.60 0.10 -8.00) 
(194.80 0.10 -8.00) 
(195.00 0.10 -8.00) 
(195.20 0.10 -8.00) 
(195.40 0.10 -8.00) 
(195.60 0.10 -8.00) 
(195.80 0.10 -8.00) 
(196.00 0.10 -8.00) 
(196.20 0.10 -8.00) 
(196.40 0.10 -8.00) 
(196.60 0.10 -8.00) 
(196.80 0.10 -8.00) 
(197.00 0.10 -8.00) 
(197.20 0.10 -8.00) 
(197.40 0.10 -8.00) 
(197.60 0.10 -8.00) 
(197.80 0.10 -8.00) 
(198.00 0.10 -8.00) 
(198.20 0.10 -8.00) 
(198.40 0.10 -8.00) 
(198.60 0.10 -8.00) 
(198.80 0.10 -8.00) 
(199.00 0.10 -8.00) 
(199.20 0.10 -8.00) 
(199.40 0.10 -8.00) 
(199.60 0.10 -8.00) 
(199.80 0.10 -8.00) 
(200.00 0.10 -8.00) 
(200.20 0.10 -8.00) 
(200.40 0.10 -8.00) 
(200.60 0.10 -8.00) 
(200.80 0.10 -8.00) 
(201.00 0.10 -8.00) 
(201.20 0.10 -8.00) 
(201.40 0.10 -8.00) 
(201.60 0.10 -8.00) 
(201.80 0.10 -8.00) 
(202.00 0.10 -8.00) 
(202.20 0.10 -8.00) 
(202.40 0.10 -8.00) 
(202.60 0.10 -8.00) 
(202.80 0.10 -8.00) 
(203.00 0.10 -8.00) 
(203.20 0.10 -8.00) 
(203.40 0.10 -8.00) 
(203.60 0.10 -8.00) 
(203.80 0.10 -8.00) 
(204.00 0.10 -8.00) 
(204.20 0.10 -8.00) 
(204.40 0.10 -8.00) 
(204.60 0.10 -8.00) 
(204.80 0.10 -8.00) 
(205.00 0.10 -8.00) 
(205.20 0.10 -8.00) 
(205.40 0.10 -8.00) 
(205.60 0.10 -8.00) 
(205.80 0.10 -8.00) 
(206.00 0.10 -8.00) 
(206.20 0.10 -8.00) 
(206.40 0.10 -8.00) 
(206.60 0.10 -8.00) 
(206.80 0.10 -8.00) 
(207.00 0.10 -8.00) 
(207.20 0.10 -8.00) 
(207.40 0.10 -8.00) 
(207.60 0.10 -8.00) 
(207.80 0.10 -8.00) 
(208.00 0.10 -8.00) 
(208.20 0.10 -8.00) 
(208.40 0.10 -8.00) 
(208.60 0.10 -8.00) 
(208.80 0.10 -8.00) 
(209.00 0.10 -8.00) 
(209.20 0.10 -8.00) 
(209.40 0.10 -8.00) 
(209.60 0.10 -8.00) 
(209.80 0.10 -8.00) 
(210.00 0.10 -8.00) 
(210.20 0.10 -8.00) 
(210.40 0.10 -8.00) 
(210.60 0.10 -8.00) 
(210.80 0.10 -8.00) 
(211.00 0.10 -8.00) 
(211.20 0.10 -8.00) 
(211.40 0.10 -8.00) 
(211.60 0.10 -8.00) 
(211.80 0.10 -8.00) 
(212.00 0.10 -8.00) 
(212.20 0.10 -8.00) 
(212.40 0.10 -8.00) 
(212.60 0.10 -8.00) 
(212.80 0.10 -8.00) 
(213.00 0.10 -8.00) 
(213.20 0.10 -8.00) 
(213.40 0.10 -8.00) 
(213.60 0.10 -8.00) 
(213.80 0.10 -8.00) 
(214.00 0.10 -8.00) 
(214.20 0.10 -8.00) 
(214.40 0.10 -8.00) 
(214.60 0.10 -8.00) 
(214.80 0.10 -8.00) 
(215.00 0.10 -8.00) 
(215.20 0.10 -8.00) 
(215.40 0.10 -8.00) 
(215.60 0.10 -8.00) 
(215.80 0.10 -8.00) 
(216.00 0.10 -8.00) 
(216.20 0.10 -8.00) 
(216.40 0.10 -8.00) 
(216.60 0.10 -8.00) 
(216.80 0.10 -8.00) 
(217.00 0.10 -8.00) 
(217.20 0.10 -8.00) 
(217.40 0.10 -8.00) 
(217.60 0.10 -8.00) 
(217.80 0.10 -8.00) 
(218.00 0.10 -8.00) 
(218.20 0.10 -8.00) 
(218.40 0.10 -8.00) 
(218.60 0.10 -8.00) 
(218.80 0.10 -8.00) 
(219.00 0.10 -8.00) 
(219.20 0.10 -8.00) 
(219.40 0.10 -8.00) 
(219.60 0.10 -8.00) 
(219.80 0.10 -8.00) 
(220.00 0.10 -8.00) 
(220.20 0.10 -8.00) 
(220.40 0.10 -8.00) 
(220.60 0.10 -8.00) 
(220.80 0.10 -8.00) 
(221.00 0.10 -8.00) 
(221.20 0.10 -8.00) 
(221.40 0.10 -8.00) 
(221.60 0.10 -8.00) 
(221.80 0.10 -8.00) 
(222.00 0.10 -8.00) 
(222.20 0.10 -8.00) 
(222.40 0.10 -8.00) 
(222.60 0.10 -8.00) 
(222.80 0.10 -8.00) 
(223.00 0.10 -8.00) 
(223.20 0.10 -8.00) 
(223.40 0.10 -8.00) 
(223.60 0.10 -8.00) 
(223.80 0.10 -8.00) 
(224.00 0.10 -8.00) 
(224.20 0.10 -8.00) 
(224.40 0.10 -8.00) 
(224.60 0.10 -8.00) 
(224.80 0.10 -8.00) 
(225.00 0.10 -8.00) 
(225.20 0.10 -8.00) 
(225.40 0.10 -8.00) 
(225.60 0.10 -8.00) 
(225.80 0.10 -8.00) 
(226.00 0.10 -8.00) 
(226.20 0.10 -8.00) 
(226.40 0.10 -8.00) 
(226.60 0.10 -8.00) 
(226.80 0.10 -8.00) 
(227.00 0.10 -8.00) 
(227.20 0.10 -8.00) 
(227.40 0.10 -8.00) 
(227.60 0.10 -8.00) 
(227.80 0.10 -8.00) 
(228.00 0.10 -8.00) 
(228.20 0.10 -8.00) 
(228.40 0.10 -8.00) 
(228.60 0.10 -8.00) 
(228.80 0.10 -8.00) 
(229.00 0.10 -8.00) 
(229.20 0.10 -8.00) 
(229.40 0.10 -8.00) 
(229.60 0.10 -8.00) 
(229.80 0.10 -8.00) 
(230.00 0.10 -8.00) 
(230.20 0.10 -8.00) 
(230.40 0.10 -8.00) 
(230.60 0.10 -8.00) 
(230.80 0.10 -8.00) 
(231.00 0.10 -8.00) 
(231.20 0.10 -8.00) 
(231.40 0.10 -8.00) 
(231.60 0.10 -8.00) 
(231.80 0.10 -8.00) 
(232.00 0.10 -8.00) 
(232.20 0.10 -8.00) 
(232.40 0.10 -8.00) 
(232.60 0.10 -8.00) 
(232.80 0.10 -8.00) 
(233.00 0.10 -8.00) 
(233.20 0.10 -8.00) 
(233.40 0.10 -8.00) 
(233.60 0.10 -8.00) 
(233.80 0.10 -8.00) 
(234.00 0.10 -8.00) 
(234.20 0.10 -8.00) 
(234.40 0.10 -8.00) 
(234.60 0.10 -8.00) 
(234.80 0.10 -8.00) 
(235.00 0.10 -8.00) 
(235.20 0.10 -8.00) 
(235.40 0.10 -8.00) 
(235.60 0.10 -8.00) 
(235.80 0.10 -8.00) 
(236.00 0.10 -8.00) 
(236.20 0.10 -8.00) 
(236.40 0.10 -8.00) 
(236.60 0.10 -8.00) 
(236.80 0.10 -8.00) 
(237.00 0.10 -8.00) 
(237.20 0.10 -8.00) 
(237.40 0.10 -8.00) 
(237.60 0.10 -8.00) 
(237.80 0.10 -8.00) 
(238.00 0.10 -8.00) 
(238.20 0.10 -8.00) 
(238.40 0.10 -8.00) 
(238.60 0.10 -8.00) 
(238.80 0.10 -8.00) 
(239.00 0.10 -8.00) 
(239.20 0.10 -8.00) 
(239.40 0.10 -8.00) 
(239.60 0.10 -8.00) 
(239.80 0.10 -8.00) 
(240.00 0.10 -8.00) 
(240.20 0.10 -8.00) 
(240.40 0.10 -8.00) 
(240.60 0.10 -8.00) 
(240.80 0.10 -8.00) 
(241.00 0.10 -8.00) 
(241.20 0.10 -8.00) 
(241.40 0.10 -8.00) 
(241.60 0.10 -8.00) 
(241.80 0.10 -8.00) 
(242.00 0.10 -8.00) 
(242.20 0.10 -8.00) 
(242.40 0.10 -8.00) 
(242.60 0.10 -8.00) 
(242.80 0.10 -8.00) 
(243.00 0.10 -8.00) 
(243.20 0.10 -8.00) 
(243.40 0.10 -8.00) 
(243.60 0.10 -8.00) 
(243.80 0.10 -8.00) 
(244.00 0.10 -8.00) 
(244.20 0.10 -8.00) 
(244.40 0.10 -8.00) 
(244.60 0.10 -8.00) 
(244.80 0.10 -8.00) 
(245.00 0.10 -8.00) 
(245.20 0.10 -8.00) 
(245.40 0.10 -8.00) 
(245.60 0.10 -8.00) 
(245.80 0.10 -8.00) 
(246.00 0.10 -8.00) 
(246.20 0.10 -8.00) 
(246.40 0.10 -8.00) 
(246.60 0.10 -8.00) 
(246.80 0.10 -8.00) 
(247.00 0.10 -8.00) 
(247.20 0.10 -8.00) 
(247.40 0.10 -8.00) 
(247.60 0.10 -8.00) 
(247.80 0.10 -8.00) 
(248.00 0.10 -8.00) 
(248.20 0.10 -8.00) 
(248.40 0.10 -8.00) 
(248.60 0.10 -8.00) 
(248.80 0.10 -8.00) 
(249.00 0.10 -8.00) 
(249.20 0.10 -8.00) 
(249.40 0.10 -8.00) 
(249.60 0.10 -8.00) 
(249.80 0.10 -8.00) 
(250.00 0.10 -8.00) 
(250.20 0.10 -8.00) 
(250.40 0.10 -8.00) 
(250.60 0.10 -8.00) 
(250.80 0.10 -8.00) 
(251.00 0.10 -8.00) 
(251.20 0.10 -8.00) 
(251.40 0.10 -8.00) 
(251.60 0.10 -8.00) 
(251.80 0.10 -8.00) 
(252.00 0.10 -8.00) 
(252.20 0.10 -8.00) 
(252.40 0.10 -8.00) 
(252.60 0.10 -8.00) 
(252.80 0.10 -8.00) 
(253.00 0.10 -8.00) 
(253.20 0.10 -8.00) 
(253.40 0.10 -8.00) 
(253.60 0.10 -8.00) 
(253.80 0.10 -8.00) 
(254.00 0.10 -8.00) 
(254.20 0.10 -8.00) 
(254.40 0.10 -8.00) 
(254.60 0.10 -8.00) 
(254.80 0.10 -8.00) 
(255.00 0.10 -8.00) 
(255.20 0.10 -8.00) 
(255.40 0.10 -8.00) 
(255.60 0.10 -8.00) 
(255.80 0.10 -8.00) 
(256.00 0.10 -8.00) 
(256.20 0.10 -8.00) 
(256.40 0.10 -8.00) 
(256.60 0.10 -8.00) 
(256.80 0.10 -8.00) 
(257.00 0.10 -8.00) 
(257.20 0.10 -8.00) 
(257.40 0.10 -8.00) 
(257.60 0.10 -8.00) 
(257.80 0.10 -8.00) 
(258.00 0.10 -8.00) 
(258.20 0.10 -8.00) 
(258.40 0.10 -8.00) 
(258.60 0.10 -8.00) 
(258.80 0.10 -8.00) 
(259.00 0.10 -8.00) 
(259.20 0.10 -8.00) 
(259.40 0.10 -8.00) 
(259.60 0.10 -8.00) 
(259.80 0.10 -8.00) 
(260.00 0.10 -8.00) 
(260.20 0.10 -8.00) 
(260.40 0.10 -8.00) 
(260.60 0.10 -8.00) 
(260.80 0.10 -8.00) 
(261.00 0.10 -8.00) 
(261.20 0.10 -8.00) 
(261.40 0.10 -8.00) 
(261.60 0.10 -8.00) 
(261.80 0.10 -8.00) 
(262.00 0.10 -8.00) 
(262.20 0.10 -8.00) 
(262.40 0.10 -8.00) 
(262.60 0.10 -8.00) 
(262.80 0.10 -8.00) 
(263.00 0.10 -8.00) 
(263.20 0.10 -8.00) 
(263.40 0.10 -8.00) 
(263.60 0.10 -8.00) 
(263.80 0.10 -8.00) 
(264.00 0.10 -8.00) 
(264.20 0.10 -8.00) 
(264.40 0.10 -8.00) 
(264.60 0.10 -8.00) 
(264.80 0.10 -8.00) 
(265.00 0.10 -8.00) 
(265.20 0.10 -8.00) 
(265.40 0.10 -8.00) 
(265.60 0.10 -8.00) 
(265.80 0.10 -8.00) 
(266.00 0.10 -8.00) 
(266.20 0.10 -8.00) 
(266.40 0.10 -8.00) 
(266.60 0.10 -8.00) 
(266.80 0.10 -8.00) 
(267.00 0.10 -8.00) 
(267.20 0.10 -8.00) 
(267.40 0.10 -8.00) 
(267.60 0.10 -8.00) 
(267.80 0.10 -8.00) 
(268.00 0.10 -8.00) 
(268.20 0.10 -8.00) 
(268.40 0.10 -8.00) 
(268.60 0.10 -8.00) 
(268.80 0.10 -8.00) 
(269.00 0.10 -8.00) 
(269.20 0.10 -8.00) 
(269.40 0.10 -8.00) 
(269.60 0.10 -8.00) 
(269.80 0.10 -8.00) 
(270.00 0.10 -8.00) 
(270.20 0.10 -8.00) 
(270.40 0.10 -8.00) 
(270.60 0.10 -8.00) 
(270.80 0.10 -8.00) 
(271.00 0.10 -8.00) 
(271.20 0.10 -8.00) 
(271.40 0.10 -8.00) 
(271.60 0.10 -8.00) 
(271.80 0.10 -8.00) 
(272.00 0.10 -8.00) 
(272.20 0.10 -8.00) 
(272.40 0.10 -8.00) 
(272.60 0.10 -8.00) 
(272.80 0.10 -8.00) 
(273.00 0.10 -8.00) 
(273.20 0.10 -8.00) 
(273.40 0.10 -8.00) 
(273.60 0.10 -8.00) 
(273.80 0.10 -8.00) 
(274.00 0.10 -8.00) 
(274.20 0.10 -8.00) 
(274.40 0.10 -8.00) 
(274.60 0.10 -8.00) 
(274.80 0.10 -8.00) 
(275.00 0.10 -8.00) 
(275.20 0.10 -8.00) 
(275.40 0.10 -8.00) 
(275.60 0.10 -8.00) 
(275.80 0.10 -8.00) 
(276.00 0.10 -8.00) 
(276.20 0.10 -8.00) 
(276.40 0.10 -8.00) 
(276.60 0.10 -8.00) 
(276.80 0.10 -8.00) 
(277.00 0.10 -8.00) 
(277.20 0.10 -8.00) 
(277.40 0.10 -8.00) 
(277.60 0.10 -8.00) 
(277.80 0.10 -8.00) 
(278.00 0.10 -8.00) 
(278.20 0.10 -8.00) 
(278.40 0.10 -8.00) 
(278.60 0.10 -8.00) 
(278.80 0.10 -8.00) 
(279.00 0.10 -8.00) 
(279.20 0.10 -8.00) 
(279.40 0.10 -8.00) 
(279.60 0.10 -8.00) 
(279.80 0.10 -8.00) 
(280.00 0.10 -8.00) 
(280.20 0.10 -8.00) 
(280.40 0.10 -8.00) 
(280.60 0.10 -8.00) 
(280.80 0.10 -8.00) 
(281.00 0.10 -8.00) 
(281.20 0.10 -8.00) 
(281.40 0.10 -8.00) 
(281.60 0.10 -8.00) 
(281.80 0.10 -8.00) 
(282.00 0.10 -8.00) 
(282.20 0.10 -8.00) 
(282.40 0.10 -8.00) 
(282.60 0.10 -8.00) 
(282.80 0.10 -8.00) 
(283.00 0.10 -8.00) 
(283.20 0.10 -8.00) 
(283.40 0.10 -8.00) 
(283.60 0.10 -8.00) 
(283.80 0.10 -8.00) 
(284.00 0.10 -8.00) 
(284.20 0.10 -8.00) 
(284.40 0.10 -8.00) 
(284.60 0.10 -8.00) 
(284.80 0.10 -8.00) 
(285.00 0.10 -8.00) 
(285.20 0.10 -8.00) 
(285.40 0.10 -8.00) 
(285.60 0.10 -8.00) 
(285.80 0.10 -8.00) 
(286.00 0.10 -8.00) 
(286.20 0.10 -8.00) 
(286.40 0.10 -8.00) 
(286.60 0.10 -8.00) 
(286.80 0.10 -8.00) 
(287.00 0.10 -8.00) 
(287.20 0.10 -8.00) 
(287.40 0.10 -8.00) 
(287.60 0.10 -8.00) 
(287.80 0.10 -8.00) 
(288.00 0.10 -8.00) 
(288.20 0.10 -8.00) 
(288.40 0.10 -8.00) 
(288.60 0.10 -8.00) 
(288.80 0.10 -8.00) 
(289.00 0.10 -8.00) 
(289.20 0.10 -8.00) 
(289.40 0.10 -8.00) 
(289.60 0.10 -8.00) 
(289.80 0.10 -8.00) 
(290.00 0.10 -8.00) 
(290.20 0.10 -8.00) 
(290.40 0.10 -8.00) 
(290.60 0.10 -8.00) 
(290.80 0.10 -8.00) 
(291.00 0.10 -8.00) 
(291.20 0.10 -8.00) 
(291.40 0.10 -8.00) 
(291.60 0.10 -8.00) 
(291.80 0.10 -8.00) 
(292.00 0.10 -8.00) 
(292.20 0.10 -8.00) 
(292.40 0.10 -8.00) 
(292.60 0.10 -8.00) 
(292.80 0.10 -8.00) 
(293.00 0.10 -8.00) 
(293.20 0.10 -8.00) 
(293.40 0.10 -8.00) 
(293.60 0.10 -8.00) 
(293.80 0.10 -8.00) 
(294.00 0.10 -8.00) 
(294.20 0.10 -8.00) 
(294.40 0.10 -8.00) 
(294.60 0.10 -8.00) 
(294.80 0.10 -8.00) 
(295.00 0.10 -8.00) 
(295.20 0.10 -8.00) 
(295.40 0.10 -8.00) 
(295.60 0.10 -8.00) 
(295.80 0.10 -8.00) 
(296.00 0.10 -8.00) 
(296.20 0.10 -8.00) 
(296.40 0.10 -8.00) 
(296.60 0.10 -8.00) 
(296.80 0.10 -8.00) 
(297.00 0.10 -8.00) 
(297.20 0.10 -8.00) 
(297.40 0.10 -8.00) 
(297.60 0.10 -8.00) 
(297.80 0.10 -8.00) 
(298.00 0.10 -8.00) 
(298.20 0.10 -8.00) 
(298.40 0.10 -8.00) 
(298.60 0.10 -8.00) 
(298.80 0.10 -8.00) 
(299.00 0.10 -8.00) 
(299.20 0.10 -8.00) 
(299.40 0.10 -8.00) 
(299.60 0.10 -8.00) 
(299.80 0.10 -8.00) 
(300.00 0.10 -8.00) 
(300.20 0.10 -8.00) 
(300.40 0.10 -8.00) 
(300.60 0.10 -8.00) 
(300.80 0.10 -8.00) 
(301.00 0.10 -8.00) 
(301.20 0.10 -8.00) 
(301.40 0.10 -8.00) 
(301.60 0.10 -8.00) 
(301.80 0.10 -8.00) 
(302.00 0.10 -8.00) 
(302.20 0.10 -8.00) 
(302.40 0.10 -8.00) 
(302.60 0.10 -8.00) 
(302.80 0.10 -8.00) 
(303.00 0.10 -8.00) 
(303.20 0.10 -8.00) 
(303.40 0.10 -8.00) 
(303.60 0.10 -8.00) 
(303.80 0.10 -8.00) 
(304.00 0.10 -8.00) 
(304.20 0.10 -8.00) 
(304.40 0.10 -8.00) 
(304.60 0.10 -8.00) 
(304.80 0.10 -8.00) 
(305.00 0.10 -8.00) 
(305.20 0.10 -8.00) 
(305.40 0.10 -8.00) 
(305.60 0.10 -8.00) 
(305.80 0.10 -8.00) 
(306.00 0.10 -8.00) 
(306.20 0.10 -8.00) 
(306.40 0.10 -8.00) 
(306.60 0.10 -8.00) 
(306.80 0.10 -8.00) 
(307.00 0.10 -8.00) 
(307.20 0.10 -8.00) 
(307.40 0.10 -8.00) 
(307.60 0.10 -8.00) 
(307.80 0.10 -8.00) 
(308.00 0.10 -8.00) 
(308.20 0.10 -8.00) 
(308.40 0.10 -8.00) 
(308.60 0.10 -8.00) 
(308.80 0.10 -8.00) 
(309.00 0.10 -8.00) 
(309.20 0.10 -8.00) 
(309.40 0.10 -8.00) 
(309.60 0.10 -8.00) 
(309.80 0.10 -8.00) 
(310.00 0.10 -8.00) 
(310.20 0.10 -8.00) 
(310.40 0.10 -8.00) 
(310.60 0.10 -8.00) 
(310.80 0.10 -8.00) 
(311.00 0.10 -8.00) 
(311.20 0.10 -8.00) 
(311.40 0.10 -8.00) 
(311.60 0.10 -8.00) 
(311.80 0.10 -8.00) 
(312.00 0.10 -8.00) 
(312.20 0.10 -8.00) 
(312.40 0.10 -8.00) 
(312.60 0.10 -8.00) 
(312.80 0.10 -8.00) 
(313.00 0.10 -8.00) 
(313.20 0.10 -8.00) 
(313.40 0.10 -8.00) 
(313.60 0.10 -8.00) 
(313.80 0.10 -8.00) 
(314.00 0.10 -8.00) 
(314.20 0.10 -8.00) 
(314.40 0.10 -8.00) 
(314.60 0.10 -8.00) 
(314.80 0.10 -8.00) 
(315.00 0.10 -8.00) 
(315.20 0.10 -8.00) 
(315.40 0.10 -8.00) 
(315.60 0.10 -8.00) 
(315.80 0.10 -8.00) 
(316.00 0.10 -8.00) 
(316.20 0.10 -8.00) 
(316.40 0.10 -8.00) 
(316.60 0.10 -8.00) 
(316.80 0.10 -8.00) 
(317.00 0.10 -8.00) 
(317.20 0.10 -8.00) 
(317.40 0.10 -8.00) 
(317.60 0.10 -8.00) 
);  

