/*--------------------------------*- C++ -*----------------------------------*\
| =========                 |                                                 |
| \\      /  F ield         | foam-extend: Open Source CFD                    |
|  \\    /   O peration     | Version:     4.0                                |
|   \\  /    A nd           | Web:         http://www.foam-extend.org         |
|    \\/     M anipulation  |                                                 |
\*---------------------------------------------------------------------------*/
FoamFile
{
    version     2.0;
    format      ascii;
    class       faceList;
    location    "constant/polyMesh";
    object      faces;
}
// * * * * * * * * * * * * * * * * * * * * * * * * * * * * * * * * * * * * * //


3404
(
4(1 6 1011 1006)
4(5 1010 1011 6)
4(2 7 1012 1007)
4(6 1011 1012 7)
4(3 8 1013 1008)
4(7 1012 1013 8)
4(8 1013 1014 9)
4(6 11 1016 1011)
4(10 1015 1016 11)
4(7 12 1017 1012)
4(11 1016 1017 12)
4(8 13 1018 1013)
4(12 1017 1018 13)
4(13 1018 1019 14)
4(11 16 1021 1016)
4(15 1020 1021 16)
4(12 17 1022 1017)
4(16 1021 1022 17)
4(13 18 1023 1018)
4(17 1022 1023 18)
4(18 1023 1024 19)
4(16 21 1026 1021)
4(20 1025 1026 21)
4(17 22 1027 1022)
4(21 1026 1027 22)
4(18 23 1028 1023)
4(22 1027 1028 23)
4(23 1028 1029 24)
4(21 26 1031 1026)
4(25 1030 1031 26)
4(22 27 1032 1027)
4(26 1031 1032 27)
4(23 28 1033 1028)
4(27 1032 1033 28)
4(28 1033 1034 29)
4(26 31 1036 1031)
4(30 1035 1036 31)
4(27 32 1037 1032)
4(31 1036 1037 32)
4(28 33 1038 1033)
4(32 1037 1038 33)
4(33 1038 1039 34)
4(31 36 1041 1036)
4(35 1040 1041 36)
4(32 37 1042 1037)
4(36 1041 1042 37)
4(33 38 1043 1038)
4(37 1042 1043 38)
4(38 1043 1044 39)
4(36 41 1046 1041)
4(40 1045 1046 41)
4(37 42 1047 1042)
4(41 1046 1047 42)
4(38 43 1048 1043)
4(42 1047 1048 43)
4(43 1048 1049 44)
4(41 46 1051 1046)
4(45 1050 1051 46)
4(42 47 1052 1047)
4(46 1051 1052 47)
4(43 48 1053 1048)
4(47 1052 1053 48)
4(48 1053 1054 49)
4(46 51 1056 1051)
4(50 1055 1056 51)
4(47 52 1057 1052)
4(51 1056 1057 52)
4(48 53 1058 1053)
4(52 1057 1058 53)
4(53 1058 1059 54)
4(51 56 1061 1056)
4(55 1060 1061 56)
4(52 57 1062 1057)
4(56 1061 1062 57)
4(53 58 1063 1058)
4(57 1062 1063 58)
4(58 1063 1064 59)
4(56 61 1066 1061)
4(60 1065 1066 61)
4(57 62 1067 1062)
4(61 1066 1067 62)
4(58 63 1068 1063)
4(62 1067 1068 63)
4(63 1068 1069 64)
4(61 66 1071 1066)
4(65 1070 1071 66)
4(62 67 1072 1067)
4(66 1071 1072 67)
4(63 68 1073 1068)
4(67 1072 1073 68)
4(68 1073 1074 69)
4(66 71 1076 1071)
4(70 1075 1076 71)
4(67 72 1077 1072)
4(71 1076 1077 72)
4(68 73 1078 1073)
4(72 1077 1078 73)
4(73 1078 1079 74)
4(71 76 1081 1076)
4(75 1080 1081 76)
4(72 77 1082 1077)
4(76 1081 1082 77)
4(73 78 1083 1078)
4(77 1082 1083 78)
4(78 1083 1084 79)
4(76 81 1086 1081)
4(80 1085 1086 81)
4(77 82 1087 1082)
4(81 1086 1087 82)
4(78 83 1088 1083)
4(82 1087 1088 83)
4(83 1088 1089 84)
4(81 86 1091 1086)
4(85 1090 1091 86)
4(82 87 1092 1087)
4(86 1091 1092 87)
4(83 88 1093 1088)
4(87 1092 1093 88)
4(88 1093 1094 89)
4(86 91 1096 1091)
4(90 1095 1096 91)
4(87 92 1097 1092)
4(91 1096 1097 92)
4(88 93 1098 1093)
4(92 1097 1098 93)
4(93 1098 1099 94)
4(91 96 1101 1096)
4(95 1100 1101 96)
4(92 97 1102 1097)
4(96 1101 1102 97)
4(93 98 1103 1098)
4(97 1102 1103 98)
4(98 1103 1104 99)
4(96 101 1106 1101)
4(100 1105 1106 101)
4(97 102 1107 1102)
4(101 1106 1107 102)
4(98 103 1108 1103)
4(102 1107 1108 103)
4(103 1108 1109 104)
4(101 106 1111 1106)
4(105 1110 1111 106)
4(102 107 1112 1107)
4(106 1111 1112 107)
4(103 108 1113 1108)
4(107 1112 1113 108)
4(108 1113 1114 109)
4(106 111 1116 1111)
4(110 1115 1116 111)
4(107 112 1117 1112)
4(111 1116 1117 112)
4(108 113 1118 1113)
4(112 1117 1118 113)
4(113 1118 1119 114)
4(111 116 1121 1116)
4(115 1120 1121 116)
4(112 117 1122 1117)
4(116 1121 1122 117)
4(113 118 1123 1118)
4(117 1122 1123 118)
4(118 1123 1124 119)
4(116 121 1126 1121)
4(120 1125 1126 121)
4(117 122 1127 1122)
4(121 1126 1127 122)
4(118 123 1128 1123)
4(122 1127 1128 123)
4(123 1128 1129 124)
4(121 126 1131 1126)
4(125 1130 1131 126)
4(122 127 1132 1127)
4(126 1131 1132 127)
4(123 128 1133 1128)
4(127 1132 1133 128)
4(128 1133 1134 129)
4(126 131 1136 1131)
4(130 1135 1136 131)
4(127 132 1137 1132)
4(131 1136 1137 132)
4(128 133 1138 1133)
4(132 1137 1138 133)
4(133 1138 1139 134)
4(131 136 1141 1136)
4(135 1140 1141 136)
4(132 137 1142 1137)
4(136 1141 1142 137)
4(133 138 1143 1138)
4(137 1142 1143 138)
4(138 1143 1144 139)
4(136 141 1146 1141)
4(140 1145 1146 141)
4(137 142 1147 1142)
4(141 1146 1147 142)
4(138 143 1148 1143)
4(142 1147 1148 143)
4(143 1148 1149 144)
4(141 146 1151 1146)
4(145 1150 1151 146)
4(142 147 1152 1147)
4(146 1151 1152 147)
4(143 148 1153 1148)
4(147 1152 1153 148)
4(148 1153 1154 149)
4(146 151 1156 1151)
4(150 1155 1156 151)
4(147 152 1157 1152)
4(151 1156 1157 152)
4(148 153 1158 1153)
4(152 1157 1158 153)
4(153 1158 1159 154)
4(151 156 1161 1156)
4(155 1160 1161 156)
4(152 157 1162 1157)
4(156 1161 1162 157)
4(153 158 1163 1158)
4(157 1162 1163 158)
4(158 1163 1164 159)
4(156 161 1166 1161)
4(160 1165 1166 161)
4(157 162 1167 1162)
4(161 1166 1167 162)
4(158 163 1168 1163)
4(162 1167 1168 163)
4(163 1168 1169 164)
4(161 166 1171 1166)
4(165 1170 1171 166)
4(162 167 1172 1167)
4(166 1171 1172 167)
4(163 168 1173 1168)
4(167 1172 1173 168)
4(168 1173 1174 169)
4(166 171 1176 1171)
4(170 1175 1176 171)
4(167 172 1177 1172)
4(171 1176 1177 172)
4(168 173 1178 1173)
4(172 1177 1178 173)
4(173 1178 1179 174)
4(171 176 1181 1176)
4(175 1180 1181 176)
4(172 177 1182 1177)
4(176 1181 1182 177)
4(173 178 1183 1178)
4(177 1182 1183 178)
4(178 1183 1184 179)
4(176 181 1186 1181)
4(180 1185 1186 181)
4(177 182 1187 1182)
4(181 1186 1187 182)
4(178 183 1188 1183)
4(182 1187 1188 183)
4(183 1188 1189 184)
4(181 186 1191 1186)
4(185 1190 1191 186)
4(182 187 1192 1187)
4(186 1191 1192 187)
4(183 188 1193 1188)
4(187 1192 1193 188)
4(188 1193 1194 189)
4(186 191 1196 1191)
4(190 1195 1196 191)
4(187 192 1197 1192)
4(191 1196 1197 192)
4(188 193 1198 1193)
4(192 1197 1198 193)
4(193 1198 1199 194)
4(191 196 1201 1196)
4(195 1200 1201 196)
4(192 197 1202 1197)
4(196 1201 1202 197)
4(193 198 1203 1198)
4(197 1202 1203 198)
4(198 1203 1204 199)
4(196 201 1206 1201)
4(200 1205 1206 201)
4(197 202 1207 1202)
4(201 1206 1207 202)
4(198 203 1208 1203)
4(202 1207 1208 203)
4(203 1208 1209 204)
4(201 206 1211 1206)
4(205 1210 1211 206)
4(202 207 1212 1207)
4(206 1211 1212 207)
4(203 208 1213 1208)
4(207 1212 1213 208)
4(208 1213 1214 209)
4(206 211 1216 1211)
4(210 1215 1216 211)
4(207 212 1217 1212)
4(211 1216 1217 212)
4(208 213 1218 1213)
4(212 1217 1218 213)
4(213 1218 1219 214)
4(211 216 1221 1216)
4(215 1220 1221 216)
4(212 217 1222 1217)
4(216 1221 1222 217)
4(213 218 1223 1218)
4(217 1222 1223 218)
4(218 1223 1224 219)
4(216 221 1226 1221)
4(220 1225 1226 221)
4(217 222 1227 1222)
4(221 1226 1227 222)
4(218 223 1228 1223)
4(222 1227 1228 223)
4(223 1228 1229 224)
4(221 226 1231 1226)
4(225 1230 1231 226)
4(222 227 1232 1227)
4(226 1231 1232 227)
4(223 228 1233 1228)
4(227 1232 1233 228)
4(228 1233 1234 229)
4(226 231 1236 1231)
4(230 1235 1236 231)
4(227 232 1237 1232)
4(231 1236 1237 232)
4(228 233 1238 1233)
4(232 1237 1238 233)
4(233 1238 1239 234)
4(231 236 1241 1236)
4(235 1240 1241 236)
4(232 237 1242 1237)
4(236 1241 1242 237)
4(233 238 1243 1238)
4(237 1242 1243 238)
4(238 1243 1244 239)
4(236 241 1246 1241)
4(240 1245 1246 241)
4(237 242 1247 1242)
4(241 1246 1247 242)
4(238 243 1248 1243)
4(242 1247 1248 243)
4(243 1248 1249 244)
4(241 246 1251 1246)
4(245 1250 1251 246)
4(242 247 1252 1247)
4(246 1251 1252 247)
4(243 248 1253 1248)
4(247 1252 1253 248)
4(248 1253 1254 249)
4(246 251 1256 1251)
4(250 1255 1256 251)
4(247 252 1257 1252)
4(251 1256 1257 252)
4(248 253 1258 1253)
4(252 1257 1258 253)
4(253 1258 1259 254)
4(251 256 1261 1256)
4(255 1260 1261 256)
4(252 257 1262 1257)
4(256 1261 1262 257)
4(253 258 1263 1258)
4(257 1262 1263 258)
4(258 1263 1264 259)
4(256 261 1266 1261)
4(260 1265 1266 261)
4(257 262 1267 1262)
4(261 1266 1267 262)
4(258 263 1268 1263)
4(262 1267 1268 263)
4(263 1268 1269 264)
4(261 266 1271 1266)
4(265 1270 1271 266)
4(262 267 1272 1267)
4(266 1271 1272 267)
4(263 268 1273 1268)
4(267 1272 1273 268)
4(268 1273 1274 269)
4(266 271 1276 1271)
4(270 1275 1276 271)
4(267 272 1277 1272)
4(271 1276 1277 272)
4(268 273 1278 1273)
4(272 1277 1278 273)
4(273 1278 1279 274)
4(271 276 1281 1276)
4(275 1280 1281 276)
4(272 277 1282 1277)
4(276 1281 1282 277)
4(273 278 1283 1278)
4(277 1282 1283 278)
4(278 1283 1284 279)
4(276 281 1286 1281)
4(280 1285 1286 281)
4(277 282 1287 1282)
4(281 1286 1287 282)
4(278 283 1288 1283)
4(282 1287 1288 283)
4(283 1288 1289 284)
4(281 286 1291 1286)
4(285 1290 1291 286)
4(282 287 1292 1287)
4(286 1291 1292 287)
4(283 288 1293 1288)
4(287 1292 1293 288)
4(288 1293 1294 289)
4(286 291 1296 1291)
4(290 1295 1296 291)
4(287 292 1297 1292)
4(291 1296 1297 292)
4(288 293 1298 1293)
4(292 1297 1298 293)
4(293 1298 1299 294)
4(291 296 1301 1296)
4(295 1300 1301 296)
4(292 297 1302 1297)
4(296 1301 1302 297)
4(293 298 1303 1298)
4(297 1302 1303 298)
4(298 1303 1304 299)
4(296 301 1306 1301)
4(300 1305 1306 301)
4(297 302 1307 1302)
4(301 1306 1307 302)
4(298 303 1308 1303)
4(302 1307 1308 303)
4(303 1308 1309 304)
4(301 306 1311 1306)
4(305 1310 1311 306)
4(302 307 1312 1307)
4(306 1311 1312 307)
4(303 308 1313 1308)
4(307 1312 1313 308)
4(308 1313 1314 309)
4(306 311 1316 1311)
4(310 1315 1316 311)
4(307 312 1317 1312)
4(311 1316 1317 312)
4(308 313 1318 1313)
4(312 1317 1318 313)
4(313 1318 1319 314)
4(311 316 1321 1316)
4(315 1320 1321 316)
4(312 317 1322 1317)
4(316 1321 1322 317)
4(313 318 1323 1318)
4(317 1322 1323 318)
4(318 1323 1324 319)
4(316 321 1326 1321)
4(320 1325 1326 321)
4(317 322 1327 1322)
4(321 1326 1327 322)
4(318 323 1328 1323)
4(322 1327 1328 323)
4(323 1328 1329 324)
4(321 326 1331 1326)
4(325 1330 1331 326)
4(322 327 1332 1327)
4(326 1331 1332 327)
4(323 328 1333 1328)
4(327 1332 1333 328)
4(328 1333 1334 329)
4(326 331 1336 1331)
4(330 1335 1336 331)
4(327 332 1337 1332)
4(331 1336 1337 332)
4(328 333 1338 1333)
4(332 1337 1338 333)
4(333 1338 1339 334)
4(331 336 1341 1336)
4(335 1340 1341 336)
4(332 337 1342 1337)
4(336 1341 1342 337)
4(333 338 1343 1338)
4(337 1342 1343 338)
4(338 1343 1344 339)
4(336 341 1346 1341)
4(340 1345 1346 341)
4(337 342 1347 1342)
4(341 1346 1347 342)
4(338 343 1348 1343)
4(342 1347 1348 343)
4(343 1348 1349 344)
4(341 346 1351 1346)
4(345 1350 1351 346)
4(342 347 1352 1347)
4(346 1351 1352 347)
4(343 348 1353 1348)
4(347 1352 1353 348)
4(348 1353 1354 349)
4(346 351 1356 1351)
4(350 1355 1356 351)
4(347 352 1357 1352)
4(351 1356 1357 352)
4(348 353 1358 1353)
4(352 1357 1358 353)
4(353 1358 1359 354)
4(351 356 1361 1356)
4(355 1360 1361 356)
4(352 357 1362 1357)
4(356 1361 1362 357)
4(353 358 1363 1358)
4(357 1362 1363 358)
4(358 1363 1364 359)
4(356 361 1366 1361)
4(360 1365 1366 361)
4(357 362 1367 1362)
4(361 1366 1367 362)
4(358 363 1368 1363)
4(362 1367 1368 363)
4(363 1368 1369 364)
4(361 366 1371 1366)
4(365 1370 1371 366)
4(362 367 1372 1367)
4(366 1371 1372 367)
4(363 368 1373 1368)
4(367 1372 1373 368)
4(368 1373 1374 369)
4(366 371 1376 1371)
4(370 1375 1376 371)
4(367 372 1377 1372)
4(371 1376 1377 372)
4(368 373 1378 1373)
4(372 1377 1378 373)
4(373 1378 1379 374)
4(371 376 1381 1376)
4(375 1380 1381 376)
4(372 377 1382 1377)
4(376 1381 1382 377)
4(373 378 1383 1378)
4(377 1382 1383 378)
4(378 1383 1384 379)
4(376 381 1386 1381)
4(380 1385 1386 381)
4(377 382 1387 1382)
4(381 1386 1387 382)
4(378 383 1388 1383)
4(382 1387 1388 383)
4(383 1388 1389 384)
4(381 386 1391 1386)
4(385 1390 1391 386)
4(382 387 1392 1387)
4(386 1391 1392 387)
4(383 388 1393 1388)
4(387 1392 1393 388)
4(388 1393 1394 389)
4(386 391 1396 1391)
4(390 1395 1396 391)
4(387 392 1397 1392)
4(391 1396 1397 392)
4(388 393 1398 1393)
4(392 1397 1398 393)
4(393 1398 1399 394)
4(391 396 1401 1396)
4(395 1400 1401 396)
4(392 397 1402 1397)
4(396 1401 1402 397)
4(393 398 1403 1398)
4(397 1402 1403 398)
4(398 1403 1404 399)
4(396 401 1406 1401)
4(400 1405 1406 401)
4(397 402 1407 1402)
4(401 1406 1407 402)
4(398 403 1408 1403)
4(402 1407 1408 403)
4(403 1408 1409 404)
4(401 406 1411 1406)
4(405 1410 1411 406)
4(402 407 1412 1407)
4(406 1411 1412 407)
4(403 408 1413 1408)
4(407 1412 1413 408)
4(408 1413 1414 409)
4(406 411 1416 1411)
4(410 1415 1416 411)
4(407 412 1417 1412)
4(411 1416 1417 412)
4(408 413 1418 1413)
4(412 1417 1418 413)
4(413 1418 1419 414)
4(411 416 1421 1416)
4(415 1420 1421 416)
4(412 417 1422 1417)
4(416 1421 1422 417)
4(413 418 1423 1418)
4(417 1422 1423 418)
4(418 1423 1424 419)
4(416 421 1426 1421)
4(420 1425 1426 421)
4(417 422 1427 1422)
4(421 1426 1427 422)
4(418 423 1428 1423)
4(422 1427 1428 423)
4(423 1428 1429 424)
4(421 426 1431 1426)
4(425 1430 1431 426)
4(422 427 1432 1427)
4(426 1431 1432 427)
4(423 428 1433 1428)
4(427 1432 1433 428)
4(428 1433 1434 429)
4(426 431 1436 1431)
4(430 1435 1436 431)
4(427 432 1437 1432)
4(431 1436 1437 432)
4(428 433 1438 1433)
4(432 1437 1438 433)
4(433 1438 1439 434)
4(431 436 1441 1436)
4(435 1440 1441 436)
4(432 437 1442 1437)
4(436 1441 1442 437)
4(433 438 1443 1438)
4(437 1442 1443 438)
4(438 1443 1444 439)
4(436 441 1446 1441)
4(440 1445 1446 441)
4(437 442 1447 1442)
4(441 1446 1447 442)
4(438 443 1448 1443)
4(442 1447 1448 443)
4(443 1448 1449 444)
4(441 446 1451 1446)
4(445 1450 1451 446)
4(442 447 1452 1447)
4(446 1451 1452 447)
4(443 448 1453 1448)
4(447 1452 1453 448)
4(448 1453 1454 449)
4(446 451 1456 1451)
4(450 1455 1456 451)
4(447 452 1457 1452)
4(451 1456 1457 452)
4(448 453 1458 1453)
4(452 1457 1458 453)
4(453 1458 1459 454)
4(451 456 1461 1456)
4(455 1460 1461 456)
4(452 457 1462 1457)
4(456 1461 1462 457)
4(453 458 1463 1458)
4(457 1462 1463 458)
4(458 1463 1464 459)
4(456 461 1466 1461)
4(460 1465 1466 461)
4(457 462 1467 1462)
4(461 1466 1467 462)
4(458 463 1468 1463)
4(462 1467 1468 463)
4(463 1468 1469 464)
4(461 466 1471 1466)
4(465 1470 1471 466)
4(462 467 1472 1467)
4(466 1471 1472 467)
4(463 468 1473 1468)
4(467 1472 1473 468)
4(468 1473 1474 469)
4(466 471 1476 1471)
4(470 1475 1476 471)
4(467 472 1477 1472)
4(471 1476 1477 472)
4(468 473 1478 1473)
4(472 1477 1478 473)
4(473 1478 1479 474)
4(471 476 1481 1476)
4(475 1480 1481 476)
4(472 477 1482 1477)
4(476 1481 1482 477)
4(473 478 1483 1478)
4(477 1482 1483 478)
4(478 1483 1484 479)
4(476 481 1486 1481)
4(480 1485 1486 481)
4(477 482 1487 1482)
4(481 1486 1487 482)
4(478 483 1488 1483)
4(482 1487 1488 483)
4(483 1488 1489 484)
4(481 486 1491 1486)
4(485 1490 1491 486)
4(482 487 1492 1487)
4(486 1491 1492 487)
4(483 488 1493 1488)
4(487 1492 1493 488)
4(488 1493 1494 489)
4(486 491 1496 1491)
4(490 1495 1496 491)
4(487 492 1497 1492)
4(491 1496 1497 492)
4(488 493 1498 1493)
4(492 1497 1498 493)
4(493 1498 1499 494)
4(491 496 1501 1496)
4(495 1500 1501 496)
4(492 497 1502 1497)
4(496 1501 1502 497)
4(493 498 1503 1498)
4(497 1502 1503 498)
4(498 1503 1504 499)
4(496 501 1506 1501)
4(500 1505 1506 501)
4(497 502 1507 1502)
4(501 1506 1507 502)
4(498 503 1508 1503)
4(502 1507 1508 503)
4(503 1508 1509 504)
4(501 506 1511 1506)
4(505 1510 1511 506)
4(502 507 1512 1507)
4(506 1511 1512 507)
4(503 508 1513 1508)
4(507 1512 1513 508)
4(508 1513 1514 509)
4(506 511 1516 1511)
4(510 1515 1516 511)
4(507 512 1517 1512)
4(511 1516 1517 512)
4(508 513 1518 1513)
4(512 1517 1518 513)
4(513 1518 1519 514)
4(511 516 1521 1516)
4(515 1520 1521 516)
4(512 517 1522 1517)
4(516 1521 1522 517)
4(513 518 1523 1518)
4(517 1522 1523 518)
4(518 1523 1524 519)
4(516 521 1526 1521)
4(520 1525 1526 521)
4(517 522 1527 1522)
4(521 1526 1527 522)
4(518 523 1528 1523)
4(522 1527 1528 523)
4(523 1528 1529 524)
4(521 526 1531 1526)
4(525 1530 1531 526)
4(522 527 1532 1527)
4(526 1531 1532 527)
4(523 528 1533 1528)
4(527 1532 1533 528)
4(528 1533 1534 529)
4(526 531 1536 1531)
4(530 1535 1536 531)
4(527 532 1537 1532)
4(531 1536 1537 532)
4(528 533 1538 1533)
4(532 1537 1538 533)
4(533 1538 1539 534)
4(531 536 1541 1536)
4(535 1540 1541 536)
4(532 537 1542 1537)
4(536 1541 1542 537)
4(533 538 1543 1538)
4(537 1542 1543 538)
4(538 1543 1544 539)
4(536 541 1546 1541)
4(540 1545 1546 541)
4(537 542 1547 1542)
4(541 1546 1547 542)
4(538 543 1548 1543)
4(542 1547 1548 543)
4(543 1548 1549 544)
4(541 546 1551 1546)
4(545 1550 1551 546)
4(542 547 1552 1547)
4(546 1551 1552 547)
4(543 548 1553 1548)
4(547 1552 1553 548)
4(548 1553 1554 549)
4(546 551 1556 1551)
4(550 1555 1556 551)
4(547 552 1557 1552)
4(551 1556 1557 552)
4(548 553 1558 1553)
4(552 1557 1558 553)
4(553 1558 1559 554)
4(551 556 1561 1556)
4(555 1560 1561 556)
4(552 557 1562 1557)
4(556 1561 1562 557)
4(553 558 1563 1558)
4(557 1562 1563 558)
4(558 1563 1564 559)
4(556 561 1566 1561)
4(560 1565 1566 561)
4(557 562 1567 1562)
4(561 1566 1567 562)
4(558 563 1568 1563)
4(562 1567 1568 563)
4(563 1568 1569 564)
4(561 566 1571 1566)
4(565 1570 1571 566)
4(562 567 1572 1567)
4(566 1571 1572 567)
4(563 568 1573 1568)
4(567 1572 1573 568)
4(568 1573 1574 569)
4(566 571 1576 1571)
4(570 1575 1576 571)
4(567 572 1577 1572)
4(571 1576 1577 572)
4(568 573 1578 1573)
4(572 1577 1578 573)
4(573 1578 1579 574)
4(571 576 1581 1576)
4(575 1580 1581 576)
4(572 577 1582 1577)
4(576 1581 1582 577)
4(573 578 1583 1578)
4(577 1582 1583 578)
4(578 1583 1584 579)
4(576 581 1586 1581)
4(580 1585 1586 581)
4(577 582 1587 1582)
4(581 1586 1587 582)
4(578 583 1588 1583)
4(582 1587 1588 583)
4(583 1588 1589 584)
4(581 586 1591 1586)
4(585 1590 1591 586)
4(582 587 1592 1587)
4(586 1591 1592 587)
4(583 588 1593 1588)
4(587 1592 1593 588)
4(588 1593 1594 589)
4(586 591 1596 1591)
4(590 1595 1596 591)
4(587 592 1597 1592)
4(591 1596 1597 592)
4(588 593 1598 1593)
4(592 1597 1598 593)
4(593 1598 1599 594)
4(591 596 1601 1596)
4(595 1600 1601 596)
4(592 597 1602 1597)
4(596 1601 1602 597)
4(593 598 1603 1598)
4(597 1602 1603 598)
4(598 1603 1604 599)
4(596 601 1606 1601)
4(600 1605 1606 601)
4(597 602 1607 1602)
4(601 1606 1607 602)
4(598 603 1608 1603)
4(602 1607 1608 603)
4(603 1608 1609 604)
4(601 606 1611 1606)
4(605 1610 1611 606)
4(602 607 1612 1607)
4(606 1611 1612 607)
4(603 608 1613 1608)
4(607 1612 1613 608)
4(608 1613 1614 609)
4(606 611 1616 1611)
4(610 1615 1616 611)
4(607 612 1617 1612)
4(611 1616 1617 612)
4(608 613 1618 1613)
4(612 1617 1618 613)
4(613 1618 1619 614)
4(611 616 1621 1616)
4(615 1620 1621 616)
4(612 617 1622 1617)
4(616 1621 1622 617)
4(613 618 1623 1618)
4(617 1622 1623 618)
4(618 1623 1624 619)
4(616 621 1626 1621)
4(620 1625 1626 621)
4(617 622 1627 1622)
4(621 1626 1627 622)
4(618 623 1628 1623)
4(622 1627 1628 623)
4(623 1628 1629 624)
4(621 626 1631 1626)
4(625 1630 1631 626)
4(622 627 1632 1627)
4(626 1631 1632 627)
4(623 628 1633 1628)
4(627 1632 1633 628)
4(628 1633 1634 629)
4(626 631 1636 1631)
4(630 1635 1636 631)
4(627 632 1637 1632)
4(631 1636 1637 632)
4(628 633 1638 1633)
4(632 1637 1638 633)
4(633 1638 1639 634)
4(631 636 1641 1636)
4(635 1640 1641 636)
4(632 637 1642 1637)
4(636 1641 1642 637)
4(633 638 1643 1638)
4(637 1642 1643 638)
4(638 1643 1644 639)
4(636 641 1646 1641)
4(640 1645 1646 641)
4(637 642 1647 1642)
4(641 1646 1647 642)
4(638 643 1648 1643)
4(642 1647 1648 643)
4(643 1648 1649 644)
4(641 646 1651 1646)
4(645 1650 1651 646)
4(642 647 1652 1647)
4(646 1651 1652 647)
4(643 648 1653 1648)
4(647 1652 1653 648)
4(648 1653 1654 649)
4(646 651 1656 1651)
4(650 1655 1656 651)
4(647 652 1657 1652)
4(651 1656 1657 652)
4(648 653 1658 1653)
4(652 1657 1658 653)
4(653 1658 1659 654)
4(651 656 1661 1656)
4(655 1660 1661 656)
4(652 657 1662 1657)
4(656 1661 1662 657)
4(653 658 1663 1658)
4(657 1662 1663 658)
4(658 1663 1664 659)
4(656 661 1666 1661)
4(660 1665 1666 661)
4(657 662 1667 1662)
4(661 1666 1667 662)
4(658 663 1668 1663)
4(662 1667 1668 663)
4(663 1668 1669 664)
4(661 666 1671 1666)
4(665 1670 1671 666)
4(662 667 1672 1667)
4(666 1671 1672 667)
4(663 668 1673 1668)
4(667 1672 1673 668)
4(668 1673 1674 669)
4(666 671 1676 1671)
4(670 1675 1676 671)
4(667 672 1677 1672)
4(671 1676 1677 672)
4(668 673 1678 1673)
4(672 1677 1678 673)
4(673 1678 1679 674)
4(671 676 1681 1676)
4(675 1680 1681 676)
4(672 677 1682 1677)
4(676 1681 1682 677)
4(673 678 1683 1678)
4(677 1682 1683 678)
4(678 1683 1684 679)
4(676 681 1686 1681)
4(680 1685 1686 681)
4(677 682 1687 1682)
4(681 1686 1687 682)
4(678 683 1688 1683)
4(682 1687 1688 683)
4(683 1688 1689 684)
4(681 686 1691 1686)
4(685 1690 1691 686)
4(682 687 1692 1687)
4(686 1691 1692 687)
4(683 688 1693 1688)
4(687 1692 1693 688)
4(688 1693 1694 689)
4(686 691 1696 1691)
4(690 1695 1696 691)
4(687 692 1697 1692)
4(691 1696 1697 692)
4(688 693 1698 1693)
4(692 1697 1698 693)
4(693 1698 1699 694)
4(691 696 1701 1696)
4(695 1700 1701 696)
4(692 697 1702 1697)
4(696 1701 1702 697)
4(693 698 1703 1698)
4(697 1702 1703 698)
4(698 1703 1704 699)
4(696 701 1706 1701)
4(700 1705 1706 701)
4(697 702 1707 1702)
4(701 1706 1707 702)
4(698 703 1708 1703)
4(702 1707 1708 703)
4(703 1708 1709 704)
4(701 706 1711 1706)
4(705 1710 1711 706)
4(702 707 1712 1707)
4(706 1711 1712 707)
4(703 708 1713 1708)
4(707 1712 1713 708)
4(708 1713 1714 709)
4(706 711 1716 1711)
4(710 1715 1716 711)
4(707 712 1717 1712)
4(711 1716 1717 712)
4(708 713 1718 1713)
4(712 1717 1718 713)
4(713 1718 1719 714)
4(711 716 1721 1716)
4(715 1720 1721 716)
4(712 717 1722 1717)
4(716 1721 1722 717)
4(713 718 1723 1718)
4(717 1722 1723 718)
4(718 1723 1724 719)
4(716 721 1726 1721)
4(720 1725 1726 721)
4(717 722 1727 1722)
4(721 1726 1727 722)
4(718 723 1728 1723)
4(722 1727 1728 723)
4(723 1728 1729 724)
4(721 726 1731 1726)
4(725 1730 1731 726)
4(722 727 1732 1727)
4(726 1731 1732 727)
4(723 728 1733 1728)
4(727 1732 1733 728)
4(728 1733 1734 729)
4(726 731 1736 1731)
4(730 1735 1736 731)
4(727 732 1737 1732)
4(731 1736 1737 732)
4(728 733 1738 1733)
4(732 1737 1738 733)
4(733 1738 1739 734)
4(731 736 1741 1736)
4(735 1740 1741 736)
4(732 737 1742 1737)
4(736 1741 1742 737)
4(733 738 1743 1738)
4(737 1742 1743 738)
4(738 1743 1744 739)
4(736 741 1746 1741)
4(740 1745 1746 741)
4(737 742 1747 1742)
4(741 1746 1747 742)
4(738 743 1748 1743)
4(742 1747 1748 743)
4(743 1748 1749 744)
4(741 746 1751 1746)
4(745 1750 1751 746)
4(742 747 1752 1747)
4(746 1751 1752 747)
4(743 748 1753 1748)
4(747 1752 1753 748)
4(748 1753 1754 749)
4(746 751 1756 1751)
4(750 1755 1756 751)
4(747 752 1757 1752)
4(751 1756 1757 752)
4(748 753 1758 1753)
4(752 1757 1758 753)
4(753 1758 1759 754)
4(751 756 1761 1756)
4(755 1760 1761 756)
4(752 757 1762 1757)
4(756 1761 1762 757)
4(753 758 1763 1758)
4(757 1762 1763 758)
4(758 1763 1764 759)
4(756 761 1766 1761)
4(760 1765 1766 761)
4(757 762 1767 1762)
4(761 1766 1767 762)
4(758 763 1768 1763)
4(762 1767 1768 763)
4(763 1768 1769 764)
4(761 766 1771 1766)
4(765 1770 1771 766)
4(762 767 1772 1767)
4(766 1771 1772 767)
4(763 768 1773 1768)
4(767 1772 1773 768)
4(768 1773 1774 769)
4(766 771 1776 1771)
4(770 1775 1776 771)
4(767 772 1777 1772)
4(771 1776 1777 772)
4(768 773 1778 1773)
4(772 1777 1778 773)
4(773 1778 1779 774)
4(771 776 1781 1776)
4(775 1780 1781 776)
4(772 777 1782 1777)
4(776 1781 1782 777)
4(773 778 1783 1778)
4(777 1782 1783 778)
4(778 1783 1784 779)
4(776 781 1786 1781)
4(780 1785 1786 781)
4(777 782 1787 1782)
4(781 1786 1787 782)
4(778 783 1788 1783)
4(782 1787 1788 783)
4(783 1788 1789 784)
4(781 786 1791 1786)
4(785 1790 1791 786)
4(782 787 1792 1787)
4(786 1791 1792 787)
4(783 788 1793 1788)
4(787 1792 1793 788)
4(788 1793 1794 789)
4(786 791 1796 1791)
4(790 1795 1796 791)
4(787 792 1797 1792)
4(791 1796 1797 792)
4(788 793 1798 1793)
4(792 1797 1798 793)
4(793 1798 1799 794)
4(791 796 1801 1796)
4(795 1800 1801 796)
4(792 797 1802 1797)
4(796 1801 1802 797)
4(793 798 1803 1798)
4(797 1802 1803 798)
4(798 1803 1804 799)
4(796 801 1806 1801)
4(800 1805 1806 801)
4(797 802 1807 1802)
4(801 1806 1807 802)
4(798 803 1808 1803)
4(802 1807 1808 803)
4(803 1808 1809 804)
4(801 806 1811 1806)
4(805 1810 1811 806)
4(802 807 1812 1807)
4(806 1811 1812 807)
4(803 808 1813 1808)
4(807 1812 1813 808)
4(808 1813 1814 809)
4(806 811 1816 1811)
4(810 1815 1816 811)
4(807 812 1817 1812)
4(811 1816 1817 812)
4(808 813 1818 1813)
4(812 1817 1818 813)
4(813 1818 1819 814)
4(811 816 1821 1816)
4(815 1820 1821 816)
4(812 817 1822 1817)
4(816 1821 1822 817)
4(813 818 1823 1818)
4(817 1822 1823 818)
4(818 1823 1824 819)
4(816 821 1826 1821)
4(820 1825 1826 821)
4(817 822 1827 1822)
4(821 1826 1827 822)
4(818 823 1828 1823)
4(822 1827 1828 823)
4(823 1828 1829 824)
4(821 826 1831 1826)
4(825 1830 1831 826)
4(822 827 1832 1827)
4(826 1831 1832 827)
4(823 828 1833 1828)
4(827 1832 1833 828)
4(828 1833 1834 829)
4(826 831 1836 1831)
4(830 1835 1836 831)
4(827 832 1837 1832)
4(831 1836 1837 832)
4(828 833 1838 1833)
4(832 1837 1838 833)
4(833 1838 1839 834)
4(831 836 1841 1836)
4(835 1840 1841 836)
4(832 837 1842 1837)
4(836 1841 1842 837)
4(833 838 1843 1838)
4(837 1842 1843 838)
4(838 1843 1844 839)
4(836 841 1846 1841)
4(840 1845 1846 841)
4(837 842 1847 1842)
4(841 1846 1847 842)
4(838 843 1848 1843)
4(842 1847 1848 843)
4(843 1848 1849 844)
4(841 846 1851 1846)
4(845 1850 1851 846)
4(842 847 1852 1847)
4(846 1851 1852 847)
4(843 848 1853 1848)
4(847 1852 1853 848)
4(848 1853 1854 849)
4(846 851 1856 1851)
4(850 1855 1856 851)
4(847 852 1857 1852)
4(851 1856 1857 852)
4(848 853 1858 1853)
4(852 1857 1858 853)
4(853 1858 1859 854)
4(851 856 1861 1856)
4(855 1860 1861 856)
4(852 857 1862 1857)
4(856 1861 1862 857)
4(853 858 1863 1858)
4(857 1862 1863 858)
4(858 1863 1864 859)
4(856 861 1866 1861)
4(860 1865 1866 861)
4(857 862 1867 1862)
4(861 1866 1867 862)
4(858 863 1868 1863)
4(862 1867 1868 863)
4(863 1868 1869 864)
4(861 866 1871 1866)
4(865 1870 1871 866)
4(862 867 1872 1867)
4(866 1871 1872 867)
4(863 868 1873 1868)
4(867 1872 1873 868)
4(868 1873 1874 869)
4(866 871 1876 1871)
4(870 1875 1876 871)
4(867 872 1877 1872)
4(871 1876 1877 872)
4(868 873 1878 1873)
4(872 1877 1878 873)
4(873 1878 1879 874)
4(871 876 1881 1876)
4(875 1880 1881 876)
4(872 877 1882 1877)
4(876 1881 1882 877)
4(873 878 1883 1878)
4(877 1882 1883 878)
4(878 1883 1884 879)
4(876 881 1886 1881)
4(880 1885 1886 881)
4(877 882 1887 1882)
4(881 1886 1887 882)
4(878 883 1888 1883)
4(882 1887 1888 883)
4(883 1888 1889 884)
4(881 886 1891 1886)
4(885 1890 1891 886)
4(882 887 1892 1887)
4(886 1891 1892 887)
4(883 888 1893 1888)
4(887 1892 1893 888)
4(888 1893 1894 889)
4(886 891 1896 1891)
4(890 1895 1896 891)
4(887 892 1897 1892)
4(891 1896 1897 892)
4(888 893 1898 1893)
4(892 1897 1898 893)
4(893 1898 1899 894)
4(891 896 1901 1896)
4(895 1900 1901 896)
4(892 897 1902 1897)
4(896 1901 1902 897)
4(893 898 1903 1898)
4(897 1902 1903 898)
4(898 1903 1904 899)
4(896 901 1906 1901)
4(900 1905 1906 901)
4(897 902 1907 1902)
4(901 1906 1907 902)
4(898 903 1908 1903)
4(902 1907 1908 903)
4(903 1908 1909 904)
4(901 906 1911 1906)
4(905 1910 1911 906)
4(902 907 1912 1907)
4(906 1911 1912 907)
4(903 908 1913 1908)
4(907 1912 1913 908)
4(908 1913 1914 909)
4(906 911 1916 1911)
4(910 1915 1916 911)
4(907 912 1917 1912)
4(911 1916 1917 912)
4(908 913 1918 1913)
4(912 1917 1918 913)
4(913 1918 1919 914)
4(911 916 1921 1916)
4(915 1920 1921 916)
4(912 917 1922 1917)
4(916 1921 1922 917)
4(913 918 1923 1918)
4(917 1922 1923 918)
4(918 1923 1924 919)
4(916 921 1926 1921)
4(920 1925 1926 921)
4(917 922 1927 1922)
4(921 1926 1927 922)
4(918 923 1928 1923)
4(922 1927 1928 923)
4(923 1928 1929 924)
4(921 926 1931 1926)
4(925 1930 1931 926)
4(922 927 1932 1927)
4(926 1931 1932 927)
4(923 928 1933 1928)
4(927 1932 1933 928)
4(928 1933 1934 929)
4(926 931 1936 1931)
4(930 1935 1936 931)
4(927 932 1937 1932)
4(931 1936 1937 932)
4(928 933 1938 1933)
4(932 1937 1938 933)
4(933 1938 1939 934)
4(931 936 1941 1936)
4(935 1940 1941 936)
4(932 937 1942 1937)
4(936 1941 1942 937)
4(933 938 1943 1938)
4(937 1942 1943 938)
4(938 1943 1944 939)
4(936 941 1946 1941)
4(940 1945 1946 941)
4(937 942 1947 1942)
4(941 1946 1947 942)
4(938 943 1948 1943)
4(942 1947 1948 943)
4(943 1948 1949 944)
4(941 946 1951 1946)
4(945 1950 1951 946)
4(942 947 1952 1947)
4(946 1951 1952 947)
4(943 948 1953 1948)
4(947 1952 1953 948)
4(948 1953 1954 949)
4(946 951 1956 1951)
4(950 1955 1956 951)
4(947 952 1957 1952)
4(951 1956 1957 952)
4(948 953 1958 1953)
4(952 1957 1958 953)
4(953 1958 1959 954)
4(951 956 1961 1956)
4(955 1960 1961 956)
4(952 957 1962 1957)
4(956 1961 1962 957)
4(953 958 1963 1958)
4(957 1962 1963 958)
4(958 1963 1964 959)
4(956 961 1966 1961)
4(960 1965 1966 961)
4(957 962 1967 1962)
4(961 1966 1967 962)
4(958 963 1968 1963)
4(962 1967 1968 963)
4(963 1968 1969 964)
4(961 966 1971 1966)
4(965 1970 1971 966)
4(962 967 1972 1967)
4(966 1971 1972 967)
4(963 968 1973 1968)
4(967 1972 1973 968)
4(968 1973 1974 969)
4(966 971 1976 1971)
4(970 1975 1976 971)
4(967 972 1977 1972)
4(971 1976 1977 972)
4(968 973 1978 1973)
4(972 1977 1978 973)
4(973 1978 1979 974)
4(971 976 1981 1976)
4(975 1980 1981 976)
4(972 977 1982 1977)
4(976 1981 1982 977)
4(973 978 1983 1978)
4(977 1982 1983 978)
4(978 1983 1984 979)
4(976 981 1986 1981)
4(980 1985 1986 981)
4(977 982 1987 1982)
4(981 1986 1987 982)
4(978 983 1988 1983)
4(982 1987 1988 983)
4(983 1988 1989 984)
4(981 986 1991 1986)
4(985 1990 1991 986)
4(982 987 1992 1987)
4(986 1991 1992 987)
4(983 988 1993 1988)
4(987 1992 1993 988)
4(988 1993 1994 989)
4(986 991 1996 1991)
4(990 1995 1996 991)
4(987 992 1997 1992)
4(991 1996 1997 992)
4(988 993 1998 1993)
4(992 1997 1998 993)
4(993 1998 1999 994)
4(991 996 2001 1996)
4(995 2000 2001 996)
4(992 997 2002 1997)
4(996 2001 2002 997)
4(993 998 2003 1998)
4(997 2002 2003 998)
4(998 2003 2004 999)
4(996 1001 2006 2001)
4(997 1002 2007 2002)
4(998 1003 2008 2003)
4(0 1 1006 1005)
4(1 2 1007 1006)
4(2 3 1008 1007)
4(3 4 1009 1008)
4(0 5 6 1)
4(5 10 11 6)
4(10 15 16 11)
4(15 20 21 16)
4(20 25 26 21)
4(25 30 31 26)
4(30 35 36 31)
4(35 40 41 36)
4(40 45 46 41)
4(45 50 51 46)
4(50 55 56 51)
4(55 60 61 56)
4(60 65 66 61)
4(65 70 71 66)
4(70 75 76 71)
4(75 80 81 76)
4(80 85 86 81)
4(85 90 91 86)
4(90 95 96 91)
4(95 100 101 96)
4(100 105 106 101)
4(105 110 111 106)
4(110 115 116 111)
4(115 120 121 116)
4(120 125 126 121)
4(125 130 131 126)
4(130 135 136 131)
4(135 140 141 136)
4(140 145 146 141)
4(145 150 151 146)
4(150 155 156 151)
4(155 160 161 156)
4(160 165 166 161)
4(165 170 171 166)
4(170 175 176 171)
4(175 180 181 176)
4(180 185 186 181)
4(185 190 191 186)
4(190 195 196 191)
4(195 200 201 196)
4(200 205 206 201)
4(205 210 211 206)
4(210 215 216 211)
4(215 220 221 216)
4(220 225 226 221)
4(225 230 231 226)
4(230 235 236 231)
4(235 240 241 236)
4(240 245 246 241)
4(245 250 251 246)
4(250 255 256 251)
4(255 260 261 256)
4(260 265 266 261)
4(265 270 271 266)
4(270 275 276 271)
4(275 280 281 276)
4(280 285 286 281)
4(285 290 291 286)
4(290 295 296 291)
4(295 300 301 296)
4(300 305 306 301)
4(305 310 311 306)
4(310 315 316 311)
4(315 320 321 316)
4(320 325 326 321)
4(325 330 331 326)
4(330 335 336 331)
4(335 340 341 336)
4(340 345 346 341)
4(345 350 351 346)
4(350 355 356 351)
4(355 360 361 356)
4(360 365 366 361)
4(365 370 371 366)
4(370 375 376 371)
4(375 380 381 376)
4(380 385 386 381)
4(385 390 391 386)
4(390 395 396 391)
4(395 400 401 396)
4(400 405 406 401)
4(405 410 411 406)
4(410 415 416 411)
4(415 420 421 416)
4(420 425 426 421)
4(425 430 431 426)
4(430 435 436 431)
4(435 440 441 436)
4(440 445 446 441)
4(445 450 451 446)
4(450 455 456 451)
4(455 460 461 456)
4(460 465 466 461)
4(465 470 471 466)
4(470 475 476 471)
4(475 480 481 476)
4(480 485 486 481)
4(485 490 491 486)
4(490 495 496 491)
4(495 500 501 496)
4(500 505 506 501)
4(505 510 511 506)
4(510 515 516 511)
4(515 520 521 516)
4(520 525 526 521)
4(525 530 531 526)
4(530 535 536 531)
4(535 540 541 536)
4(540 545 546 541)
4(545 550 551 546)
4(550 555 556 551)
4(555 560 561 556)
4(560 565 566 561)
4(565 570 571 566)
4(570 575 576 571)
4(575 580 581 576)
4(580 585 586 581)
4(585 590 591 586)
4(590 595 596 591)
4(595 600 601 596)
4(600 605 606 601)
4(605 610 611 606)
4(610 615 616 611)
4(615 620 621 616)
4(620 625 626 621)
4(625 630 631 626)
4(630 635 636 631)
4(635 640 641 636)
4(640 645 646 641)
4(645 650 651 646)
4(650 655 656 651)
4(655 660 661 656)
4(660 665 666 661)
4(665 670 671 666)
4(670 675 676 671)
4(675 680 681 676)
4(680 685 686 681)
4(685 690 691 686)
4(690 695 696 691)
4(695 700 701 696)
4(700 705 706 701)
4(705 710 711 706)
4(710 715 716 711)
4(715 720 721 716)
4(720 725 726 721)
4(725 730 731 726)
4(730 735 736 731)
4(735 740 741 736)
4(740 745 746 741)
4(745 750 751 746)
4(750 755 756 751)
4(755 760 761 756)
4(760 765 766 761)
4(765 770 771 766)
4(770 775 776 771)
4(775 780 781 776)
4(780 785 786 781)
4(785 790 791 786)
4(790 795 796 791)
4(795 800 801 796)
4(800 805 806 801)
4(805 810 811 806)
4(810 815 816 811)
4(815 820 821 816)
4(820 825 826 821)
4(825 830 831 826)
4(830 835 836 831)
4(835 840 841 836)
4(840 845 846 841)
4(845 850 851 846)
4(850 855 856 851)
4(855 860 861 856)
4(860 865 866 861)
4(865 870 871 866)
4(870 875 876 871)
4(875 880 881 876)
4(880 885 886 881)
4(885 890 891 886)
4(890 895 896 891)
4(895 900 901 896)
4(900 905 906 901)
4(905 910 911 906)
4(910 915 916 911)
4(915 920 921 916)
4(920 925 926 921)
4(925 930 931 926)
4(930 935 936 931)
4(935 940 941 936)
4(940 945 946 941)
4(945 950 951 946)
4(950 955 956 951)
4(955 960 961 956)
4(960 965 966 961)
4(965 970 971 966)
4(970 975 976 971)
4(975 980 981 976)
4(980 985 986 981)
4(985 990 991 986)
4(990 995 996 991)
4(995 1000 1001 996)
4(1 6 7 2)
4(6 11 12 7)
4(11 16 17 12)
4(16 21 22 17)
4(21 26 27 22)
4(26 31 32 27)
4(31 36 37 32)
4(36 41 42 37)
4(41 46 47 42)
4(46 51 52 47)
4(51 56 57 52)
4(56 61 62 57)
4(61 66 67 62)
4(66 71 72 67)
4(71 76 77 72)
4(76 81 82 77)
4(81 86 87 82)
4(86 91 92 87)
4(91 96 97 92)
4(96 101 102 97)
4(101 106 107 102)
4(106 111 112 107)
4(111 116 117 112)
4(116 121 122 117)
4(121 126 127 122)
4(126 131 132 127)
4(131 136 137 132)
4(136 141 142 137)
4(141 146 147 142)
4(146 151 152 147)
4(151 156 157 152)
4(156 161 162 157)
4(161 166 167 162)
4(166 171 172 167)
4(171 176 177 172)
4(176 181 182 177)
4(181 186 187 182)
4(186 191 192 187)
4(191 196 197 192)
4(196 201 202 197)
4(201 206 207 202)
4(206 211 212 207)
4(211 216 217 212)
4(216 221 222 217)
4(221 226 227 222)
4(226 231 232 227)
4(231 236 237 232)
4(236 241 242 237)
4(241 246 247 242)
4(246 251 252 247)
4(251 256 257 252)
4(256 261 262 257)
4(261 266 267 262)
4(266 271 272 267)
4(271 276 277 272)
4(276 281 282 277)
4(281 286 287 282)
4(286 291 292 287)
4(291 296 297 292)
4(296 301 302 297)
4(301 306 307 302)
4(306 311 312 307)
4(311 316 317 312)
4(316 321 322 317)
4(321 326 327 322)
4(326 331 332 327)
4(331 336 337 332)
4(336 341 342 337)
4(341 346 347 342)
4(346 351 352 347)
4(351 356 357 352)
4(356 361 362 357)
4(361 366 367 362)
4(366 371 372 367)
4(371 376 377 372)
4(376 381 382 377)
4(381 386 387 382)
4(386 391 392 387)
4(391 396 397 392)
4(396 401 402 397)
4(401 406 407 402)
4(406 411 412 407)
4(411 416 417 412)
4(416 421 422 417)
4(421 426 427 422)
4(426 431 432 427)
4(431 436 437 432)
4(436 441 442 437)
4(441 446 447 442)
4(446 451 452 447)
4(451 456 457 452)
4(456 461 462 457)
4(461 466 467 462)
4(466 471 472 467)
4(471 476 477 472)
4(476 481 482 477)
4(481 486 487 482)
4(486 491 492 487)
4(491 496 497 492)
4(496 501 502 497)
4(501 506 507 502)
4(506 511 512 507)
4(511 516 517 512)
4(516 521 522 517)
4(521 526 527 522)
4(526 531 532 527)
4(531 536 537 532)
4(536 541 542 537)
4(541 546 547 542)
4(546 551 552 547)
4(551 556 557 552)
4(556 561 562 557)
4(561 566 567 562)
4(566 571 572 567)
4(571 576 577 572)
4(576 581 582 577)
4(581 586 587 582)
4(586 591 592 587)
4(591 596 597 592)
4(596 601 602 597)
4(601 606 607 602)
4(606 611 612 607)
4(611 616 617 612)
4(616 621 622 617)
4(621 626 627 622)
4(626 631 632 627)
4(631 636 637 632)
4(636 641 642 637)
4(641 646 647 642)
4(646 651 652 647)
4(651 656 657 652)
4(656 661 662 657)
4(661 666 667 662)
4(666 671 672 667)
4(671 676 677 672)
4(676 681 682 677)
4(681 686 687 682)
4(686 691 692 687)
4(691 696 697 692)
4(696 701 702 697)
4(701 706 707 702)
4(706 711 712 707)
4(711 716 717 712)
4(716 721 722 717)
4(721 726 727 722)
4(726 731 732 727)
4(731 736 737 732)
4(736 741 742 737)
4(741 746 747 742)
4(746 751 752 747)
4(751 756 757 752)
4(756 761 762 757)
4(761 766 767 762)
4(766 771 772 767)
4(771 776 777 772)
4(776 781 782 777)
4(781 786 787 782)
4(786 791 792 787)
4(791 796 797 792)
4(796 801 802 797)
4(801 806 807 802)
4(806 811 812 807)
4(811 816 817 812)
4(816 821 822 817)
4(821 826 827 822)
4(826 831 832 827)
4(831 836 837 832)
4(836 841 842 837)
4(841 846 847 842)
4(846 851 852 847)
4(851 856 857 852)
4(856 861 862 857)
4(861 866 867 862)
4(866 871 872 867)
4(871 876 877 872)
4(876 881 882 877)
4(881 886 887 882)
4(886 891 892 887)
4(891 896 897 892)
4(896 901 902 897)
4(901 906 907 902)
4(906 911 912 907)
4(911 916 917 912)
4(916 921 922 917)
4(921 926 927 922)
4(926 931 932 927)
4(931 936 937 932)
4(936 941 942 937)
4(941 946 947 942)
4(946 951 952 947)
4(951 956 957 952)
4(956 961 962 957)
4(961 966 967 962)
4(966 971 972 967)
4(971 976 977 972)
4(976 981 982 977)
4(981 986 987 982)
4(986 991 992 987)
4(991 996 997 992)
4(996 1001 1002 997)
4(2 7 8 3)
4(7 12 13 8)
4(12 17 18 13)
4(17 22 23 18)
4(22 27 28 23)
4(27 32 33 28)
4(32 37 38 33)
4(37 42 43 38)
4(42 47 48 43)
4(47 52 53 48)
4(52 57 58 53)
4(57 62 63 58)
4(62 67 68 63)
4(67 72 73 68)
4(72 77 78 73)
4(77 82 83 78)
4(82 87 88 83)
4(87 92 93 88)
4(92 97 98 93)
4(97 102 103 98)
4(102 107 108 103)
4(107 112 113 108)
4(112 117 118 113)
4(117 122 123 118)
4(122 127 128 123)
4(127 132 133 128)
4(132 137 138 133)
4(137 142 143 138)
4(142 147 148 143)
4(147 152 153 148)
4(152 157 158 153)
4(157 162 163 158)
4(162 167 168 163)
4(167 172 173 168)
4(172 177 178 173)
4(177 182 183 178)
4(182 187 188 183)
4(187 192 193 188)
4(192 197 198 193)
4(197 202 203 198)
4(202 207 208 203)
4(207 212 213 208)
4(212 217 218 213)
4(217 222 223 218)
4(222 227 228 223)
4(227 232 233 228)
4(232 237 238 233)
4(237 242 243 238)
4(242 247 248 243)
4(247 252 253 248)
4(252 257 258 253)
4(257 262 263 258)
4(262 267 268 263)
4(267 272 273 268)
4(272 277 278 273)
4(277 282 283 278)
4(282 287 288 283)
4(287 292 293 288)
4(292 297 298 293)
4(297 302 303 298)
4(302 307 308 303)
4(307 312 313 308)
4(312 317 318 313)
4(317 322 323 318)
4(322 327 328 323)
4(327 332 333 328)
4(332 337 338 333)
4(337 342 343 338)
4(342 347 348 343)
4(347 352 353 348)
4(352 357 358 353)
4(357 362 363 358)
4(362 367 368 363)
4(367 372 373 368)
4(372 377 378 373)
4(377 382 383 378)
4(382 387 388 383)
4(387 392 393 388)
4(392 397 398 393)
4(397 402 403 398)
4(402 407 408 403)
4(407 412 413 408)
4(412 417 418 413)
4(417 422 423 418)
4(422 427 428 423)
4(427 432 433 428)
4(432 437 438 433)
4(437 442 443 438)
4(442 447 448 443)
4(447 452 453 448)
4(452 457 458 453)
4(457 462 463 458)
4(462 467 468 463)
4(467 472 473 468)
4(472 477 478 473)
4(477 482 483 478)
4(482 487 488 483)
4(487 492 493 488)
4(492 497 498 493)
4(497 502 503 498)
4(502 507 508 503)
4(507 512 513 508)
4(512 517 518 513)
4(517 522 523 518)
4(522 527 528 523)
4(527 532 533 528)
4(532 537 538 533)
4(537 542 543 538)
4(542 547 548 543)
4(547 552 553 548)
4(552 557 558 553)
4(557 562 563 558)
4(562 567 568 563)
4(567 572 573 568)
4(572 577 578 573)
4(577 582 583 578)
4(582 587 588 583)
4(587 592 593 588)
4(592 597 598 593)
4(597 602 603 598)
4(602 607 608 603)
4(607 612 613 608)
4(612 617 618 613)
4(617 622 623 618)
4(622 627 628 623)
4(627 632 633 628)
4(632 637 638 633)
4(637 642 643 638)
4(642 647 648 643)
4(647 652 653 648)
4(652 657 658 653)
4(657 662 663 658)
4(662 667 668 663)
4(667 672 673 668)
4(672 677 678 673)
4(677 682 683 678)
4(682 687 688 683)
4(687 692 693 688)
4(692 697 698 693)
4(697 702 703 698)
4(702 707 708 703)
4(707 712 713 708)
4(712 717 718 713)
4(717 722 723 718)
4(722 727 728 723)
4(727 732 733 728)
4(732 737 738 733)
4(737 742 743 738)
4(742 747 748 743)
4(747 752 753 748)
4(752 757 758 753)
4(757 762 763 758)
4(762 767 768 763)
4(767 772 773 768)
4(772 777 778 773)
4(777 782 783 778)
4(782 787 788 783)
4(787 792 793 788)
4(792 797 798 793)
4(797 802 803 798)
4(802 807 808 803)
4(807 812 813 808)
4(812 817 818 813)
4(817 822 823 818)
4(822 827 828 823)
4(827 832 833 828)
4(832 837 838 833)
4(837 842 843 838)
4(842 847 848 843)
4(847 852 853 848)
4(852 857 858 853)
4(857 862 863 858)
4(862 867 868 863)
4(867 872 873 868)
4(872 877 878 873)
4(877 882 883 878)
4(882 887 888 883)
4(887 892 893 888)
4(892 897 898 893)
4(897 902 903 898)
4(902 907 908 903)
4(907 912 913 908)
4(912 917 918 913)
4(917 922 923 918)
4(922 927 928 923)
4(927 932 933 928)
4(932 937 938 933)
4(937 942 943 938)
4(942 947 948 943)
4(947 952 953 948)
4(952 957 958 953)
4(957 962 963 958)
4(962 967 968 963)
4(967 972 973 968)
4(972 977 978 973)
4(977 982 983 978)
4(982 987 988 983)
4(987 992 993 988)
4(992 997 998 993)
4(997 1002 1003 998)
4(3 8 9 4)
4(8 13 14 9)
4(13 18 19 14)
4(18 23 24 19)
4(23 28 29 24)
4(28 33 34 29)
4(33 38 39 34)
4(38 43 44 39)
4(43 48 49 44)
4(48 53 54 49)
4(53 58 59 54)
4(58 63 64 59)
4(63 68 69 64)
4(68 73 74 69)
4(73 78 79 74)
4(78 83 84 79)
4(83 88 89 84)
4(88 93 94 89)
4(93 98 99 94)
4(98 103 104 99)
4(103 108 109 104)
4(108 113 114 109)
4(113 118 119 114)
4(118 123 124 119)
4(123 128 129 124)
4(128 133 134 129)
4(133 138 139 134)
4(138 143 144 139)
4(143 148 149 144)
4(148 153 154 149)
4(153 158 159 154)
4(158 163 164 159)
4(163 168 169 164)
4(168 173 174 169)
4(173 178 179 174)
4(178 183 184 179)
4(183 188 189 184)
4(188 193 194 189)
4(193 198 199 194)
4(198 203 204 199)
4(203 208 209 204)
4(208 213 214 209)
4(213 218 219 214)
4(218 223 224 219)
4(223 228 229 224)
4(228 233 234 229)
4(233 238 239 234)
4(238 243 244 239)
4(243 248 249 244)
4(248 253 254 249)
4(253 258 259 254)
4(258 263 264 259)
4(263 268 269 264)
4(268 273 274 269)
4(273 278 279 274)
4(278 283 284 279)
4(283 288 289 284)
4(288 293 294 289)
4(293 298 299 294)
4(298 303 304 299)
4(303 308 309 304)
4(308 313 314 309)
4(313 318 319 314)
4(318 323 324 319)
4(323 328 329 324)
4(328 333 334 329)
4(333 338 339 334)
4(338 343 344 339)
4(343 348 349 344)
4(348 353 354 349)
4(353 358 359 354)
4(358 363 364 359)
4(363 368 369 364)
4(368 373 374 369)
4(373 378 379 374)
4(378 383 384 379)
4(383 388 389 384)
4(388 393 394 389)
4(393 398 399 394)
4(398 403 404 399)
4(403 408 409 404)
4(408 413 414 409)
4(413 418 419 414)
4(418 423 424 419)
4(423 428 429 424)
4(428 433 434 429)
4(433 438 439 434)
4(438 443 444 439)
4(443 448 449 444)
4(448 453 454 449)
4(453 458 459 454)
4(458 463 464 459)
4(463 468 469 464)
4(468 473 474 469)
4(473 478 479 474)
4(478 483 484 479)
4(483 488 489 484)
4(488 493 494 489)
4(493 498 499 494)
4(498 503 504 499)
4(503 508 509 504)
4(508 513 514 509)
4(513 518 519 514)
4(518 523 524 519)
4(523 528 529 524)
4(528 533 534 529)
4(533 538 539 534)
4(538 543 544 539)
4(543 548 549 544)
4(548 553 554 549)
4(553 558 559 554)
4(558 563 564 559)
4(563 568 569 564)
4(568 573 574 569)
4(573 578 579 574)
4(578 583 584 579)
4(583 588 589 584)
4(588 593 594 589)
4(593 598 599 594)
4(598 603 604 599)
4(603 608 609 604)
4(608 613 614 609)
4(613 618 619 614)
4(618 623 624 619)
4(623 628 629 624)
4(628 633 634 629)
4(633 638 639 634)
4(638 643 644 639)
4(643 648 649 644)
4(648 653 654 649)
4(653 658 659 654)
4(658 663 664 659)
4(663 668 669 664)
4(668 673 674 669)
4(673 678 679 674)
4(678 683 684 679)
4(683 688 689 684)
4(688 693 694 689)
4(693 698 699 694)
4(698 703 704 699)
4(703 708 709 704)
4(708 713 714 709)
4(713 718 719 714)
4(718 723 724 719)
4(723 728 729 724)
4(728 733 734 729)
4(733 738 739 734)
4(738 743 744 739)
4(743 748 749 744)
4(748 753 754 749)
4(753 758 759 754)
4(758 763 764 759)
4(763 768 769 764)
4(768 773 774 769)
4(773 778 779 774)
4(778 783 784 779)
4(783 788 789 784)
4(788 793 794 789)
4(793 798 799 794)
4(798 803 804 799)
4(803 808 809 804)
4(808 813 814 809)
4(813 818 819 814)
4(818 823 824 819)
4(823 828 829 824)
4(828 833 834 829)
4(833 838 839 834)
4(838 843 844 839)
4(843 848 849 844)
4(848 853 854 849)
4(853 858 859 854)
4(858 863 864 859)
4(863 868 869 864)
4(868 873 874 869)
4(873 878 879 874)
4(878 883 884 879)
4(883 888 889 884)
4(888 893 894 889)
4(893 898 899 894)
4(898 903 904 899)
4(903 908 909 904)
4(908 913 914 909)
4(913 918 919 914)
4(918 923 924 919)
4(923 928 929 924)
4(928 933 934 929)
4(933 938 939 934)
4(938 943 944 939)
4(943 948 949 944)
4(948 953 954 949)
4(953 958 959 954)
4(958 963 964 959)
4(963 968 969 964)
4(968 973 974 969)
4(973 978 979 974)
4(978 983 984 979)
4(983 988 989 984)
4(988 993 994 989)
4(993 998 999 994)
4(998 1003 1004 999)
4(1005 1006 1011 1010)
4(1010 1011 1016 1015)
4(1015 1016 1021 1020)
4(1020 1021 1026 1025)
4(1025 1026 1031 1030)
4(1030 1031 1036 1035)
4(1035 1036 1041 1040)
4(1040 1041 1046 1045)
4(1045 1046 1051 1050)
4(1050 1051 1056 1055)
4(1055 1056 1061 1060)
4(1060 1061 1066 1065)
4(1065 1066 1071 1070)
4(1070 1071 1076 1075)
4(1075 1076 1081 1080)
4(1080 1081 1086 1085)
4(1085 1086 1091 1090)
4(1090 1091 1096 1095)
4(1095 1096 1101 1100)
4(1100 1101 1106 1105)
4(1105 1106 1111 1110)
4(1110 1111 1116 1115)
4(1115 1116 1121 1120)
4(1120 1121 1126 1125)
4(1125 1126 1131 1130)
4(1130 1131 1136 1135)
4(1135 1136 1141 1140)
4(1140 1141 1146 1145)
4(1145 1146 1151 1150)
4(1150 1151 1156 1155)
4(1155 1156 1161 1160)
4(1160 1161 1166 1165)
4(1165 1166 1171 1170)
4(1170 1171 1176 1175)
4(1175 1176 1181 1180)
4(1180 1181 1186 1185)
4(1185 1186 1191 1190)
4(1190 1191 1196 1195)
4(1195 1196 1201 1200)
4(1200 1201 1206 1205)
4(1205 1206 1211 1210)
4(1210 1211 1216 1215)
4(1215 1216 1221 1220)
4(1220 1221 1226 1225)
4(1225 1226 1231 1230)
4(1230 1231 1236 1235)
4(1235 1236 1241 1240)
4(1240 1241 1246 1245)
4(1245 1246 1251 1250)
4(1250 1251 1256 1255)
4(1255 1256 1261 1260)
4(1260 1261 1266 1265)
4(1265 1266 1271 1270)
4(1270 1271 1276 1275)
4(1275 1276 1281 1280)
4(1280 1281 1286 1285)
4(1285 1286 1291 1290)
4(1290 1291 1296 1295)
4(1295 1296 1301 1300)
4(1300 1301 1306 1305)
4(1305 1306 1311 1310)
4(1310 1311 1316 1315)
4(1315 1316 1321 1320)
4(1320 1321 1326 1325)
4(1325 1326 1331 1330)
4(1330 1331 1336 1335)
4(1335 1336 1341 1340)
4(1340 1341 1346 1345)
4(1345 1346 1351 1350)
4(1350 1351 1356 1355)
4(1355 1356 1361 1360)
4(1360 1361 1366 1365)
4(1365 1366 1371 1370)
4(1370 1371 1376 1375)
4(1375 1376 1381 1380)
4(1380 1381 1386 1385)
4(1385 1386 1391 1390)
4(1390 1391 1396 1395)
4(1395 1396 1401 1400)
4(1400 1401 1406 1405)
4(1405 1406 1411 1410)
4(1410 1411 1416 1415)
4(1415 1416 1421 1420)
4(1420 1421 1426 1425)
4(1425 1426 1431 1430)
4(1430 1431 1436 1435)
4(1435 1436 1441 1440)
4(1440 1441 1446 1445)
4(1445 1446 1451 1450)
4(1450 1451 1456 1455)
4(1455 1456 1461 1460)
4(1460 1461 1466 1465)
4(1465 1466 1471 1470)
4(1470 1471 1476 1475)
4(1475 1476 1481 1480)
4(1480 1481 1486 1485)
4(1485 1486 1491 1490)
4(1490 1491 1496 1495)
4(1495 1496 1501 1500)
4(1500 1501 1506 1505)
4(1505 1506 1511 1510)
4(1510 1511 1516 1515)
4(1515 1516 1521 1520)
4(1520 1521 1526 1525)
4(1525 1526 1531 1530)
4(1530 1531 1536 1535)
4(1535 1536 1541 1540)
4(1540 1541 1546 1545)
4(1545 1546 1551 1550)
4(1550 1551 1556 1555)
4(1555 1556 1561 1560)
4(1560 1561 1566 1565)
4(1565 1566 1571 1570)
4(1570 1571 1576 1575)
4(1575 1576 1581 1580)
4(1580 1581 1586 1585)
4(1585 1586 1591 1590)
4(1590 1591 1596 1595)
4(1595 1596 1601 1600)
4(1600 1601 1606 1605)
4(1605 1606 1611 1610)
4(1610 1611 1616 1615)
4(1615 1616 1621 1620)
4(1620 1621 1626 1625)
4(1625 1626 1631 1630)
4(1630 1631 1636 1635)
4(1635 1636 1641 1640)
4(1640 1641 1646 1645)
4(1645 1646 1651 1650)
4(1650 1651 1656 1655)
4(1655 1656 1661 1660)
4(1660 1661 1666 1665)
4(1665 1666 1671 1670)
4(1670 1671 1676 1675)
4(1675 1676 1681 1680)
4(1680 1681 1686 1685)
4(1685 1686 1691 1690)
4(1690 1691 1696 1695)
4(1695 1696 1701 1700)
4(1700 1701 1706 1705)
4(1705 1706 1711 1710)
4(1710 1711 1716 1715)
4(1715 1716 1721 1720)
4(1720 1721 1726 1725)
4(1725 1726 1731 1730)
4(1730 1731 1736 1735)
4(1735 1736 1741 1740)
4(1740 1741 1746 1745)
4(1745 1746 1751 1750)
4(1750 1751 1756 1755)
4(1755 1756 1761 1760)
4(1760 1761 1766 1765)
4(1765 1766 1771 1770)
4(1770 1771 1776 1775)
4(1775 1776 1781 1780)
4(1780 1781 1786 1785)
4(1785 1786 1791 1790)
4(1790 1791 1796 1795)
4(1795 1796 1801 1800)
4(1800 1801 1806 1805)
4(1805 1806 1811 1810)
4(1810 1811 1816 1815)
4(1815 1816 1821 1820)
4(1820 1821 1826 1825)
4(1825 1826 1831 1830)
4(1830 1831 1836 1835)
4(1835 1836 1841 1840)
4(1840 1841 1846 1845)
4(1845 1846 1851 1850)
4(1850 1851 1856 1855)
4(1855 1856 1861 1860)
4(1860 1861 1866 1865)
4(1865 1866 1871 1870)
4(1870 1871 1876 1875)
4(1875 1876 1881 1880)
4(1880 1881 1886 1885)
4(1885 1886 1891 1890)
4(1890 1891 1896 1895)
4(1895 1896 1901 1900)
4(1900 1901 1906 1905)
4(1905 1906 1911 1910)
4(1910 1911 1916 1915)
4(1915 1916 1921 1920)
4(1920 1921 1926 1925)
4(1925 1926 1931 1930)
4(1930 1931 1936 1935)
4(1935 1936 1941 1940)
4(1940 1941 1946 1945)
4(1945 1946 1951 1950)
4(1950 1951 1956 1955)
4(1955 1956 1961 1960)
4(1960 1961 1966 1965)
4(1965 1966 1971 1970)
4(1970 1971 1976 1975)
4(1975 1976 1981 1980)
4(1980 1981 1986 1985)
4(1985 1986 1991 1990)
4(1990 1991 1996 1995)
4(1995 1996 2001 2000)
4(2000 2001 2006 2005)
4(1006 1007 1012 1011)
4(1011 1012 1017 1016)
4(1016 1017 1022 1021)
4(1021 1022 1027 1026)
4(1026 1027 1032 1031)
4(1031 1032 1037 1036)
4(1036 1037 1042 1041)
4(1041 1042 1047 1046)
4(1046 1047 1052 1051)
4(1051 1052 1057 1056)
4(1056 1057 1062 1061)
4(1061 1062 1067 1066)
4(1066 1067 1072 1071)
4(1071 1072 1077 1076)
4(1076 1077 1082 1081)
4(1081 1082 1087 1086)
4(1086 1087 1092 1091)
4(1091 1092 1097 1096)
4(1096 1097 1102 1101)
4(1101 1102 1107 1106)
4(1106 1107 1112 1111)
4(1111 1112 1117 1116)
4(1116 1117 1122 1121)
4(1121 1122 1127 1126)
4(1126 1127 1132 1131)
4(1131 1132 1137 1136)
4(1136 1137 1142 1141)
4(1141 1142 1147 1146)
4(1146 1147 1152 1151)
4(1151 1152 1157 1156)
4(1156 1157 1162 1161)
4(1161 1162 1167 1166)
4(1166 1167 1172 1171)
4(1171 1172 1177 1176)
4(1176 1177 1182 1181)
4(1181 1182 1187 1186)
4(1186 1187 1192 1191)
4(1191 1192 1197 1196)
4(1196 1197 1202 1201)
4(1201 1202 1207 1206)
4(1206 1207 1212 1211)
4(1211 1212 1217 1216)
4(1216 1217 1222 1221)
4(1221 1222 1227 1226)
4(1226 1227 1232 1231)
4(1231 1232 1237 1236)
4(1236 1237 1242 1241)
4(1241 1242 1247 1246)
4(1246 1247 1252 1251)
4(1251 1252 1257 1256)
4(1256 1257 1262 1261)
4(1261 1262 1267 1266)
4(1266 1267 1272 1271)
4(1271 1272 1277 1276)
4(1276 1277 1282 1281)
4(1281 1282 1287 1286)
4(1286 1287 1292 1291)
4(1291 1292 1297 1296)
4(1296 1297 1302 1301)
4(1301 1302 1307 1306)
4(1306 1307 1312 1311)
4(1311 1312 1317 1316)
4(1316 1317 1322 1321)
4(1321 1322 1327 1326)
4(1326 1327 1332 1331)
4(1331 1332 1337 1336)
4(1336 1337 1342 1341)
4(1341 1342 1347 1346)
4(1346 1347 1352 1351)
4(1351 1352 1357 1356)
4(1356 1357 1362 1361)
4(1361 1362 1367 1366)
4(1366 1367 1372 1371)
4(1371 1372 1377 1376)
4(1376 1377 1382 1381)
4(1381 1382 1387 1386)
4(1386 1387 1392 1391)
4(1391 1392 1397 1396)
4(1396 1397 1402 1401)
4(1401 1402 1407 1406)
4(1406 1407 1412 1411)
4(1411 1412 1417 1416)
4(1416 1417 1422 1421)
4(1421 1422 1427 1426)
4(1426 1427 1432 1431)
4(1431 1432 1437 1436)
4(1436 1437 1442 1441)
4(1441 1442 1447 1446)
4(1446 1447 1452 1451)
4(1451 1452 1457 1456)
4(1456 1457 1462 1461)
4(1461 1462 1467 1466)
4(1466 1467 1472 1471)
4(1471 1472 1477 1476)
4(1476 1477 1482 1481)
4(1481 1482 1487 1486)
4(1486 1487 1492 1491)
4(1491 1492 1497 1496)
4(1496 1497 1502 1501)
4(1501 1502 1507 1506)
4(1506 1507 1512 1511)
4(1511 1512 1517 1516)
4(1516 1517 1522 1521)
4(1521 1522 1527 1526)
4(1526 1527 1532 1531)
4(1531 1532 1537 1536)
4(1536 1537 1542 1541)
4(1541 1542 1547 1546)
4(1546 1547 1552 1551)
4(1551 1552 1557 1556)
4(1556 1557 1562 1561)
4(1561 1562 1567 1566)
4(1566 1567 1572 1571)
4(1571 1572 1577 1576)
4(1576 1577 1582 1581)
4(1581 1582 1587 1586)
4(1586 1587 1592 1591)
4(1591 1592 1597 1596)
4(1596 1597 1602 1601)
4(1601 1602 1607 1606)
4(1606 1607 1612 1611)
4(1611 1612 1617 1616)
4(1616 1617 1622 1621)
4(1621 1622 1627 1626)
4(1626 1627 1632 1631)
4(1631 1632 1637 1636)
4(1636 1637 1642 1641)
4(1641 1642 1647 1646)
4(1646 1647 1652 1651)
4(1651 1652 1657 1656)
4(1656 1657 1662 1661)
4(1661 1662 1667 1666)
4(1666 1667 1672 1671)
4(1671 1672 1677 1676)
4(1676 1677 1682 1681)
4(1681 1682 1687 1686)
4(1686 1687 1692 1691)
4(1691 1692 1697 1696)
4(1696 1697 1702 1701)
4(1701 1702 1707 1706)
4(1706 1707 1712 1711)
4(1711 1712 1717 1716)
4(1716 1717 1722 1721)
4(1721 1722 1727 1726)
4(1726 1727 1732 1731)
4(1731 1732 1737 1736)
4(1736 1737 1742 1741)
4(1741 1742 1747 1746)
4(1746 1747 1752 1751)
4(1751 1752 1757 1756)
4(1756 1757 1762 1761)
4(1761 1762 1767 1766)
4(1766 1767 1772 1771)
4(1771 1772 1777 1776)
4(1776 1777 1782 1781)
4(1781 1782 1787 1786)
4(1786 1787 1792 1791)
4(1791 1792 1797 1796)
4(1796 1797 1802 1801)
4(1801 1802 1807 1806)
4(1806 1807 1812 1811)
4(1811 1812 1817 1816)
4(1816 1817 1822 1821)
4(1821 1822 1827 1826)
4(1826 1827 1832 1831)
4(1831 1832 1837 1836)
4(1836 1837 1842 1841)
4(1841 1842 1847 1846)
4(1846 1847 1852 1851)
4(1851 1852 1857 1856)
4(1856 1857 1862 1861)
4(1861 1862 1867 1866)
4(1866 1867 1872 1871)
4(1871 1872 1877 1876)
4(1876 1877 1882 1881)
4(1881 1882 1887 1886)
4(1886 1887 1892 1891)
4(1891 1892 1897 1896)
4(1896 1897 1902 1901)
4(1901 1902 1907 1906)
4(1906 1907 1912 1911)
4(1911 1912 1917 1916)
4(1916 1917 1922 1921)
4(1921 1922 1927 1926)
4(1926 1927 1932 1931)
4(1931 1932 1937 1936)
4(1936 1937 1942 1941)
4(1941 1942 1947 1946)
4(1946 1947 1952 1951)
4(1951 1952 1957 1956)
4(1956 1957 1962 1961)
4(1961 1962 1967 1966)
4(1966 1967 1972 1971)
4(1971 1972 1977 1976)
4(1976 1977 1982 1981)
4(1981 1982 1987 1986)
4(1986 1987 1992 1991)
4(1991 1992 1997 1996)
4(1996 1997 2002 2001)
4(2001 2002 2007 2006)
4(1007 1008 1013 1012)
4(1012 1013 1018 1017)
4(1017 1018 1023 1022)
4(1022 1023 1028 1027)
4(1027 1028 1033 1032)
4(1032 1033 1038 1037)
4(1037 1038 1043 1042)
4(1042 1043 1048 1047)
4(1047 1048 1053 1052)
4(1052 1053 1058 1057)
4(1057 1058 1063 1062)
4(1062 1063 1068 1067)
4(1067 1068 1073 1072)
4(1072 1073 1078 1077)
4(1077 1078 1083 1082)
4(1082 1083 1088 1087)
4(1087 1088 1093 1092)
4(1092 1093 1098 1097)
4(1097 1098 1103 1102)
4(1102 1103 1108 1107)
4(1107 1108 1113 1112)
4(1112 1113 1118 1117)
4(1117 1118 1123 1122)
4(1122 1123 1128 1127)
4(1127 1128 1133 1132)
4(1132 1133 1138 1137)
4(1137 1138 1143 1142)
4(1142 1143 1148 1147)
4(1147 1148 1153 1152)
4(1152 1153 1158 1157)
4(1157 1158 1163 1162)
4(1162 1163 1168 1167)
4(1167 1168 1173 1172)
4(1172 1173 1178 1177)
4(1177 1178 1183 1182)
4(1182 1183 1188 1187)
4(1187 1188 1193 1192)
4(1192 1193 1198 1197)
4(1197 1198 1203 1202)
4(1202 1203 1208 1207)
4(1207 1208 1213 1212)
4(1212 1213 1218 1217)
4(1217 1218 1223 1222)
4(1222 1223 1228 1227)
4(1227 1228 1233 1232)
4(1232 1233 1238 1237)
4(1237 1238 1243 1242)
4(1242 1243 1248 1247)
4(1247 1248 1253 1252)
4(1252 1253 1258 1257)
4(1257 1258 1263 1262)
4(1262 1263 1268 1267)
4(1267 1268 1273 1272)
4(1272 1273 1278 1277)
4(1277 1278 1283 1282)
4(1282 1283 1288 1287)
4(1287 1288 1293 1292)
4(1292 1293 1298 1297)
4(1297 1298 1303 1302)
4(1302 1303 1308 1307)
4(1307 1308 1313 1312)
4(1312 1313 1318 1317)
4(1317 1318 1323 1322)
4(1322 1323 1328 1327)
4(1327 1328 1333 1332)
4(1332 1333 1338 1337)
4(1337 1338 1343 1342)
4(1342 1343 1348 1347)
4(1347 1348 1353 1352)
4(1352 1353 1358 1357)
4(1357 1358 1363 1362)
4(1362 1363 1368 1367)
4(1367 1368 1373 1372)
4(1372 1373 1378 1377)
4(1377 1378 1383 1382)
4(1382 1383 1388 1387)
4(1387 1388 1393 1392)
4(1392 1393 1398 1397)
4(1397 1398 1403 1402)
4(1402 1403 1408 1407)
4(1407 1408 1413 1412)
4(1412 1413 1418 1417)
4(1417 1418 1423 1422)
4(1422 1423 1428 1427)
4(1427 1428 1433 1432)
4(1432 1433 1438 1437)
4(1437 1438 1443 1442)
4(1442 1443 1448 1447)
4(1447 1448 1453 1452)
4(1452 1453 1458 1457)
4(1457 1458 1463 1462)
4(1462 1463 1468 1467)
4(1467 1468 1473 1472)
4(1472 1473 1478 1477)
4(1477 1478 1483 1482)
4(1482 1483 1488 1487)
4(1487 1488 1493 1492)
4(1492 1493 1498 1497)
4(1497 1498 1503 1502)
4(1502 1503 1508 1507)
4(1507 1508 1513 1512)
4(1512 1513 1518 1517)
4(1517 1518 1523 1522)
4(1522 1523 1528 1527)
4(1527 1528 1533 1532)
4(1532 1533 1538 1537)
4(1537 1538 1543 1542)
4(1542 1543 1548 1547)
4(1547 1548 1553 1552)
4(1552 1553 1558 1557)
4(1557 1558 1563 1562)
4(1562 1563 1568 1567)
4(1567 1568 1573 1572)
4(1572 1573 1578 1577)
4(1577 1578 1583 1582)
4(1582 1583 1588 1587)
4(1587 1588 1593 1592)
4(1592 1593 1598 1597)
4(1597 1598 1603 1602)
4(1602 1603 1608 1607)
4(1607 1608 1613 1612)
4(1612 1613 1618 1617)
4(1617 1618 1623 1622)
4(1622 1623 1628 1627)
4(1627 1628 1633 1632)
4(1632 1633 1638 1637)
4(1637 1638 1643 1642)
4(1642 1643 1648 1647)
4(1647 1648 1653 1652)
4(1652 1653 1658 1657)
4(1657 1658 1663 1662)
4(1662 1663 1668 1667)
4(1667 1668 1673 1672)
4(1672 1673 1678 1677)
4(1677 1678 1683 1682)
4(1682 1683 1688 1687)
4(1687 1688 1693 1692)
4(1692 1693 1698 1697)
4(1697 1698 1703 1702)
4(1702 1703 1708 1707)
4(1707 1708 1713 1712)
4(1712 1713 1718 1717)
4(1717 1718 1723 1722)
4(1722 1723 1728 1727)
4(1727 1728 1733 1732)
4(1732 1733 1738 1737)
4(1737 1738 1743 1742)
4(1742 1743 1748 1747)
4(1747 1748 1753 1752)
4(1752 1753 1758 1757)
4(1757 1758 1763 1762)
4(1762 1763 1768 1767)
4(1767 1768 1773 1772)
4(1772 1773 1778 1777)
4(1777 1778 1783 1782)
4(1782 1783 1788 1787)
4(1787 1788 1793 1792)
4(1792 1793 1798 1797)
4(1797 1798 1803 1802)
4(1802 1803 1808 1807)
4(1807 1808 1813 1812)
4(1812 1813 1818 1817)
4(1817 1818 1823 1822)
4(1822 1823 1828 1827)
4(1827 1828 1833 1832)
4(1832 1833 1838 1837)
4(1837 1838 1843 1842)
4(1842 1843 1848 1847)
4(1847 1848 1853 1852)
4(1852 1853 1858 1857)
4(1857 1858 1863 1862)
4(1862 1863 1868 1867)
4(1867 1868 1873 1872)
4(1872 1873 1878 1877)
4(1877 1878 1883 1882)
4(1882 1883 1888 1887)
4(1887 1888 1893 1892)
4(1892 1893 1898 1897)
4(1897 1898 1903 1902)
4(1902 1903 1908 1907)
4(1907 1908 1913 1912)
4(1912 1913 1918 1917)
4(1917 1918 1923 1922)
4(1922 1923 1928 1927)
4(1927 1928 1933 1932)
4(1932 1933 1938 1937)
4(1937 1938 1943 1942)
4(1942 1943 1948 1947)
4(1947 1948 1953 1952)
4(1952 1953 1958 1957)
4(1957 1958 1963 1962)
4(1962 1963 1968 1967)
4(1967 1968 1973 1972)
4(1972 1973 1978 1977)
4(1977 1978 1983 1982)
4(1982 1983 1988 1987)
4(1987 1988 1993 1992)
4(1992 1993 1998 1997)
4(1997 1998 2003 2002)
4(2002 2003 2008 2007)
4(1008 1009 1014 1013)
4(1013 1014 1019 1018)
4(1018 1019 1024 1023)
4(1023 1024 1029 1028)
4(1028 1029 1034 1033)
4(1033 1034 1039 1038)
4(1038 1039 1044 1043)
4(1043 1044 1049 1048)
4(1048 1049 1054 1053)
4(1053 1054 1059 1058)
4(1058 1059 1064 1063)
4(1063 1064 1069 1068)
4(1068 1069 1074 1073)
4(1073 1074 1079 1078)
4(1078 1079 1084 1083)
4(1083 1084 1089 1088)
4(1088 1089 1094 1093)
4(1093 1094 1099 1098)
4(1098 1099 1104 1103)
4(1103 1104 1109 1108)
4(1108 1109 1114 1113)
4(1113 1114 1119 1118)
4(1118 1119 1124 1123)
4(1123 1124 1129 1128)
4(1128 1129 1134 1133)
4(1133 1134 1139 1138)
4(1138 1139 1144 1143)
4(1143 1144 1149 1148)
4(1148 1149 1154 1153)
4(1153 1154 1159 1158)
4(1158 1159 1164 1163)
4(1163 1164 1169 1168)
4(1168 1169 1174 1173)
4(1173 1174 1179 1178)
4(1178 1179 1184 1183)
4(1183 1184 1189 1188)
4(1188 1189 1194 1193)
4(1193 1194 1199 1198)
4(1198 1199 1204 1203)
4(1203 1204 1209 1208)
4(1208 1209 1214 1213)
4(1213 1214 1219 1218)
4(1218 1219 1224 1223)
4(1223 1224 1229 1228)
4(1228 1229 1234 1233)
4(1233 1234 1239 1238)
4(1238 1239 1244 1243)
4(1243 1244 1249 1248)
4(1248 1249 1254 1253)
4(1253 1254 1259 1258)
4(1258 1259 1264 1263)
4(1263 1264 1269 1268)
4(1268 1269 1274 1273)
4(1273 1274 1279 1278)
4(1278 1279 1284 1283)
4(1283 1284 1289 1288)
4(1288 1289 1294 1293)
4(1293 1294 1299 1298)
4(1298 1299 1304 1303)
4(1303 1304 1309 1308)
4(1308 1309 1314 1313)
4(1313 1314 1319 1318)
4(1318 1319 1324 1323)
4(1323 1324 1329 1328)
4(1328 1329 1334 1333)
4(1333 1334 1339 1338)
4(1338 1339 1344 1343)
4(1343 1344 1349 1348)
4(1348 1349 1354 1353)
4(1353 1354 1359 1358)
4(1358 1359 1364 1363)
4(1363 1364 1369 1368)
4(1368 1369 1374 1373)
4(1373 1374 1379 1378)
4(1378 1379 1384 1383)
4(1383 1384 1389 1388)
4(1388 1389 1394 1393)
4(1393 1394 1399 1398)
4(1398 1399 1404 1403)
4(1403 1404 1409 1408)
4(1408 1409 1414 1413)
4(1413 1414 1419 1418)
4(1418 1419 1424 1423)
4(1423 1424 1429 1428)
4(1428 1429 1434 1433)
4(1433 1434 1439 1438)
4(1438 1439 1444 1443)
4(1443 1444 1449 1448)
4(1448 1449 1454 1453)
4(1453 1454 1459 1458)
4(1458 1459 1464 1463)
4(1463 1464 1469 1468)
4(1468 1469 1474 1473)
4(1473 1474 1479 1478)
4(1478 1479 1484 1483)
4(1483 1484 1489 1488)
4(1488 1489 1494 1493)
4(1493 1494 1499 1498)
4(1498 1499 1504 1503)
4(1503 1504 1509 1508)
4(1508 1509 1514 1513)
4(1513 1514 1519 1518)
4(1518 1519 1524 1523)
4(1523 1524 1529 1528)
4(1528 1529 1534 1533)
4(1533 1534 1539 1538)
4(1538 1539 1544 1543)
4(1543 1544 1549 1548)
4(1548 1549 1554 1553)
4(1553 1554 1559 1558)
4(1558 1559 1564 1563)
4(1563 1564 1569 1568)
4(1568 1569 1574 1573)
4(1573 1574 1579 1578)
4(1578 1579 1584 1583)
4(1583 1584 1589 1588)
4(1588 1589 1594 1593)
4(1593 1594 1599 1598)
4(1598 1599 1604 1603)
4(1603 1604 1609 1608)
4(1608 1609 1614 1613)
4(1613 1614 1619 1618)
4(1618 1619 1624 1623)
4(1623 1624 1629 1628)
4(1628 1629 1634 1633)
4(1633 1634 1639 1638)
4(1638 1639 1644 1643)
4(1643 1644 1649 1648)
4(1648 1649 1654 1653)
4(1653 1654 1659 1658)
4(1658 1659 1664 1663)
4(1663 1664 1669 1668)
4(1668 1669 1674 1673)
4(1673 1674 1679 1678)
4(1678 1679 1684 1683)
4(1683 1684 1689 1688)
4(1688 1689 1694 1693)
4(1693 1694 1699 1698)
4(1698 1699 1704 1703)
4(1703 1704 1709 1708)
4(1708 1709 1714 1713)
4(1713 1714 1719 1718)
4(1718 1719 1724 1723)
4(1723 1724 1729 1728)
4(1728 1729 1734 1733)
4(1733 1734 1739 1738)
4(1738 1739 1744 1743)
4(1743 1744 1749 1748)
4(1748 1749 1754 1753)
4(1753 1754 1759 1758)
4(1758 1759 1764 1763)
4(1763 1764 1769 1768)
4(1768 1769 1774 1773)
4(1773 1774 1779 1778)
4(1778 1779 1784 1783)
4(1783 1784 1789 1788)
4(1788 1789 1794 1793)
4(1793 1794 1799 1798)
4(1798 1799 1804 1803)
4(1803 1804 1809 1808)
4(1808 1809 1814 1813)
4(1813 1814 1819 1818)
4(1818 1819 1824 1823)
4(1823 1824 1829 1828)
4(1828 1829 1834 1833)
4(1833 1834 1839 1838)
4(1838 1839 1844 1843)
4(1843 1844 1849 1848)
4(1848 1849 1854 1853)
4(1853 1854 1859 1858)
4(1858 1859 1864 1863)
4(1863 1864 1869 1868)
4(1868 1869 1874 1873)
4(1873 1874 1879 1878)
4(1878 1879 1884 1883)
4(1883 1884 1889 1888)
4(1888 1889 1894 1893)
4(1893 1894 1899 1898)
4(1898 1899 1904 1903)
4(1903 1904 1909 1908)
4(1908 1909 1914 1913)
4(1913 1914 1919 1918)
4(1918 1919 1924 1923)
4(1923 1924 1929 1928)
4(1928 1929 1934 1933)
4(1933 1934 1939 1938)
4(1938 1939 1944 1943)
4(1943 1944 1949 1948)
4(1948 1949 1954 1953)
4(1953 1954 1959 1958)
4(1958 1959 1964 1963)
4(1963 1964 1969 1968)
4(1968 1969 1974 1973)
4(1973 1974 1979 1978)
4(1978 1979 1984 1983)
4(1983 1984 1989 1988)
4(1988 1989 1994 1993)
4(1993 1994 1999 1998)
4(1998 1999 2004 2003)
4(2003 2004 2009 2008)
4(1000 2005 2006 1001)
4(1001 2006 2007 1002)
4(1002 2007 2008 1003)
4(1003 2008 2009 1004)
4(0 1005 1010 5)
4(5 1010 1015 10)
4(10 1015 1020 15)
4(15 1020 1025 20)
4(20 1025 1030 25)
4(25 1030 1035 30)
4(30 1035 1040 35)
4(35 1040 1045 40)
4(40 1045 1050 45)
4(45 1050 1055 50)
4(50 1055 1060 55)
4(55 1060 1065 60)
4(60 1065 1070 65)
4(65 1070 1075 70)
4(70 1075 1080 75)
4(75 1080 1085 80)
4(80 1085 1090 85)
4(85 1090 1095 90)
4(90 1095 1100 95)
4(95 1100 1105 100)
4(100 1105 1110 105)
4(105 1110 1115 110)
4(110 1115 1120 115)
4(115 1120 1125 120)
4(120 1125 1130 125)
4(125 1130 1135 130)
4(130 1135 1140 135)
4(135 1140 1145 140)
4(140 1145 1150 145)
4(145 1150 1155 150)
4(150 1155 1160 155)
4(155 1160 1165 160)
4(160 1165 1170 165)
4(165 1170 1175 170)
4(170 1175 1180 175)
4(175 1180 1185 180)
4(180 1185 1190 185)
4(185 1190 1195 190)
4(190 1195 1200 195)
4(195 1200 1205 200)
4(200 1205 1210 205)
4(205 1210 1215 210)
4(210 1215 1220 215)
4(215 1220 1225 220)
4(220 1225 1230 225)
4(225 1230 1235 230)
4(230 1235 1240 235)
4(235 1240 1245 240)
4(240 1245 1250 245)
4(245 1250 1255 250)
4(250 1255 1260 255)
4(255 1260 1265 260)
4(260 1265 1270 265)
4(265 1270 1275 270)
4(270 1275 1280 275)
4(275 1280 1285 280)
4(280 1285 1290 285)
4(285 1290 1295 290)
4(290 1295 1300 295)
4(295 1300 1305 300)
4(300 1305 1310 305)
4(305 1310 1315 310)
4(310 1315 1320 315)
4(315 1320 1325 320)
4(320 1325 1330 325)
4(325 1330 1335 330)
4(330 1335 1340 335)
4(335 1340 1345 340)
4(340 1345 1350 345)
4(345 1350 1355 350)
4(350 1355 1360 355)
4(355 1360 1365 360)
4(360 1365 1370 365)
4(365 1370 1375 370)
4(370 1375 1380 375)
4(375 1380 1385 380)
4(380 1385 1390 385)
4(385 1390 1395 390)
4(390 1395 1400 395)
4(395 1400 1405 400)
4(400 1405 1410 405)
4(405 1410 1415 410)
4(410 1415 1420 415)
4(415 1420 1425 420)
4(420 1425 1430 425)
4(425 1430 1435 430)
4(430 1435 1440 435)
4(435 1440 1445 440)
4(440 1445 1450 445)
4(445 1450 1455 450)
4(450 1455 1460 455)
4(455 1460 1465 460)
4(460 1465 1470 465)
4(465 1470 1475 470)
4(470 1475 1480 475)
4(475 1480 1485 480)
4(480 1485 1490 485)
4(485 1490 1495 490)
4(490 1495 1500 495)
4(495 1500 1505 500)
4(500 1505 1510 505)
4(505 1510 1515 510)
4(510 1515 1520 515)
4(515 1520 1525 520)
4(520 1525 1530 525)
4(525 1530 1535 530)
4(530 1535 1540 535)
4(535 1540 1545 540)
4(540 1545 1550 545)
4(545 1550 1555 550)
4(550 1555 1560 555)
4(555 1560 1565 560)
4(560 1565 1570 565)
4(565 1570 1575 570)
4(570 1575 1580 575)
4(575 1580 1585 580)
4(580 1585 1590 585)
4(585 1590 1595 590)
4(590 1595 1600 595)
4(595 1600 1605 600)
4(600 1605 1610 605)
4(605 1610 1615 610)
4(610 1615 1620 615)
4(615 1620 1625 620)
4(620 1625 1630 625)
4(625 1630 1635 630)
4(630 1635 1640 635)
4(635 1640 1645 640)
4(640 1645 1650 645)
4(645 1650 1655 650)
4(650 1655 1660 655)
4(655 1660 1665 660)
4(660 1665 1670 665)
4(665 1670 1675 670)
4(670 1675 1680 675)
4(675 1680 1685 680)
4(680 1685 1690 685)
4(685 1690 1695 690)
4(690 1695 1700 695)
4(695 1700 1705 700)
4(700 1705 1710 705)
4(705 1710 1715 710)
4(710 1715 1720 715)
4(715 1720 1725 720)
4(720 1725 1730 725)
4(725 1730 1735 730)
4(730 1735 1740 735)
4(735 1740 1745 740)
4(740 1745 1750 745)
4(745 1750 1755 750)
4(750 1755 1760 755)
4(755 1760 1765 760)
4(760 1765 1770 765)
4(765 1770 1775 770)
4(770 1775 1780 775)
4(775 1780 1785 780)
4(780 1785 1790 785)
4(785 1790 1795 790)
4(790 1795 1800 795)
4(795 1800 1805 800)
4(800 1805 1810 805)
4(805 1810 1815 810)
4(810 1815 1820 815)
4(815 1820 1825 820)
4(820 1825 1830 825)
4(825 1830 1835 830)
4(830 1835 1840 835)
4(835 1840 1845 840)
4(840 1845 1850 845)
4(845 1850 1855 850)
4(850 1855 1860 855)
4(855 1860 1865 860)
4(860 1865 1870 865)
4(865 1870 1875 870)
4(870 1875 1880 875)
4(875 1880 1885 880)
4(880 1885 1890 885)
4(885 1890 1895 890)
4(890 1895 1900 895)
4(895 1900 1905 900)
4(900 1905 1910 905)
4(905 1910 1915 910)
4(910 1915 1920 915)
4(915 1920 1925 920)
4(920 1925 1930 925)
4(925 1930 1935 930)
4(930 1935 1940 935)
4(935 1940 1945 940)
4(940 1945 1950 945)
4(945 1950 1955 950)
4(950 1955 1960 955)
4(955 1960 1965 960)
4(960 1965 1970 965)
4(965 1970 1975 970)
4(970 1975 1980 975)
4(975 1980 1985 980)
4(980 1985 1990 985)
4(985 1990 1995 990)
4(990 1995 2000 995)
4(995 2000 2005 1000)
4(4 9 1014 1009)
4(9 14 1019 1014)
4(14 19 1024 1019)
4(19 24 1029 1024)
4(24 29 1034 1029)
4(29 34 1039 1034)
4(34 39 1044 1039)
4(39 44 1049 1044)
4(44 49 1054 1049)
4(49 54 1059 1054)
4(54 59 1064 1059)
4(59 64 1069 1064)
4(64 69 1074 1069)
4(69 74 1079 1074)
4(74 79 1084 1079)
4(79 84 1089 1084)
4(84 89 1094 1089)
4(89 94 1099 1094)
4(94 99 1104 1099)
4(99 104 1109 1104)
4(104 109 1114 1109)
4(109 114 1119 1114)
4(114 119 1124 1119)
4(119 124 1129 1124)
4(124 129 1134 1129)
4(129 134 1139 1134)
4(134 139 1144 1139)
4(139 144 1149 1144)
4(144 149 1154 1149)
4(149 154 1159 1154)
4(154 159 1164 1159)
4(159 164 1169 1164)
4(164 169 1174 1169)
4(169 174 1179 1174)
4(174 179 1184 1179)
4(179 184 1189 1184)
4(184 189 1194 1189)
4(189 194 1199 1194)
4(194 199 1204 1199)
4(199 204 1209 1204)
4(204 209 1214 1209)
4(209 214 1219 1214)
4(214 219 1224 1219)
4(219 224 1229 1224)
4(224 229 1234 1229)
4(229 234 1239 1234)
4(234 239 1244 1239)
4(239 244 1249 1244)
4(244 249 1254 1249)
4(249 254 1259 1254)
4(254 259 1264 1259)
4(259 264 1269 1264)
4(264 269 1274 1269)
4(269 274 1279 1274)
4(274 279 1284 1279)
4(279 284 1289 1284)
4(284 289 1294 1289)
4(289 294 1299 1294)
4(294 299 1304 1299)
4(299 304 1309 1304)
4(304 309 1314 1309)
4(309 314 1319 1314)
4(314 319 1324 1319)
4(319 324 1329 1324)
4(324 329 1334 1329)
4(329 334 1339 1334)
4(334 339 1344 1339)
4(339 344 1349 1344)
4(344 349 1354 1349)
4(349 354 1359 1354)
4(354 359 1364 1359)
4(359 364 1369 1364)
4(364 369 1374 1369)
4(369 374 1379 1374)
4(374 379 1384 1379)
4(379 384 1389 1384)
4(384 389 1394 1389)
4(389 394 1399 1394)
4(394 399 1404 1399)
4(399 404 1409 1404)
4(404 409 1414 1409)
4(409 414 1419 1414)
4(414 419 1424 1419)
4(419 424 1429 1424)
4(424 429 1434 1429)
4(429 434 1439 1434)
4(434 439 1444 1439)
4(439 444 1449 1444)
4(444 449 1454 1449)
4(449 454 1459 1454)
4(454 459 1464 1459)
4(459 464 1469 1464)
4(464 469 1474 1469)
4(469 474 1479 1474)
4(474 479 1484 1479)
4(479 484 1489 1484)
4(484 489 1494 1489)
4(489 494 1499 1494)
4(494 499 1504 1499)
4(499 504 1509 1504)
4(504 509 1514 1509)
4(509 514 1519 1514)
4(514 519 1524 1519)
4(519 524 1529 1524)
4(524 529 1534 1529)
4(529 534 1539 1534)
4(534 539 1544 1539)
4(539 544 1549 1544)
4(544 549 1554 1549)
4(549 554 1559 1554)
4(554 559 1564 1559)
4(559 564 1569 1564)
4(564 569 1574 1569)
4(569 574 1579 1574)
4(574 579 1584 1579)
4(579 584 1589 1584)
4(584 589 1594 1589)
4(589 594 1599 1594)
4(594 599 1604 1599)
4(599 604 1609 1604)
4(604 609 1614 1609)
4(609 614 1619 1614)
4(614 619 1624 1619)
4(619 624 1629 1624)
4(624 629 1634 1629)
4(629 634 1639 1634)
4(634 639 1644 1639)
4(639 644 1649 1644)
4(644 649 1654 1649)
4(649 654 1659 1654)
4(654 659 1664 1659)
4(659 664 1669 1664)
4(664 669 1674 1669)
4(669 674 1679 1674)
4(674 679 1684 1679)
4(679 684 1689 1684)
4(684 689 1694 1689)
4(689 694 1699 1694)
4(694 699 1704 1699)
4(699 704 1709 1704)
4(704 709 1714 1709)
4(709 714 1719 1714)
4(714 719 1724 1719)
4(719 724 1729 1724)
4(724 729 1734 1729)
4(729 734 1739 1734)
4(734 739 1744 1739)
4(739 744 1749 1744)
4(744 749 1754 1749)
4(749 754 1759 1754)
4(754 759 1764 1759)
4(759 764 1769 1764)
4(764 769 1774 1769)
4(769 774 1779 1774)
4(774 779 1784 1779)
4(779 784 1789 1784)
4(784 789 1794 1789)
4(789 794 1799 1794)
4(794 799 1804 1799)
4(799 804 1809 1804)
4(804 809 1814 1809)
4(809 814 1819 1814)
4(814 819 1824 1819)
4(819 824 1829 1824)
4(824 829 1834 1829)
4(829 834 1839 1834)
4(834 839 1844 1839)
4(839 844 1849 1844)
4(844 849 1854 1849)
4(849 854 1859 1854)
4(854 859 1864 1859)
4(859 864 1869 1864)
4(864 869 1874 1869)
4(869 874 1879 1874)
4(874 879 1884 1879)
4(879 884 1889 1884)
4(884 889 1894 1889)
4(889 894 1899 1894)
4(894 899 1904 1899)
4(899 904 1909 1904)
4(904 909 1914 1909)
4(909 914 1919 1914)
4(914 919 1924 1919)
4(919 924 1929 1924)
4(924 929 1934 1929)
4(929 934 1939 1934)
4(934 939 1944 1939)
4(939 944 1949 1944)
4(944 949 1954 1949)
4(949 954 1959 1954)
4(954 959 1964 1959)
4(959 964 1969 1964)
4(964 969 1974 1969)
4(969 974 1979 1974)
4(974 979 1984 1979)
4(979 984 1989 1984)
4(984 989 1994 1989)
4(989 994 1999 1994)
4(994 999 2004 1999)
4(999 1004 2009 2004)
)


// ************************************************************************* //
