/*--------------------------------*- C++ -*----------------------------------*\
| =========                 |                                                 |
| \\      /  F ield         | foam-extend: Open Source CFD                    |
|  \\    /   O peration     | Version:     4.0                                |
|   \\  /    A nd           | Web:         http://www.foam-extend.org         |
|    \\/     M anipulation  |                                                 |
\*---------------------------------------------------------------------------*/
FoamFile
{
    version     2.0;
    format      ascii;
    class       labelList;
    note        "nPoints: 2010 nCells: 800 nFaces: 3404 nInternalFaces: 1396";
    location    "constant/polyMesh";
    object      neighbour;
}
// * * * * * * * * * * * * * * * * * * * * * * * * * * * * * * * * * * * * * //


1396
(
1
4
2
5
3
6
7
5
8
6
9
7
10
11
9
12
10
13
11
14
15
13
16
14
17
15
18
19
17
20
18
21
19
22
23
21
24
22
25
23
26
27
25
28
26
29
27
30
31
29
32
30
33
31
34
35
33
36
34
37
35
38
39
37
40
38
41
39
42
43
41
44
42
45
43
46
47
45
48
46
49
47
50
51
49
52
50
53
51
54
55
53
56
54
57
55
58
59
57
60
58
61
59
62
63
61
64
62
65
63
66
67
65
68
66
69
67
70
71
69
72
70
73
71
74
75
73
76
74
77
75
78
79
77
80
78
81
79
82
83
81
84
82
85
83
86
87
85
88
86
89
87
90
91
89
92
90
93
91
94
95
93
96
94
97
95
98
99
97
100
98
101
99
102
103
101
104
102
105
103
106
107
105
108
106
109
107
110
111
109
112
110
113
111
114
115
113
116
114
117
115
118
119
117
120
118
121
119
122
123
121
124
122
125
123
126
127
125
128
126
129
127
130
131
129
132
130
133
131
134
135
133
136
134
137
135
138
139
137
140
138
141
139
142
143
141
144
142
145
143
146
147
145
148
146
149
147
150
151
149
152
150
153
151
154
155
153
156
154
157
155
158
159
157
160
158
161
159
162
163
161
164
162
165
163
166
167
165
168
166
169
167
170
171
169
172
170
173
171
174
175
173
176
174
177
175
178
179
177
180
178
181
179
182
183
181
184
182
185
183
186
187
185
188
186
189
187
190
191
189
192
190
193
191
194
195
193
196
194
197
195
198
199
197
200
198
201
199
202
203
201
204
202
205
203
206
207
205
208
206
209
207
210
211
209
212
210
213
211
214
215
213
216
214
217
215
218
219
217
220
218
221
219
222
223
221
224
222
225
223
226
227
225
228
226
229
227
230
231
229
232
230
233
231
234
235
233
236
234
237
235
238
239
237
240
238
241
239
242
243
241
244
242
245
243
246
247
245
248
246
249
247
250
251
249
252
250
253
251
254
255
253
256
254
257
255
258
259
257
260
258
261
259
262
263
261
264
262
265
263
266
267
265
268
266
269
267
270
271
269
272
270
273
271
274
275
273
276
274
277
275
278
279
277
280
278
281
279
282
283
281
284
282
285
283
286
287
285
288
286
289
287
290
291
289
292
290
293
291
294
295
293
296
294
297
295
298
299
297
300
298
301
299
302
303
301
304
302
305
303
306
307
305
308
306
309
307
310
311
309
312
310
313
311
314
315
313
316
314
317
315
318
319
317
320
318
321
319
322
323
321
324
322
325
323
326
327
325
328
326
329
327
330
331
329
332
330
333
331
334
335
333
336
334
337
335
338
339
337
340
338
341
339
342
343
341
344
342
345
343
346
347
345
348
346
349
347
350
351
349
352
350
353
351
354
355
353
356
354
357
355
358
359
357
360
358
361
359
362
363
361
364
362
365
363
366
367
365
368
366
369
367
370
371
369
372
370
373
371
374
375
373
376
374
377
375
378
379
377
380
378
381
379
382
383
381
384
382
385
383
386
387
385
388
386
389
387
390
391
389
392
390
393
391
394
395
393
396
394
397
395
398
399
397
400
398
401
399
402
403
401
404
402
405
403
406
407
405
408
406
409
407
410
411
409
412
410
413
411
414
415
413
416
414
417
415
418
419
417
420
418
421
419
422
423
421
424
422
425
423
426
427
425
428
426
429
427
430
431
429
432
430
433
431
434
435
433
436
434
437
435
438
439
437
440
438
441
439
442
443
441
444
442
445
443
446
447
445
448
446
449
447
450
451
449
452
450
453
451
454
455
453
456
454
457
455
458
459
457
460
458
461
459
462
463
461
464
462
465
463
466
467
465
468
466
469
467
470
471
469
472
470
473
471
474
475
473
476
474
477
475
478
479
477
480
478
481
479
482
483
481
484
482
485
483
486
487
485
488
486
489
487
490
491
489
492
490
493
491
494
495
493
496
494
497
495
498
499
497
500
498
501
499
502
503
501
504
502
505
503
506
507
505
508
506
509
507
510
511
509
512
510
513
511
514
515
513
516
514
517
515
518
519
517
520
518
521
519
522
523
521
524
522
525
523
526
527
525
528
526
529
527
530
531
529
532
530
533
531
534
535
533
536
534
537
535
538
539
537
540
538
541
539
542
543
541
544
542
545
543
546
547
545
548
546
549
547
550
551
549
552
550
553
551
554
555
553
556
554
557
555
558
559
557
560
558
561
559
562
563
561
564
562
565
563
566
567
565
568
566
569
567
570
571
569
572
570
573
571
574
575
573
576
574
577
575
578
579
577
580
578
581
579
582
583
581
584
582
585
583
586
587
585
588
586
589
587
590
591
589
592
590
593
591
594
595
593
596
594
597
595
598
599
597
600
598
601
599
602
603
601
604
602
605
603
606
607
605
608
606
609
607
610
611
609
612
610
613
611
614
615
613
616
614
617
615
618
619
617
620
618
621
619
622
623
621
624
622
625
623
626
627
625
628
626
629
627
630
631
629
632
630
633
631
634
635
633
636
634
637
635
638
639
637
640
638
641
639
642
643
641
644
642
645
643
646
647
645
648
646
649
647
650
651
649
652
650
653
651
654
655
653
656
654
657
655
658
659
657
660
658
661
659
662
663
661
664
662
665
663
666
667
665
668
666
669
667
670
671
669
672
670
673
671
674
675
673
676
674
677
675
678
679
677
680
678
681
679
682
683
681
684
682
685
683
686
687
685
688
686
689
687
690
691
689
692
690
693
691
694
695
693
696
694
697
695
698
699
697
700
698
701
699
702
703
701
704
702
705
703
706
707
705
708
706
709
707
710
711
709
712
710
713
711
714
715
713
716
714
717
715
718
719
717
720
718
721
719
722
723
721
724
722
725
723
726
727
725
728
726
729
727
730
731
729
732
730
733
731
734
735
733
736
734
737
735
738
739
737
740
738
741
739
742
743
741
744
742
745
743
746
747
745
748
746
749
747
750
751
749
752
750
753
751
754
755
753
756
754
757
755
758
759
757
760
758
761
759
762
763
761
764
762
765
763
766
767
765
768
766
769
767
770
771
769
772
770
773
771
774
775
773
776
774
777
775
778
779
777
780
778
781
779
782
783
781
784
782
785
783
786
787
785
788
786
789
787
790
791
789
792
790
793
791
794
795
793
796
794
797
795
798
799
797
798
799
)


// ************************************************************************* //
