/*--------------------------------*- C++ -*----------------------------------*\
| =========                 |                                                 |
| \\      /  F ield         | foam-extend: Open Source CFD                    |
|  \\    /   O peration     | Version:     4.0                                |
|   \\  /    A nd           | Web:         http://www.foam-extend.org         |
|    \\/     M anipulation  |                                                 |
\*---------------------------------------------------------------------------*/
FoamFile
{
    version     2.0;
    format      ascii;
    class       labelList;
    note        "nPoints: 2010 nCells: 800 nFaces: 3404 nInternalFaces: 1396";
    location    "constant/polyMesh";
    object      owner;
}
// * * * * * * * * * * * * * * * * * * * * * * * * * * * * * * * * * * * * * //


3404
(
0
0
1
1
2
2
3
4
4
5
5
6
6
7
8
8
9
9
10
10
11
12
12
13
13
14
14
15
16
16
17
17
18
18
19
20
20
21
21
22
22
23
24
24
25
25
26
26
27
28
28
29
29
30
30
31
32
32
33
33
34
34
35
36
36
37
37
38
38
39
40
40
41
41
42
42
43
44
44
45
45
46
46
47
48
48
49
49
50
50
51
52
52
53
53
54
54
55
56
56
57
57
58
58
59
60
60
61
61
62
62
63
64
64
65
65
66
66
67
68
68
69
69
70
70
71
72
72
73
73
74
74
75
76
76
77
77
78
78
79
80
80
81
81
82
82
83
84
84
85
85
86
86
87
88
88
89
89
90
90
91
92
92
93
93
94
94
95
96
96
97
97
98
98
99
100
100
101
101
102
102
103
104
104
105
105
106
106
107
108
108
109
109
110
110
111
112
112
113
113
114
114
115
116
116
117
117
118
118
119
120
120
121
121
122
122
123
124
124
125
125
126
126
127
128
128
129
129
130
130
131
132
132
133
133
134
134
135
136
136
137
137
138
138
139
140
140
141
141
142
142
143
144
144
145
145
146
146
147
148
148
149
149
150
150
151
152
152
153
153
154
154
155
156
156
157
157
158
158
159
160
160
161
161
162
162
163
164
164
165
165
166
166
167
168
168
169
169
170
170
171
172
172
173
173
174
174
175
176
176
177
177
178
178
179
180
180
181
181
182
182
183
184
184
185
185
186
186
187
188
188
189
189
190
190
191
192
192
193
193
194
194
195
196
196
197
197
198
198
199
200
200
201
201
202
202
203
204
204
205
205
206
206
207
208
208
209
209
210
210
211
212
212
213
213
214
214
215
216
216
217
217
218
218
219
220
220
221
221
222
222
223
224
224
225
225
226
226
227
228
228
229
229
230
230
231
232
232
233
233
234
234
235
236
236
237
237
238
238
239
240
240
241
241
242
242
243
244
244
245
245
246
246
247
248
248
249
249
250
250
251
252
252
253
253
254
254
255
256
256
257
257
258
258
259
260
260
261
261
262
262
263
264
264
265
265
266
266
267
268
268
269
269
270
270
271
272
272
273
273
274
274
275
276
276
277
277
278
278
279
280
280
281
281
282
282
283
284
284
285
285
286
286
287
288
288
289
289
290
290
291
292
292
293
293
294
294
295
296
296
297
297
298
298
299
300
300
301
301
302
302
303
304
304
305
305
306
306
307
308
308
309
309
310
310
311
312
312
313
313
314
314
315
316
316
317
317
318
318
319
320
320
321
321
322
322
323
324
324
325
325
326
326
327
328
328
329
329
330
330
331
332
332
333
333
334
334
335
336
336
337
337
338
338
339
340
340
341
341
342
342
343
344
344
345
345
346
346
347
348
348
349
349
350
350
351
352
352
353
353
354
354
355
356
356
357
357
358
358
359
360
360
361
361
362
362
363
364
364
365
365
366
366
367
368
368
369
369
370
370
371
372
372
373
373
374
374
375
376
376
377
377
378
378
379
380
380
381
381
382
382
383
384
384
385
385
386
386
387
388
388
389
389
390
390
391
392
392
393
393
394
394
395
396
396
397
397
398
398
399
400
400
401
401
402
402
403
404
404
405
405
406
406
407
408
408
409
409
410
410
411
412
412
413
413
414
414
415
416
416
417
417
418
418
419
420
420
421
421
422
422
423
424
424
425
425
426
426
427
428
428
429
429
430
430
431
432
432
433
433
434
434
435
436
436
437
437
438
438
439
440
440
441
441
442
442
443
444
444
445
445
446
446
447
448
448
449
449
450
450
451
452
452
453
453
454
454
455
456
456
457
457
458
458
459
460
460
461
461
462
462
463
464
464
465
465
466
466
467
468
468
469
469
470
470
471
472
472
473
473
474
474
475
476
476
477
477
478
478
479
480
480
481
481
482
482
483
484
484
485
485
486
486
487
488
488
489
489
490
490
491
492
492
493
493
494
494
495
496
496
497
497
498
498
499
500
500
501
501
502
502
503
504
504
505
505
506
506
507
508
508
509
509
510
510
511
512
512
513
513
514
514
515
516
516
517
517
518
518
519
520
520
521
521
522
522
523
524
524
525
525
526
526
527
528
528
529
529
530
530
531
532
532
533
533
534
534
535
536
536
537
537
538
538
539
540
540
541
541
542
542
543
544
544
545
545
546
546
547
548
548
549
549
550
550
551
552
552
553
553
554
554
555
556
556
557
557
558
558
559
560
560
561
561
562
562
563
564
564
565
565
566
566
567
568
568
569
569
570
570
571
572
572
573
573
574
574
575
576
576
577
577
578
578
579
580
580
581
581
582
582
583
584
584
585
585
586
586
587
588
588
589
589
590
590
591
592
592
593
593
594
594
595
596
596
597
597
598
598
599
600
600
601
601
602
602
603
604
604
605
605
606
606
607
608
608
609
609
610
610
611
612
612
613
613
614
614
615
616
616
617
617
618
618
619
620
620
621
621
622
622
623
624
624
625
625
626
626
627
628
628
629
629
630
630
631
632
632
633
633
634
634
635
636
636
637
637
638
638
639
640
640
641
641
642
642
643
644
644
645
645
646
646
647
648
648
649
649
650
650
651
652
652
653
653
654
654
655
656
656
657
657
658
658
659
660
660
661
661
662
662
663
664
664
665
665
666
666
667
668
668
669
669
670
670
671
672
672
673
673
674
674
675
676
676
677
677
678
678
679
680
680
681
681
682
682
683
684
684
685
685
686
686
687
688
688
689
689
690
690
691
692
692
693
693
694
694
695
696
696
697
697
698
698
699
700
700
701
701
702
702
703
704
704
705
705
706
706
707
708
708
709
709
710
710
711
712
712
713
713
714
714
715
716
716
717
717
718
718
719
720
720
721
721
722
722
723
724
724
725
725
726
726
727
728
728
729
729
730
730
731
732
732
733
733
734
734
735
736
736
737
737
738
738
739
740
740
741
741
742
742
743
744
744
745
745
746
746
747
748
748
749
749
750
750
751
752
752
753
753
754
754
755
756
756
757
757
758
758
759
760
760
761
761
762
762
763
764
764
765
765
766
766
767
768
768
769
769
770
770
771
772
772
773
773
774
774
775
776
776
777
777
778
778
779
780
780
781
781
782
782
783
784
784
785
785
786
786
787
788
788
789
789
790
790
791
792
792
793
793
794
794
795
796
797
798
0
1
2
3
0
4
8
12
16
20
24
28
32
36
40
44
48
52
56
60
64
68
72
76
80
84
88
92
96
100
104
108
112
116
120
124
128
132
136
140
144
148
152
156
160
164
168
172
176
180
184
188
192
196
200
204
208
212
216
220
224
228
232
236
240
244
248
252
256
260
264
268
272
276
280
284
288
292
296
300
304
308
312
316
320
324
328
332
336
340
344
348
352
356
360
364
368
372
376
380
384
388
392
396
400
404
408
412
416
420
424
428
432
436
440
444
448
452
456
460
464
468
472
476
480
484
488
492
496
500
504
508
512
516
520
524
528
532
536
540
544
548
552
556
560
564
568
572
576
580
584
588
592
596
600
604
608
612
616
620
624
628
632
636
640
644
648
652
656
660
664
668
672
676
680
684
688
692
696
700
704
708
712
716
720
724
728
732
736
740
744
748
752
756
760
764
768
772
776
780
784
788
792
796
1
5
9
13
17
21
25
29
33
37
41
45
49
53
57
61
65
69
73
77
81
85
89
93
97
101
105
109
113
117
121
125
129
133
137
141
145
149
153
157
161
165
169
173
177
181
185
189
193
197
201
205
209
213
217
221
225
229
233
237
241
245
249
253
257
261
265
269
273
277
281
285
289
293
297
301
305
309
313
317
321
325
329
333
337
341
345
349
353
357
361
365
369
373
377
381
385
389
393
397
401
405
409
413
417
421
425
429
433
437
441
445
449
453
457
461
465
469
473
477
481
485
489
493
497
501
505
509
513
517
521
525
529
533
537
541
545
549
553
557
561
565
569
573
577
581
585
589
593
597
601
605
609
613
617
621
625
629
633
637
641
645
649
653
657
661
665
669
673
677
681
685
689
693
697
701
705
709
713
717
721
725
729
733
737
741
745
749
753
757
761
765
769
773
777
781
785
789
793
797
2
6
10
14
18
22
26
30
34
38
42
46
50
54
58
62
66
70
74
78
82
86
90
94
98
102
106
110
114
118
122
126
130
134
138
142
146
150
154
158
162
166
170
174
178
182
186
190
194
198
202
206
210
214
218
222
226
230
234
238
242
246
250
254
258
262
266
270
274
278
282
286
290
294
298
302
306
310
314
318
322
326
330
334
338
342
346
350
354
358
362
366
370
374
378
382
386
390
394
398
402
406
410
414
418
422
426
430
434
438
442
446
450
454
458
462
466
470
474
478
482
486
490
494
498
502
506
510
514
518
522
526
530
534
538
542
546
550
554
558
562
566
570
574
578
582
586
590
594
598
602
606
610
614
618
622
626
630
634
638
642
646
650
654
658
662
666
670
674
678
682
686
690
694
698
702
706
710
714
718
722
726
730
734
738
742
746
750
754
758
762
766
770
774
778
782
786
790
794
798
3
7
11
15
19
23
27
31
35
39
43
47
51
55
59
63
67
71
75
79
83
87
91
95
99
103
107
111
115
119
123
127
131
135
139
143
147
151
155
159
163
167
171
175
179
183
187
191
195
199
203
207
211
215
219
223
227
231
235
239
243
247
251
255
259
263
267
271
275
279
283
287
291
295
299
303
307
311
315
319
323
327
331
335
339
343
347
351
355
359
363
367
371
375
379
383
387
391
395
399
403
407
411
415
419
423
427
431
435
439
443
447
451
455
459
463
467
471
475
479
483
487
491
495
499
503
507
511
515
519
523
527
531
535
539
543
547
551
555
559
563
567
571
575
579
583
587
591
595
599
603
607
611
615
619
623
627
631
635
639
643
647
651
655
659
663
667
671
675
679
683
687
691
695
699
703
707
711
715
719
723
727
731
735
739
743
747
751
755
759
763
767
771
775
779
783
787
791
795
799
0
4
8
12
16
20
24
28
32
36
40
44
48
52
56
60
64
68
72
76
80
84
88
92
96
100
104
108
112
116
120
124
128
132
136
140
144
148
152
156
160
164
168
172
176
180
184
188
192
196
200
204
208
212
216
220
224
228
232
236
240
244
248
252
256
260
264
268
272
276
280
284
288
292
296
300
304
308
312
316
320
324
328
332
336
340
344
348
352
356
360
364
368
372
376
380
384
388
392
396
400
404
408
412
416
420
424
428
432
436
440
444
448
452
456
460
464
468
472
476
480
484
488
492
496
500
504
508
512
516
520
524
528
532
536
540
544
548
552
556
560
564
568
572
576
580
584
588
592
596
600
604
608
612
616
620
624
628
632
636
640
644
648
652
656
660
664
668
672
676
680
684
688
692
696
700
704
708
712
716
720
724
728
732
736
740
744
748
752
756
760
764
768
772
776
780
784
788
792
796
1
5
9
13
17
21
25
29
33
37
41
45
49
53
57
61
65
69
73
77
81
85
89
93
97
101
105
109
113
117
121
125
129
133
137
141
145
149
153
157
161
165
169
173
177
181
185
189
193
197
201
205
209
213
217
221
225
229
233
237
241
245
249
253
257
261
265
269
273
277
281
285
289
293
297
301
305
309
313
317
321
325
329
333
337
341
345
349
353
357
361
365
369
373
377
381
385
389
393
397
401
405
409
413
417
421
425
429
433
437
441
445
449
453
457
461
465
469
473
477
481
485
489
493
497
501
505
509
513
517
521
525
529
533
537
541
545
549
553
557
561
565
569
573
577
581
585
589
593
597
601
605
609
613
617
621
625
629
633
637
641
645
649
653
657
661
665
669
673
677
681
685
689
693
697
701
705
709
713
717
721
725
729
733
737
741
745
749
753
757
761
765
769
773
777
781
785
789
793
797
2
6
10
14
18
22
26
30
34
38
42
46
50
54
58
62
66
70
74
78
82
86
90
94
98
102
106
110
114
118
122
126
130
134
138
142
146
150
154
158
162
166
170
174
178
182
186
190
194
198
202
206
210
214
218
222
226
230
234
238
242
246
250
254
258
262
266
270
274
278
282
286
290
294
298
302
306
310
314
318
322
326
330
334
338
342
346
350
354
358
362
366
370
374
378
382
386
390
394
398
402
406
410
414
418
422
426
430
434
438
442
446
450
454
458
462
466
470
474
478
482
486
490
494
498
502
506
510
514
518
522
526
530
534
538
542
546
550
554
558
562
566
570
574
578
582
586
590
594
598
602
606
610
614
618
622
626
630
634
638
642
646
650
654
658
662
666
670
674
678
682
686
690
694
698
702
706
710
714
718
722
726
730
734
738
742
746
750
754
758
762
766
770
774
778
782
786
790
794
798
3
7
11
15
19
23
27
31
35
39
43
47
51
55
59
63
67
71
75
79
83
87
91
95
99
103
107
111
115
119
123
127
131
135
139
143
147
151
155
159
163
167
171
175
179
183
187
191
195
199
203
207
211
215
219
223
227
231
235
239
243
247
251
255
259
263
267
271
275
279
283
287
291
295
299
303
307
311
315
319
323
327
331
335
339
343
347
351
355
359
363
367
371
375
379
383
387
391
395
399
403
407
411
415
419
423
427
431
435
439
443
447
451
455
459
463
467
471
475
479
483
487
491
495
499
503
507
511
515
519
523
527
531
535
539
543
547
551
555
559
563
567
571
575
579
583
587
591
595
599
603
607
611
615
619
623
627
631
635
639
643
647
651
655
659
663
667
671
675
679
683
687
691
695
699
703
707
711
715
719
723
727
731
735
739
743
747
751
755
759
763
767
771
775
779
783
787
791
795
799
796
797
798
799
0
4
8
12
16
20
24
28
32
36
40
44
48
52
56
60
64
68
72
76
80
84
88
92
96
100
104
108
112
116
120
124
128
132
136
140
144
148
152
156
160
164
168
172
176
180
184
188
192
196
200
204
208
212
216
220
224
228
232
236
240
244
248
252
256
260
264
268
272
276
280
284
288
292
296
300
304
308
312
316
320
324
328
332
336
340
344
348
352
356
360
364
368
372
376
380
384
388
392
396
400
404
408
412
416
420
424
428
432
436
440
444
448
452
456
460
464
468
472
476
480
484
488
492
496
500
504
508
512
516
520
524
528
532
536
540
544
548
552
556
560
564
568
572
576
580
584
588
592
596
600
604
608
612
616
620
624
628
632
636
640
644
648
652
656
660
664
668
672
676
680
684
688
692
696
700
704
708
712
716
720
724
728
732
736
740
744
748
752
756
760
764
768
772
776
780
784
788
792
796
3
7
11
15
19
23
27
31
35
39
43
47
51
55
59
63
67
71
75
79
83
87
91
95
99
103
107
111
115
119
123
127
131
135
139
143
147
151
155
159
163
167
171
175
179
183
187
191
195
199
203
207
211
215
219
223
227
231
235
239
243
247
251
255
259
263
267
271
275
279
283
287
291
295
299
303
307
311
315
319
323
327
331
335
339
343
347
351
355
359
363
367
371
375
379
383
387
391
395
399
403
407
411
415
419
423
427
431
435
439
443
447
451
455
459
463
467
471
475
479
483
487
491
495
499
503
507
511
515
519
523
527
531
535
539
543
547
551
555
559
563
567
571
575
579
583
587
591
595
599
603
607
611
615
619
623
627
631
635
639
643
647
651
655
659
663
667
671
675
679
683
687
691
695
699
703
707
711
715
719
723
727
731
735
739
743
747
751
755
759
763
767
771
775
779
783
787
791
795
799
)


// ************************************************************************* //
