/*--------------------------------*- C++ -*----------------------------------*\
| =========                 |                                                 |
| \\      /  F ield         | foam-extend: Open Source CFD                    |
|  \\    /   O peration     | Version:     4.0                                |
|   \\  /    A nd           | Web:         http://www.foam-extend.org         |
|    \\/     M anipulation  |                                                 |
\*---------------------------------------------------------------------------*/
FoamFile
{
    version     2.0;
    format      ascii;
    class       vectorField;
    location    "constant/polyMesh";
    object      points;
}
// * * * * * * * * * * * * * * * * * * * * * * * * * * * * * * * * * * * * * //


2010
(
(0 0 0)
(0.25 0 0)
(0.5 0 0)
(0.75 0 0)
(1 0 0)
(0 0 -0.1)
(0.25 0 -0.1)
(0.5 0 -0.1)
(0.75 0 -0.1)
(1 0 -0.1)
(0 0 -0.2)
(0.25 0 -0.2)
(0.5 0 -0.2)
(0.75 0 -0.2)
(1 0 -0.2)
(0 0 -0.3)
(0.25 0 -0.3)
(0.5 0 -0.3)
(0.75 0 -0.3)
(1 0 -0.3)
(0 0 -0.4)
(0.25 0 -0.4)
(0.5 0 -0.4)
(0.75 0 -0.4)
(1 0 -0.4)
(0 0 -0.5)
(0.25 0 -0.5)
(0.5 0 -0.5)
(0.75 0 -0.5)
(1 0 -0.5)
(0 0 -0.6)
(0.25 0 -0.6)
(0.5 0 -0.6)
(0.75 0 -0.6)
(1 0 -0.6)
(0 0 -0.7)
(0.25 0 -0.7)
(0.5 0 -0.7)
(0.75 0 -0.7)
(1 0 -0.7)
(0 0 -0.8)
(0.25 0 -0.8)
(0.5 0 -0.8)
(0.75 0 -0.8)
(1 0 -0.8)
(0 0 -0.9)
(0.25 0 -0.9)
(0.5 0 -0.9)
(0.75 0 -0.9)
(1 0 -0.9)
(0 0 -1)
(0.25 0 -1)
(0.5 0 -1)
(0.75 0 -1)
(1 0 -1)
(0 0 -1.1)
(0.25 0 -1.1)
(0.5 0 -1.1)
(0.75 0 -1.1)
(1 0 -1.1)
(0 0 -1.2)
(0.25 0 -1.2)
(0.5 0 -1.2)
(0.75 0 -1.2)
(1 0 -1.2)
(0 0 -1.3)
(0.25 0 -1.3)
(0.5 0 -1.3)
(0.75 0 -1.3)
(1 0 -1.3)
(0 0 -1.4)
(0.25 0 -1.4)
(0.5 0 -1.4)
(0.75 0 -1.4)
(1 0 -1.4)
(0 0 -1.5)
(0.25 0 -1.5)
(0.5 0 -1.5)
(0.75 0 -1.5)
(1 0 -1.5)
(0 0 -1.6)
(0.25 0 -1.6)
(0.5 0 -1.6)
(0.75 0 -1.6)
(1 0 -1.6)
(0 0 -1.7)
(0.25 0 -1.7)
(0.5 0 -1.7)
(0.75 0 -1.7)
(1 0 -1.7)
(0 0 -1.8)
(0.25 0 -1.8)
(0.5 0 -1.8)
(0.75 0 -1.8)
(1 0 -1.8)
(0 0 -1.9)
(0.25 0 -1.9)
(0.5 0 -1.9)
(0.75 0 -1.9)
(1 0 -1.9)
(0 0 -2)
(0.25 0 -2)
(0.5 0 -2)
(0.75 0 -2)
(1 0 -2)
(0 0 -2.1)
(0.25 0 -2.1)
(0.5 0 -2.1)
(0.75 0 -2.1)
(1 0 -2.1)
(0 0 -2.2)
(0.25 0 -2.2)
(0.5 0 -2.2)
(0.75 0 -2.2)
(1 0 -2.2)
(0 0 -2.3)
(0.25 0 -2.3)
(0.5 0 -2.3)
(0.75 0 -2.3)
(1 0 -2.3)
(0 0 -2.4)
(0.25 0 -2.4)
(0.5 0 -2.4)
(0.75 0 -2.4)
(1 0 -2.4)
(0 0 -2.5)
(0.25 0 -2.5)
(0.5 0 -2.5)
(0.75 0 -2.5)
(1 0 -2.5)
(0 0 -2.6)
(0.25 0 -2.6)
(0.5 0 -2.6)
(0.75 0 -2.6)
(1 0 -2.6)
(0 0 -2.7)
(0.25 0 -2.7)
(0.5 0 -2.7)
(0.75 0 -2.7)
(1 0 -2.7)
(0 0 -2.8)
(0.25 0 -2.8)
(0.5 0 -2.8)
(0.75 0 -2.8)
(1 0 -2.8)
(0 0 -2.9)
(0.25 0 -2.9)
(0.5 0 -2.9)
(0.75 0 -2.9)
(1 0 -2.9)
(0 0 -3)
(0.25 0 -3)
(0.5 0 -3)
(0.75 0 -3)
(1 0 -3)
(0 0 -3.1)
(0.25 0 -3.1)
(0.5 0 -3.1)
(0.75 0 -3.1)
(1 0 -3.1)
(0 0 -3.2)
(0.25 0 -3.2)
(0.5 0 -3.2)
(0.75 0 -3.2)
(1 0 -3.2)
(0 0 -3.3)
(0.25 0 -3.3)
(0.5 0 -3.3)
(0.75 0 -3.3)
(1 0 -3.3)
(0 0 -3.4)
(0.25 0 -3.4)
(0.5 0 -3.4)
(0.75 0 -3.4)
(1 0 -3.4)
(0 0 -3.5)
(0.25 0 -3.5)
(0.5 0 -3.5)
(0.75 0 -3.5)
(1 0 -3.5)
(0 0 -3.6)
(0.25 0 -3.6)
(0.5 0 -3.6)
(0.75 0 -3.6)
(1 0 -3.6)
(0 0 -3.7)
(0.25 0 -3.7)
(0.5 0 -3.7)
(0.75 0 -3.7)
(1 0 -3.7)
(0 0 -3.8)
(0.25 0 -3.8)
(0.5 0 -3.8)
(0.75 0 -3.8)
(1 0 -3.8)
(0 0 -3.9)
(0.25 0 -3.9)
(0.5 0 -3.9)
(0.75 0 -3.9)
(1 0 -3.9)
(0 0 -4)
(0.25 0 -4)
(0.5 0 -4)
(0.75 0 -4)
(1 0 -4)
(0 0 -4.1)
(0.25 0 -4.1)
(0.5 0 -4.1)
(0.75 0 -4.1)
(1 0 -4.1)
(0 0 -4.2)
(0.25 0 -4.2)
(0.5 0 -4.2)
(0.75 0 -4.2)
(1 0 -4.2)
(0 0 -4.3)
(0.25 0 -4.3)
(0.5 0 -4.3)
(0.75 0 -4.3)
(1 0 -4.3)
(0 0 -4.4)
(0.25 0 -4.4)
(0.5 0 -4.4)
(0.75 0 -4.4)
(1 0 -4.4)
(0 0 -4.5)
(0.25 0 -4.5)
(0.5 0 -4.5)
(0.75 0 -4.5)
(1 0 -4.5)
(0 0 -4.6)
(0.25 0 -4.6)
(0.5 0 -4.6)
(0.75 0 -4.6)
(1 0 -4.6)
(0 0 -4.7)
(0.25 0 -4.7)
(0.5 0 -4.7)
(0.75 0 -4.7)
(1 0 -4.7)
(0 0 -4.8)
(0.25 0 -4.8)
(0.5 0 -4.8)
(0.75 0 -4.8)
(1 0 -4.8)
(0 0 -4.9)
(0.25 0 -4.9)
(0.5 0 -4.9)
(0.75 0 -4.9)
(1 0 -4.9)
(0 0 -5)
(0.25 0 -5)
(0.5 0 -5)
(0.75 0 -5)
(1 0 -5)
(0 0 -5.1)
(0.25 0 -5.1)
(0.5 0 -5.1)
(0.75 0 -5.1)
(1 0 -5.1)
(0 0 -5.2)
(0.25 0 -5.2)
(0.5 0 -5.2)
(0.75 0 -5.2)
(1 0 -5.2)
(0 0 -5.3)
(0.25 0 -5.3)
(0.5 0 -5.3)
(0.75 0 -5.3)
(1 0 -5.3)
(0 0 -5.4)
(0.25 0 -5.4)
(0.5 0 -5.4)
(0.75 0 -5.4)
(1 0 -5.4)
(0 0 -5.5)
(0.25 0 -5.5)
(0.5 0 -5.5)
(0.75 0 -5.5)
(1 0 -5.5)
(0 0 -5.6)
(0.25 0 -5.6)
(0.5 0 -5.6)
(0.75 0 -5.6)
(1 0 -5.6)
(0 0 -5.7)
(0.25 0 -5.7)
(0.5 0 -5.7)
(0.75 0 -5.7)
(1 0 -5.7)
(0 0 -5.8)
(0.25 0 -5.8)
(0.5 0 -5.8)
(0.75 0 -5.8)
(1 0 -5.8)
(0 0 -5.9)
(0.25 0 -5.9)
(0.5 0 -5.9)
(0.75 0 -5.9)
(1 0 -5.9)
(0 0 -6)
(0.25 0 -6)
(0.5 0 -6)
(0.75 0 -6)
(1 0 -6)
(0 0 -6.1)
(0.25 0 -6.1)
(0.5 0 -6.1)
(0.75 0 -6.1)
(1 0 -6.1)
(0 0 -6.2)
(0.25 0 -6.2)
(0.5 0 -6.2)
(0.75 0 -6.2)
(1 0 -6.2)
(0 0 -6.3)
(0.25 0 -6.3)
(0.5 0 -6.3)
(0.75 0 -6.3)
(1 0 -6.3)
(0 0 -6.4)
(0.25 0 -6.4)
(0.5 0 -6.4)
(0.75 0 -6.4)
(1 0 -6.4)
(0 0 -6.5)
(0.25 0 -6.5)
(0.5 0 -6.5)
(0.75 0 -6.5)
(1 0 -6.5)
(0 0 -6.6)
(0.25 0 -6.6)
(0.5 0 -6.6)
(0.75 0 -6.6)
(1 0 -6.6)
(0 0 -6.7)
(0.25 0 -6.7)
(0.5 0 -6.7)
(0.75 0 -6.7)
(1 0 -6.7)
(0 0 -6.8)
(0.25 0 -6.8)
(0.5 0 -6.8)
(0.75 0 -6.8)
(1 0 -6.8)
(0 0 -6.9)
(0.25 0 -6.9)
(0.5 0 -6.9)
(0.75 0 -6.9)
(1 0 -6.9)
(0 0 -7)
(0.25 0 -7)
(0.5 0 -7)
(0.75 0 -7)
(1 0 -7)
(0 0 -7.1)
(0.25 0 -7.1)
(0.5 0 -7.1)
(0.75 0 -7.1)
(1 0 -7.1)
(0 0 -7.2)
(0.25 0 -7.2)
(0.5 0 -7.2)
(0.75 0 -7.2)
(1 0 -7.2)
(0 0 -7.3)
(0.25 0 -7.3)
(0.5 0 -7.3)
(0.75 0 -7.3)
(1 0 -7.3)
(0 0 -7.4)
(0.25 0 -7.4)
(0.5 0 -7.4)
(0.75 0 -7.4)
(1 0 -7.4)
(0 0 -7.5)
(0.25 0 -7.5)
(0.5 0 -7.5)
(0.75 0 -7.5)
(1 0 -7.5)
(0 0 -7.6)
(0.25 0 -7.6)
(0.5 0 -7.6)
(0.75 0 -7.6)
(1 0 -7.6)
(0 0 -7.7)
(0.25 0 -7.7)
(0.5 0 -7.7)
(0.75 0 -7.7)
(1 0 -7.7)
(0 0 -7.8)
(0.25 0 -7.8)
(0.5 0 -7.8)
(0.75 0 -7.8)
(1 0 -7.8)
(0 0 -7.9)
(0.25 0 -7.9)
(0.5 0 -7.9)
(0.75 0 -7.9)
(1 0 -7.9)
(0 0 -8)
(0.25 0 -8)
(0.5 0 -8)
(0.75 0 -8)
(1 0 -8)
(0 0 -8.1)
(0.25 0 -8.1)
(0.5 0 -8.1)
(0.75 0 -8.1)
(1 0 -8.1)
(0 0 -8.2)
(0.25 0 -8.2)
(0.5 0 -8.2)
(0.75 0 -8.2)
(1 0 -8.2)
(0 0 -8.3)
(0.25 0 -8.3)
(0.5 0 -8.3)
(0.75 0 -8.3)
(1 0 -8.3)
(0 0 -8.4)
(0.25 0 -8.4)
(0.5 0 -8.4)
(0.75 0 -8.4)
(1 0 -8.4)
(0 0 -8.5)
(0.25 0 -8.5)
(0.5 0 -8.5)
(0.75 0 -8.5)
(1 0 -8.5)
(0 0 -8.6)
(0.25 0 -8.6)
(0.5 0 -8.6)
(0.75 0 -8.6)
(1 0 -8.6)
(0 0 -8.7)
(0.25 0 -8.7)
(0.5 0 -8.7)
(0.75 0 -8.7)
(1 0 -8.7)
(0 0 -8.8)
(0.25 0 -8.8)
(0.5 0 -8.8)
(0.75 0 -8.8)
(1 0 -8.8)
(0 0 -8.9)
(0.25 0 -8.9)
(0.5 0 -8.9)
(0.75 0 -8.9)
(1 0 -8.9)
(0 0 -9)
(0.25 0 -9)
(0.5 0 -9)
(0.75 0 -9)
(1 0 -9)
(0 0 -9.1)
(0.25 0 -9.1)
(0.5 0 -9.1)
(0.75 0 -9.1)
(1 0 -9.1)
(0 0 -9.2)
(0.25 0 -9.2)
(0.5 0 -9.2)
(0.75 0 -9.2)
(1 0 -9.2)
(0 0 -9.3)
(0.25 0 -9.3)
(0.5 0 -9.3)
(0.75 0 -9.3)
(1 0 -9.3)
(0 0 -9.4)
(0.25 0 -9.4)
(0.5 0 -9.4)
(0.75 0 -9.4)
(1 0 -9.4)
(0 0 -9.5)
(0.25 0 -9.5)
(0.5 0 -9.5)
(0.75 0 -9.5)
(1 0 -9.5)
(0 0 -9.6)
(0.25 0 -9.6)
(0.5 0 -9.6)
(0.75 0 -9.6)
(1 0 -9.6)
(0 0 -9.7)
(0.25 0 -9.7)
(0.5 0 -9.7)
(0.75 0 -9.7)
(1 0 -9.7)
(0 0 -9.8)
(0.25 0 -9.8)
(0.5 0 -9.8)
(0.75 0 -9.8)
(1 0 -9.8)
(0 0 -9.9)
(0.25 0 -9.9)
(0.5 0 -9.9)
(0.75 0 -9.9)
(1 0 -9.9)
(0 0 -10)
(0.25 0 -10)
(0.5 0 -10)
(0.75 0 -10)
(1 0 -10)
(0 0 -10.1)
(0.25 0 -10.1)
(0.5 0 -10.1)
(0.75 0 -10.1)
(1 0 -10.1)
(0 0 -10.2)
(0.25 0 -10.2)
(0.5 0 -10.2)
(0.75 0 -10.2)
(1 0 -10.2)
(0 0 -10.3)
(0.25 0 -10.3)
(0.5 0 -10.3)
(0.75 0 -10.3)
(1 0 -10.3)
(0 0 -10.4)
(0.25 0 -10.4)
(0.5 0 -10.4)
(0.75 0 -10.4)
(1 0 -10.4)
(0 0 -10.5)
(0.25 0 -10.5)
(0.5 0 -10.5)
(0.75 0 -10.5)
(1 0 -10.5)
(0 0 -10.6)
(0.25 0 -10.6)
(0.5 0 -10.6)
(0.75 0 -10.6)
(1 0 -10.6)
(0 0 -10.7)
(0.25 0 -10.7)
(0.5 0 -10.7)
(0.75 0 -10.7)
(1 0 -10.7)
(0 0 -10.8)
(0.25 0 -10.8)
(0.5 0 -10.8)
(0.75 0 -10.8)
(1 0 -10.8)
(0 0 -10.9)
(0.25 0 -10.9)
(0.5 0 -10.9)
(0.75 0 -10.9)
(1 0 -10.9)
(0 0 -11)
(0.25 0 -11)
(0.5 0 -11)
(0.75 0 -11)
(1 0 -11)
(0 0 -11.1)
(0.25 0 -11.1)
(0.5 0 -11.1)
(0.75 0 -11.1)
(1 0 -11.1)
(0 0 -11.2)
(0.25 0 -11.2)
(0.5 0 -11.2)
(0.75 0 -11.2)
(1 0 -11.2)
(0 0 -11.3)
(0.25 0 -11.3)
(0.5 0 -11.3)
(0.75 0 -11.3)
(1 0 -11.3)
(0 0 -11.4)
(0.25 0 -11.4)
(0.5 0 -11.4)
(0.75 0 -11.4)
(1 0 -11.4)
(0 0 -11.5)
(0.25 0 -11.5)
(0.5 0 -11.5)
(0.75 0 -11.5)
(1 0 -11.5)
(0 0 -11.6)
(0.25 0 -11.6)
(0.5 0 -11.6)
(0.75 0 -11.6)
(1 0 -11.6)
(0 0 -11.7)
(0.25 0 -11.7)
(0.5 0 -11.7)
(0.75 0 -11.7)
(1 0 -11.7)
(0 0 -11.8)
(0.25 0 -11.8)
(0.5 0 -11.8)
(0.75 0 -11.8)
(1 0 -11.8)
(0 0 -11.9)
(0.25 0 -11.9)
(0.5 0 -11.9)
(0.75 0 -11.9)
(1 0 -11.9)
(0 0 -12)
(0.25 0 -12)
(0.5 0 -12)
(0.75 0 -12)
(1 0 -12)
(0 0 -12.1)
(0.25 0 -12.1)
(0.5 0 -12.1)
(0.75 0 -12.1)
(1 0 -12.1)
(0 0 -12.2)
(0.25 0 -12.2)
(0.5 0 -12.2)
(0.75 0 -12.2)
(1 0 -12.2)
(0 0 -12.3)
(0.25 0 -12.3)
(0.5 0 -12.3)
(0.75 0 -12.3)
(1 0 -12.3)
(0 0 -12.4)
(0.25 0 -12.4)
(0.5 0 -12.4)
(0.75 0 -12.4)
(1 0 -12.4)
(0 0 -12.5)
(0.25 0 -12.5)
(0.5 0 -12.5)
(0.75 0 -12.5)
(1 0 -12.5)
(0 0 -12.6)
(0.25 0 -12.6)
(0.5 0 -12.6)
(0.75 0 -12.6)
(1 0 -12.6)
(0 0 -12.7)
(0.25 0 -12.7)
(0.5 0 -12.7)
(0.75 0 -12.7)
(1 0 -12.7)
(0 0 -12.8)
(0.25 0 -12.8)
(0.5 0 -12.8)
(0.75 0 -12.8)
(1 0 -12.8)
(0 0 -12.9)
(0.25 0 -12.9)
(0.5 0 -12.9)
(0.75 0 -12.9)
(1 0 -12.9)
(0 0 -13)
(0.25 0 -13)
(0.5 0 -13)
(0.75 0 -13)
(1 0 -13)
(0 0 -13.1)
(0.25 0 -13.1)
(0.5 0 -13.1)
(0.75 0 -13.1)
(1 0 -13.1)
(0 0 -13.2)
(0.25 0 -13.2)
(0.5 0 -13.2)
(0.75 0 -13.2)
(1 0 -13.2)
(0 0 -13.3)
(0.25 0 -13.3)
(0.5 0 -13.3)
(0.75 0 -13.3)
(1 0 -13.3)
(0 0 -13.4)
(0.25 0 -13.4)
(0.5 0 -13.4)
(0.75 0 -13.4)
(1 0 -13.4)
(0 0 -13.5)
(0.25 0 -13.5)
(0.5 0 -13.5)
(0.75 0 -13.5)
(1 0 -13.5)
(0 0 -13.6)
(0.25 0 -13.6)
(0.5 0 -13.6)
(0.75 0 -13.6)
(1 0 -13.6)
(0 0 -13.7)
(0.25 0 -13.7)
(0.5 0 -13.7)
(0.75 0 -13.7)
(1 0 -13.7)
(0 0 -13.8)
(0.25 0 -13.8)
(0.5 0 -13.8)
(0.75 0 -13.8)
(1 0 -13.8)
(0 0 -13.9)
(0.25 0 -13.9)
(0.5 0 -13.9)
(0.75 0 -13.9)
(1 0 -13.9)
(0 0 -14)
(0.25 0 -14)
(0.5 0 -14)
(0.75 0 -14)
(1 0 -14)
(0 0 -14.1)
(0.25 0 -14.1)
(0.5 0 -14.1)
(0.75 0 -14.1)
(1 0 -14.1)
(0 0 -14.2)
(0.25 0 -14.2)
(0.5 0 -14.2)
(0.75 0 -14.2)
(1 0 -14.2)
(0 0 -14.3)
(0.25 0 -14.3)
(0.5 0 -14.3)
(0.75 0 -14.3)
(1 0 -14.3)
(0 0 -14.4)
(0.25 0 -14.4)
(0.5 0 -14.4)
(0.75 0 -14.4)
(1 0 -14.4)
(0 0 -14.5)
(0.25 0 -14.5)
(0.5 0 -14.5)
(0.75 0 -14.5)
(1 0 -14.5)
(0 0 -14.6)
(0.25 0 -14.6)
(0.5 0 -14.6)
(0.75 0 -14.6)
(1 0 -14.6)
(0 0 -14.7)
(0.25 0 -14.7)
(0.5 0 -14.7)
(0.75 0 -14.7)
(1 0 -14.7)
(0 0 -14.8)
(0.25 0 -14.8)
(0.5 0 -14.8)
(0.75 0 -14.8)
(1 0 -14.8)
(0 0 -14.9)
(0.25 0 -14.9)
(0.5 0 -14.9)
(0.75 0 -14.9)
(1 0 -14.9)
(0 0 -15)
(0.25 0 -15)
(0.5 0 -15)
(0.75 0 -15)
(1 0 -15)
(0 0 -15.1)
(0.25 0 -15.1)
(0.5 0 -15.1)
(0.75 0 -15.1)
(1 0 -15.1)
(0 0 -15.2)
(0.25 0 -15.2)
(0.5 0 -15.2)
(0.75 0 -15.2)
(1 0 -15.2)
(0 0 -15.3)
(0.25 0 -15.3)
(0.5 0 -15.3)
(0.75 0 -15.3)
(1 0 -15.3)
(0 0 -15.4)
(0.25 0 -15.4)
(0.5 0 -15.4)
(0.75 0 -15.4)
(1 0 -15.4)
(0 0 -15.5)
(0.25 0 -15.5)
(0.5 0 -15.5)
(0.75 0 -15.5)
(1 0 -15.5)
(0 0 -15.6)
(0.25 0 -15.6)
(0.5 0 -15.6)
(0.75 0 -15.6)
(1 0 -15.6)
(0 0 -15.7)
(0.25 0 -15.7)
(0.5 0 -15.7)
(0.75 0 -15.7)
(1 0 -15.7)
(0 0 -15.8)
(0.25 0 -15.8)
(0.5 0 -15.8)
(0.75 0 -15.8)
(1 0 -15.8)
(0 0 -15.9)
(0.25 0 -15.9)
(0.5 0 -15.9)
(0.75 0 -15.9)
(1 0 -15.9)
(0 0 -16)
(0.25 0 -16)
(0.5 0 -16)
(0.75 0 -16)
(1 0 -16)
(0 0 -16.1)
(0.25 0 -16.1)
(0.5 0 -16.1)
(0.75 0 -16.1)
(1 0 -16.1)
(0 0 -16.2)
(0.25 0 -16.2)
(0.5 0 -16.2)
(0.75 0 -16.2)
(1 0 -16.2)
(0 0 -16.3)
(0.25 0 -16.3)
(0.5 0 -16.3)
(0.75 0 -16.3)
(1 0 -16.3)
(0 0 -16.4)
(0.25 0 -16.4)
(0.5 0 -16.4)
(0.75 0 -16.4)
(1 0 -16.4)
(0 0 -16.5)
(0.25 0 -16.5)
(0.5 0 -16.5)
(0.75 0 -16.5)
(1 0 -16.5)
(0 0 -16.6)
(0.25 0 -16.6)
(0.5 0 -16.6)
(0.75 0 -16.6)
(1 0 -16.6)
(0 0 -16.7)
(0.25 0 -16.7)
(0.5 0 -16.7)
(0.75 0 -16.7)
(1 0 -16.7)
(0 0 -16.8)
(0.25 0 -16.8)
(0.5 0 -16.8)
(0.75 0 -16.8)
(1 0 -16.8)
(0 0 -16.9)
(0.25 0 -16.9)
(0.5 0 -16.9)
(0.75 0 -16.9)
(1 0 -16.9)
(0 0 -17)
(0.25 0 -17)
(0.5 0 -17)
(0.75 0 -17)
(1 0 -17)
(0 0 -17.1)
(0.25 0 -17.1)
(0.5 0 -17.1)
(0.75 0 -17.1)
(1 0 -17.1)
(0 0 -17.2)
(0.25 0 -17.2)
(0.5 0 -17.2)
(0.75 0 -17.2)
(1 0 -17.2)
(0 0 -17.3)
(0.25 0 -17.3)
(0.5 0 -17.3)
(0.75 0 -17.3)
(1 0 -17.3)
(0 0 -17.4)
(0.25 0 -17.4)
(0.5 0 -17.4)
(0.75 0 -17.4)
(1 0 -17.4)
(0 0 -17.5)
(0.25 0 -17.5)
(0.5 0 -17.5)
(0.75 0 -17.5)
(1 0 -17.5)
(0 0 -17.6)
(0.25 0 -17.6)
(0.5 0 -17.6)
(0.75 0 -17.6)
(1 0 -17.6)
(0 0 -17.7)
(0.25 0 -17.7)
(0.5 0 -17.7)
(0.75 0 -17.7)
(1 0 -17.7)
(0 0 -17.8)
(0.25 0 -17.8)
(0.5 0 -17.8)
(0.75 0 -17.8)
(1 0 -17.8)
(0 0 -17.9)
(0.25 0 -17.9)
(0.5 0 -17.9)
(0.75 0 -17.9)
(1 0 -17.9)
(0 0 -18)
(0.25 0 -18)
(0.5 0 -18)
(0.75 0 -18)
(1 0 -18)
(0 0 -18.1)
(0.25 0 -18.1)
(0.5 0 -18.1)
(0.75 0 -18.1)
(1 0 -18.1)
(0 0 -18.2)
(0.25 0 -18.2)
(0.5 0 -18.2)
(0.75 0 -18.2)
(1 0 -18.2)
(0 0 -18.3)
(0.25 0 -18.3)
(0.5 0 -18.3)
(0.75 0 -18.3)
(1 0 -18.3)
(0 0 -18.4)
(0.25 0 -18.4)
(0.5 0 -18.4)
(0.75 0 -18.4)
(1 0 -18.4)
(0 0 -18.5)
(0.25 0 -18.5)
(0.5 0 -18.5)
(0.75 0 -18.5)
(1 0 -18.5)
(0 0 -18.6)
(0.25 0 -18.6)
(0.5 0 -18.6)
(0.75 0 -18.6)
(1 0 -18.6)
(0 0 -18.7)
(0.25 0 -18.7)
(0.5 0 -18.7)
(0.75 0 -18.7)
(1 0 -18.7)
(0 0 -18.8)
(0.25 0 -18.8)
(0.5 0 -18.8)
(0.75 0 -18.8)
(1 0 -18.8)
(0 0 -18.9)
(0.25 0 -18.9)
(0.5 0 -18.9)
(0.75 0 -18.9)
(1 0 -18.9)
(0 0 -19)
(0.25 0 -19)
(0.5 0 -19)
(0.75 0 -19)
(1 0 -19)
(0 0 -19.1)
(0.25 0 -19.1)
(0.5 0 -19.1)
(0.75 0 -19.1)
(1 0 -19.1)
(0 0 -19.2)
(0.25 0 -19.2)
(0.5 0 -19.2)
(0.75 0 -19.2)
(1 0 -19.2)
(0 0 -19.3)
(0.25 0 -19.3)
(0.5 0 -19.3)
(0.75 0 -19.3)
(1 0 -19.3)
(0 0 -19.4)
(0.25 0 -19.4)
(0.5 0 -19.4)
(0.75 0 -19.4)
(1 0 -19.4)
(0 0 -19.5)
(0.25 0 -19.5)
(0.5 0 -19.5)
(0.75 0 -19.5)
(1 0 -19.5)
(0 0 -19.6)
(0.25 0 -19.6)
(0.5 0 -19.6)
(0.75 0 -19.6)
(1 0 -19.6)
(0 0 -19.7)
(0.25 0 -19.7)
(0.5 0 -19.7)
(0.75 0 -19.7)
(1 0 -19.7)
(0 0 -19.8)
(0.25 0 -19.8)
(0.5 0 -19.8)
(0.75 0 -19.8)
(1 0 -19.8)
(0 0 -19.9)
(0.25 0 -19.9)
(0.5 0 -19.9)
(0.75 0 -19.9)
(1 0 -19.9)
(0 0 -20)
(0.25 0 -20)
(0.5 0 -20)
(0.75 0 -20)
(1 0 -20)
(0 1 0)
(0.25 1 0)
(0.5 1 0)
(0.75 1 0)
(1 1 0)
(0 1 -0.1)
(0.25 1 -0.1)
(0.5 1 -0.1)
(0.75 1 -0.1)
(1 1 -0.1)
(0 1 -0.2)
(0.25 1 -0.2)
(0.5 1 -0.2)
(0.75 1 -0.2)
(1 1 -0.2)
(0 1 -0.3)
(0.25 1 -0.3)
(0.5 1 -0.3)
(0.75 1 -0.3)
(1 1 -0.3)
(0 1 -0.4)
(0.25 1 -0.4)
(0.5 1 -0.4)
(0.75 1 -0.4)
(1 1 -0.4)
(0 1 -0.5)
(0.25 1 -0.5)
(0.5 1 -0.5)
(0.75 1 -0.5)
(1 1 -0.5)
(0 1 -0.6)
(0.25 1 -0.6)
(0.5 1 -0.6)
(0.75 1 -0.6)
(1 1 -0.6)
(0 1 -0.7)
(0.25 1 -0.7)
(0.5 1 -0.7)
(0.75 1 -0.7)
(1 1 -0.7)
(0 1 -0.8)
(0.25 1 -0.8)
(0.5 1 -0.8)
(0.75 1 -0.8)
(1 1 -0.8)
(0 1 -0.9)
(0.25 1 -0.9)
(0.5 1 -0.9)
(0.75 1 -0.9)
(1 1 -0.9)
(0 1 -1)
(0.25 1 -1)
(0.5 1 -1)
(0.75 1 -1)
(1 1 -1)
(0 1 -1.1)
(0.25 1 -1.1)
(0.5 1 -1.1)
(0.75 1 -1.1)
(1 1 -1.1)
(0 1 -1.2)
(0.25 1 -1.2)
(0.5 1 -1.2)
(0.75 1 -1.2)
(1 1 -1.2)
(0 1 -1.3)
(0.25 1 -1.3)
(0.5 1 -1.3)
(0.75 1 -1.3)
(1 1 -1.3)
(0 1 -1.4)
(0.25 1 -1.4)
(0.5 1 -1.4)
(0.75 1 -1.4)
(1 1 -1.4)
(0 1 -1.5)
(0.25 1 -1.5)
(0.5 1 -1.5)
(0.75 1 -1.5)
(1 1 -1.5)
(0 1 -1.6)
(0.25 1 -1.6)
(0.5 1 -1.6)
(0.75 1 -1.6)
(1 1 -1.6)
(0 1 -1.7)
(0.25 1 -1.7)
(0.5 1 -1.7)
(0.75 1 -1.7)
(1 1 -1.7)
(0 1 -1.8)
(0.25 1 -1.8)
(0.5 1 -1.8)
(0.75 1 -1.8)
(1 1 -1.8)
(0 1 -1.9)
(0.25 1 -1.9)
(0.5 1 -1.9)
(0.75 1 -1.9)
(1 1 -1.9)
(0 1 -2)
(0.25 1 -2)
(0.5 1 -2)
(0.75 1 -2)
(1 1 -2)
(0 1 -2.1)
(0.25 1 -2.1)
(0.5 1 -2.1)
(0.75 1 -2.1)
(1 1 -2.1)
(0 1 -2.2)
(0.25 1 -2.2)
(0.5 1 -2.2)
(0.75 1 -2.2)
(1 1 -2.2)
(0 1 -2.3)
(0.25 1 -2.3)
(0.5 1 -2.3)
(0.75 1 -2.3)
(1 1 -2.3)
(0 1 -2.4)
(0.25 1 -2.4)
(0.5 1 -2.4)
(0.75 1 -2.4)
(1 1 -2.4)
(0 1 -2.5)
(0.25 1 -2.5)
(0.5 1 -2.5)
(0.75 1 -2.5)
(1 1 -2.5)
(0 1 -2.6)
(0.25 1 -2.6)
(0.5 1 -2.6)
(0.75 1 -2.6)
(1 1 -2.6)
(0 1 -2.7)
(0.25 1 -2.7)
(0.5 1 -2.7)
(0.75 1 -2.7)
(1 1 -2.7)
(0 1 -2.8)
(0.25 1 -2.8)
(0.5 1 -2.8)
(0.75 1 -2.8)
(1 1 -2.8)
(0 1 -2.9)
(0.25 1 -2.9)
(0.5 1 -2.9)
(0.75 1 -2.9)
(1 1 -2.9)
(0 1 -3)
(0.25 1 -3)
(0.5 1 -3)
(0.75 1 -3)
(1 1 -3)
(0 1 -3.1)
(0.25 1 -3.1)
(0.5 1 -3.1)
(0.75 1 -3.1)
(1 1 -3.1)
(0 1 -3.2)
(0.25 1 -3.2)
(0.5 1 -3.2)
(0.75 1 -3.2)
(1 1 -3.2)
(0 1 -3.3)
(0.25 1 -3.3)
(0.5 1 -3.3)
(0.75 1 -3.3)
(1 1 -3.3)
(0 1 -3.4)
(0.25 1 -3.4)
(0.5 1 -3.4)
(0.75 1 -3.4)
(1 1 -3.4)
(0 1 -3.5)
(0.25 1 -3.5)
(0.5 1 -3.5)
(0.75 1 -3.5)
(1 1 -3.5)
(0 1 -3.6)
(0.25 1 -3.6)
(0.5 1 -3.6)
(0.75 1 -3.6)
(1 1 -3.6)
(0 1 -3.7)
(0.25 1 -3.7)
(0.5 1 -3.7)
(0.75 1 -3.7)
(1 1 -3.7)
(0 1 -3.8)
(0.25 1 -3.8)
(0.5 1 -3.8)
(0.75 1 -3.8)
(1 1 -3.8)
(0 1 -3.9)
(0.25 1 -3.9)
(0.5 1 -3.9)
(0.75 1 -3.9)
(1 1 -3.9)
(0 1 -4)
(0.25 1 -4)
(0.5 1 -4)
(0.75 1 -4)
(1 1 -4)
(0 1 -4.1)
(0.25 1 -4.1)
(0.5 1 -4.1)
(0.75 1 -4.1)
(1 1 -4.1)
(0 1 -4.2)
(0.25 1 -4.2)
(0.5 1 -4.2)
(0.75 1 -4.2)
(1 1 -4.2)
(0 1 -4.3)
(0.25 1 -4.3)
(0.5 1 -4.3)
(0.75 1 -4.3)
(1 1 -4.3)
(0 1 -4.4)
(0.25 1 -4.4)
(0.5 1 -4.4)
(0.75 1 -4.4)
(1 1 -4.4)
(0 1 -4.5)
(0.25 1 -4.5)
(0.5 1 -4.5)
(0.75 1 -4.5)
(1 1 -4.5)
(0 1 -4.6)
(0.25 1 -4.6)
(0.5 1 -4.6)
(0.75 1 -4.6)
(1 1 -4.6)
(0 1 -4.7)
(0.25 1 -4.7)
(0.5 1 -4.7)
(0.75 1 -4.7)
(1 1 -4.7)
(0 1 -4.8)
(0.25 1 -4.8)
(0.5 1 -4.8)
(0.75 1 -4.8)
(1 1 -4.8)
(0 1 -4.9)
(0.25 1 -4.9)
(0.5 1 -4.9)
(0.75 1 -4.9)
(1 1 -4.9)
(0 1 -5)
(0.25 1 -5)
(0.5 1 -5)
(0.75 1 -5)
(1 1 -5)
(0 1 -5.1)
(0.25 1 -5.1)
(0.5 1 -5.1)
(0.75 1 -5.1)
(1 1 -5.1)
(0 1 -5.2)
(0.25 1 -5.2)
(0.5 1 -5.2)
(0.75 1 -5.2)
(1 1 -5.2)
(0 1 -5.3)
(0.25 1 -5.3)
(0.5 1 -5.3)
(0.75 1 -5.3)
(1 1 -5.3)
(0 1 -5.4)
(0.25 1 -5.4)
(0.5 1 -5.4)
(0.75 1 -5.4)
(1 1 -5.4)
(0 1 -5.5)
(0.25 1 -5.5)
(0.5 1 -5.5)
(0.75 1 -5.5)
(1 1 -5.5)
(0 1 -5.6)
(0.25 1 -5.6)
(0.5 1 -5.6)
(0.75 1 -5.6)
(1 1 -5.6)
(0 1 -5.7)
(0.25 1 -5.7)
(0.5 1 -5.7)
(0.75 1 -5.7)
(1 1 -5.7)
(0 1 -5.8)
(0.25 1 -5.8)
(0.5 1 -5.8)
(0.75 1 -5.8)
(1 1 -5.8)
(0 1 -5.9)
(0.25 1 -5.9)
(0.5 1 -5.9)
(0.75 1 -5.9)
(1 1 -5.9)
(0 1 -6)
(0.25 1 -6)
(0.5 1 -6)
(0.75 1 -6)
(1 1 -6)
(0 1 -6.1)
(0.25 1 -6.1)
(0.5 1 -6.1)
(0.75 1 -6.1)
(1 1 -6.1)
(0 1 -6.2)
(0.25 1 -6.2)
(0.5 1 -6.2)
(0.75 1 -6.2)
(1 1 -6.2)
(0 1 -6.3)
(0.25 1 -6.3)
(0.5 1 -6.3)
(0.75 1 -6.3)
(1 1 -6.3)
(0 1 -6.4)
(0.25 1 -6.4)
(0.5 1 -6.4)
(0.75 1 -6.4)
(1 1 -6.4)
(0 1 -6.5)
(0.25 1 -6.5)
(0.5 1 -6.5)
(0.75 1 -6.5)
(1 1 -6.5)
(0 1 -6.6)
(0.25 1 -6.6)
(0.5 1 -6.6)
(0.75 1 -6.6)
(1 1 -6.6)
(0 1 -6.7)
(0.25 1 -6.7)
(0.5 1 -6.7)
(0.75 1 -6.7)
(1 1 -6.7)
(0 1 -6.8)
(0.25 1 -6.8)
(0.5 1 -6.8)
(0.75 1 -6.8)
(1 1 -6.8)
(0 1 -6.9)
(0.25 1 -6.9)
(0.5 1 -6.9)
(0.75 1 -6.9)
(1 1 -6.9)
(0 1 -7)
(0.25 1 -7)
(0.5 1 -7)
(0.75 1 -7)
(1 1 -7)
(0 1 -7.1)
(0.25 1 -7.1)
(0.5 1 -7.1)
(0.75 1 -7.1)
(1 1 -7.1)
(0 1 -7.2)
(0.25 1 -7.2)
(0.5 1 -7.2)
(0.75 1 -7.2)
(1 1 -7.2)
(0 1 -7.3)
(0.25 1 -7.3)
(0.5 1 -7.3)
(0.75 1 -7.3)
(1 1 -7.3)
(0 1 -7.4)
(0.25 1 -7.4)
(0.5 1 -7.4)
(0.75 1 -7.4)
(1 1 -7.4)
(0 1 -7.5)
(0.25 1 -7.5)
(0.5 1 -7.5)
(0.75 1 -7.5)
(1 1 -7.5)
(0 1 -7.6)
(0.25 1 -7.6)
(0.5 1 -7.6)
(0.75 1 -7.6)
(1 1 -7.6)
(0 1 -7.7)
(0.25 1 -7.7)
(0.5 1 -7.7)
(0.75 1 -7.7)
(1 1 -7.7)
(0 1 -7.8)
(0.25 1 -7.8)
(0.5 1 -7.8)
(0.75 1 -7.8)
(1 1 -7.8)
(0 1 -7.9)
(0.25 1 -7.9)
(0.5 1 -7.9)
(0.75 1 -7.9)
(1 1 -7.9)
(0 1 -8)
(0.25 1 -8)
(0.5 1 -8)
(0.75 1 -8)
(1 1 -8)
(0 1 -8.1)
(0.25 1 -8.1)
(0.5 1 -8.1)
(0.75 1 -8.1)
(1 1 -8.1)
(0 1 -8.2)
(0.25 1 -8.2)
(0.5 1 -8.2)
(0.75 1 -8.2)
(1 1 -8.2)
(0 1 -8.3)
(0.25 1 -8.3)
(0.5 1 -8.3)
(0.75 1 -8.3)
(1 1 -8.3)
(0 1 -8.4)
(0.25 1 -8.4)
(0.5 1 -8.4)
(0.75 1 -8.4)
(1 1 -8.4)
(0 1 -8.5)
(0.25 1 -8.5)
(0.5 1 -8.5)
(0.75 1 -8.5)
(1 1 -8.5)
(0 1 -8.6)
(0.25 1 -8.6)
(0.5 1 -8.6)
(0.75 1 -8.6)
(1 1 -8.6)
(0 1 -8.7)
(0.25 1 -8.7)
(0.5 1 -8.7)
(0.75 1 -8.7)
(1 1 -8.7)
(0 1 -8.8)
(0.25 1 -8.8)
(0.5 1 -8.8)
(0.75 1 -8.8)
(1 1 -8.8)
(0 1 -8.9)
(0.25 1 -8.9)
(0.5 1 -8.9)
(0.75 1 -8.9)
(1 1 -8.9)
(0 1 -9)
(0.25 1 -9)
(0.5 1 -9)
(0.75 1 -9)
(1 1 -9)
(0 1 -9.1)
(0.25 1 -9.1)
(0.5 1 -9.1)
(0.75 1 -9.1)
(1 1 -9.1)
(0 1 -9.2)
(0.25 1 -9.2)
(0.5 1 -9.2)
(0.75 1 -9.2)
(1 1 -9.2)
(0 1 -9.3)
(0.25 1 -9.3)
(0.5 1 -9.3)
(0.75 1 -9.3)
(1 1 -9.3)
(0 1 -9.4)
(0.25 1 -9.4)
(0.5 1 -9.4)
(0.75 1 -9.4)
(1 1 -9.4)
(0 1 -9.5)
(0.25 1 -9.5)
(0.5 1 -9.5)
(0.75 1 -9.5)
(1 1 -9.5)
(0 1 -9.6)
(0.25 1 -9.6)
(0.5 1 -9.6)
(0.75 1 -9.6)
(1 1 -9.6)
(0 1 -9.7)
(0.25 1 -9.7)
(0.5 1 -9.7)
(0.75 1 -9.7)
(1 1 -9.7)
(0 1 -9.8)
(0.25 1 -9.8)
(0.5 1 -9.8)
(0.75 1 -9.8)
(1 1 -9.8)
(0 1 -9.9)
(0.25 1 -9.9)
(0.5 1 -9.9)
(0.75 1 -9.9)
(1 1 -9.9)
(0 1 -10)
(0.25 1 -10)
(0.5 1 -10)
(0.75 1 -10)
(1 1 -10)
(0 1 -10.1)
(0.25 1 -10.1)
(0.5 1 -10.1)
(0.75 1 -10.1)
(1 1 -10.1)
(0 1 -10.2)
(0.25 1 -10.2)
(0.5 1 -10.2)
(0.75 1 -10.2)
(1 1 -10.2)
(0 1 -10.3)
(0.25 1 -10.3)
(0.5 1 -10.3)
(0.75 1 -10.3)
(1 1 -10.3)
(0 1 -10.4)
(0.25 1 -10.4)
(0.5 1 -10.4)
(0.75 1 -10.4)
(1 1 -10.4)
(0 1 -10.5)
(0.25 1 -10.5)
(0.5 1 -10.5)
(0.75 1 -10.5)
(1 1 -10.5)
(0 1 -10.6)
(0.25 1 -10.6)
(0.5 1 -10.6)
(0.75 1 -10.6)
(1 1 -10.6)
(0 1 -10.7)
(0.25 1 -10.7)
(0.5 1 -10.7)
(0.75 1 -10.7)
(1 1 -10.7)
(0 1 -10.8)
(0.25 1 -10.8)
(0.5 1 -10.8)
(0.75 1 -10.8)
(1 1 -10.8)
(0 1 -10.9)
(0.25 1 -10.9)
(0.5 1 -10.9)
(0.75 1 -10.9)
(1 1 -10.9)
(0 1 -11)
(0.25 1 -11)
(0.5 1 -11)
(0.75 1 -11)
(1 1 -11)
(0 1 -11.1)
(0.25 1 -11.1)
(0.5 1 -11.1)
(0.75 1 -11.1)
(1 1 -11.1)
(0 1 -11.2)
(0.25 1 -11.2)
(0.5 1 -11.2)
(0.75 1 -11.2)
(1 1 -11.2)
(0 1 -11.3)
(0.25 1 -11.3)
(0.5 1 -11.3)
(0.75 1 -11.3)
(1 1 -11.3)
(0 1 -11.4)
(0.25 1 -11.4)
(0.5 1 -11.4)
(0.75 1 -11.4)
(1 1 -11.4)
(0 1 -11.5)
(0.25 1 -11.5)
(0.5 1 -11.5)
(0.75 1 -11.5)
(1 1 -11.5)
(0 1 -11.6)
(0.25 1 -11.6)
(0.5 1 -11.6)
(0.75 1 -11.6)
(1 1 -11.6)
(0 1 -11.7)
(0.25 1 -11.7)
(0.5 1 -11.7)
(0.75 1 -11.7)
(1 1 -11.7)
(0 1 -11.8)
(0.25 1 -11.8)
(0.5 1 -11.8)
(0.75 1 -11.8)
(1 1 -11.8)
(0 1 -11.9)
(0.25 1 -11.9)
(0.5 1 -11.9)
(0.75 1 -11.9)
(1 1 -11.9)
(0 1 -12)
(0.25 1 -12)
(0.5 1 -12)
(0.75 1 -12)
(1 1 -12)
(0 1 -12.1)
(0.25 1 -12.1)
(0.5 1 -12.1)
(0.75 1 -12.1)
(1 1 -12.1)
(0 1 -12.2)
(0.25 1 -12.2)
(0.5 1 -12.2)
(0.75 1 -12.2)
(1 1 -12.2)
(0 1 -12.3)
(0.25 1 -12.3)
(0.5 1 -12.3)
(0.75 1 -12.3)
(1 1 -12.3)
(0 1 -12.4)
(0.25 1 -12.4)
(0.5 1 -12.4)
(0.75 1 -12.4)
(1 1 -12.4)
(0 1 -12.5)
(0.25 1 -12.5)
(0.5 1 -12.5)
(0.75 1 -12.5)
(1 1 -12.5)
(0 1 -12.6)
(0.25 1 -12.6)
(0.5 1 -12.6)
(0.75 1 -12.6)
(1 1 -12.6)
(0 1 -12.7)
(0.25 1 -12.7)
(0.5 1 -12.7)
(0.75 1 -12.7)
(1 1 -12.7)
(0 1 -12.8)
(0.25 1 -12.8)
(0.5 1 -12.8)
(0.75 1 -12.8)
(1 1 -12.8)
(0 1 -12.9)
(0.25 1 -12.9)
(0.5 1 -12.9)
(0.75 1 -12.9)
(1 1 -12.9)
(0 1 -13)
(0.25 1 -13)
(0.5 1 -13)
(0.75 1 -13)
(1 1 -13)
(0 1 -13.1)
(0.25 1 -13.1)
(0.5 1 -13.1)
(0.75 1 -13.1)
(1 1 -13.1)
(0 1 -13.2)
(0.25 1 -13.2)
(0.5 1 -13.2)
(0.75 1 -13.2)
(1 1 -13.2)
(0 1 -13.3)
(0.25 1 -13.3)
(0.5 1 -13.3)
(0.75 1 -13.3)
(1 1 -13.3)
(0 1 -13.4)
(0.25 1 -13.4)
(0.5 1 -13.4)
(0.75 1 -13.4)
(1 1 -13.4)
(0 1 -13.5)
(0.25 1 -13.5)
(0.5 1 -13.5)
(0.75 1 -13.5)
(1 1 -13.5)
(0 1 -13.6)
(0.25 1 -13.6)
(0.5 1 -13.6)
(0.75 1 -13.6)
(1 1 -13.6)
(0 1 -13.7)
(0.25 1 -13.7)
(0.5 1 -13.7)
(0.75 1 -13.7)
(1 1 -13.7)
(0 1 -13.8)
(0.25 1 -13.8)
(0.5 1 -13.8)
(0.75 1 -13.8)
(1 1 -13.8)
(0 1 -13.9)
(0.25 1 -13.9)
(0.5 1 -13.9)
(0.75 1 -13.9)
(1 1 -13.9)
(0 1 -14)
(0.25 1 -14)
(0.5 1 -14)
(0.75 1 -14)
(1 1 -14)
(0 1 -14.1)
(0.25 1 -14.1)
(0.5 1 -14.1)
(0.75 1 -14.1)
(1 1 -14.1)
(0 1 -14.2)
(0.25 1 -14.2)
(0.5 1 -14.2)
(0.75 1 -14.2)
(1 1 -14.2)
(0 1 -14.3)
(0.25 1 -14.3)
(0.5 1 -14.3)
(0.75 1 -14.3)
(1 1 -14.3)
(0 1 -14.4)
(0.25 1 -14.4)
(0.5 1 -14.4)
(0.75 1 -14.4)
(1 1 -14.4)
(0 1 -14.5)
(0.25 1 -14.5)
(0.5 1 -14.5)
(0.75 1 -14.5)
(1 1 -14.5)
(0 1 -14.6)
(0.25 1 -14.6)
(0.5 1 -14.6)
(0.75 1 -14.6)
(1 1 -14.6)
(0 1 -14.7)
(0.25 1 -14.7)
(0.5 1 -14.7)
(0.75 1 -14.7)
(1 1 -14.7)
(0 1 -14.8)
(0.25 1 -14.8)
(0.5 1 -14.8)
(0.75 1 -14.8)
(1 1 -14.8)
(0 1 -14.9)
(0.25 1 -14.9)
(0.5 1 -14.9)
(0.75 1 -14.9)
(1 1 -14.9)
(0 1 -15)
(0.25 1 -15)
(0.5 1 -15)
(0.75 1 -15)
(1 1 -15)
(0 1 -15.1)
(0.25 1 -15.1)
(0.5 1 -15.1)
(0.75 1 -15.1)
(1 1 -15.1)
(0 1 -15.2)
(0.25 1 -15.2)
(0.5 1 -15.2)
(0.75 1 -15.2)
(1 1 -15.2)
(0 1 -15.3)
(0.25 1 -15.3)
(0.5 1 -15.3)
(0.75 1 -15.3)
(1 1 -15.3)
(0 1 -15.4)
(0.25 1 -15.4)
(0.5 1 -15.4)
(0.75 1 -15.4)
(1 1 -15.4)
(0 1 -15.5)
(0.25 1 -15.5)
(0.5 1 -15.5)
(0.75 1 -15.5)
(1 1 -15.5)
(0 1 -15.6)
(0.25 1 -15.6)
(0.5 1 -15.6)
(0.75 1 -15.6)
(1 1 -15.6)
(0 1 -15.7)
(0.25 1 -15.7)
(0.5 1 -15.7)
(0.75 1 -15.7)
(1 1 -15.7)
(0 1 -15.8)
(0.25 1 -15.8)
(0.5 1 -15.8)
(0.75 1 -15.8)
(1 1 -15.8)
(0 1 -15.9)
(0.25 1 -15.9)
(0.5 1 -15.9)
(0.75 1 -15.9)
(1 1 -15.9)
(0 1 -16)
(0.25 1 -16)
(0.5 1 -16)
(0.75 1 -16)
(1 1 -16)
(0 1 -16.1)
(0.25 1 -16.1)
(0.5 1 -16.1)
(0.75 1 -16.1)
(1 1 -16.1)
(0 1 -16.2)
(0.25 1 -16.2)
(0.5 1 -16.2)
(0.75 1 -16.2)
(1 1 -16.2)
(0 1 -16.3)
(0.25 1 -16.3)
(0.5 1 -16.3)
(0.75 1 -16.3)
(1 1 -16.3)
(0 1 -16.4)
(0.25 1 -16.4)
(0.5 1 -16.4)
(0.75 1 -16.4)
(1 1 -16.4)
(0 1 -16.5)
(0.25 1 -16.5)
(0.5 1 -16.5)
(0.75 1 -16.5)
(1 1 -16.5)
(0 1 -16.6)
(0.25 1 -16.6)
(0.5 1 -16.6)
(0.75 1 -16.6)
(1 1 -16.6)
(0 1 -16.7)
(0.25 1 -16.7)
(0.5 1 -16.7)
(0.75 1 -16.7)
(1 1 -16.7)
(0 1 -16.8)
(0.25 1 -16.8)
(0.5 1 -16.8)
(0.75 1 -16.8)
(1 1 -16.8)
(0 1 -16.9)
(0.25 1 -16.9)
(0.5 1 -16.9)
(0.75 1 -16.9)
(1 1 -16.9)
(0 1 -17)
(0.25 1 -17)
(0.5 1 -17)
(0.75 1 -17)
(1 1 -17)
(0 1 -17.1)
(0.25 1 -17.1)
(0.5 1 -17.1)
(0.75 1 -17.1)
(1 1 -17.1)
(0 1 -17.2)
(0.25 1 -17.2)
(0.5 1 -17.2)
(0.75 1 -17.2)
(1 1 -17.2)
(0 1 -17.3)
(0.25 1 -17.3)
(0.5 1 -17.3)
(0.75 1 -17.3)
(1 1 -17.3)
(0 1 -17.4)
(0.25 1 -17.4)
(0.5 1 -17.4)
(0.75 1 -17.4)
(1 1 -17.4)
(0 1 -17.5)
(0.25 1 -17.5)
(0.5 1 -17.5)
(0.75 1 -17.5)
(1 1 -17.5)
(0 1 -17.6)
(0.25 1 -17.6)
(0.5 1 -17.6)
(0.75 1 -17.6)
(1 1 -17.6)
(0 1 -17.7)
(0.25 1 -17.7)
(0.5 1 -17.7)
(0.75 1 -17.7)
(1 1 -17.7)
(0 1 -17.8)
(0.25 1 -17.8)
(0.5 1 -17.8)
(0.75 1 -17.8)
(1 1 -17.8)
(0 1 -17.9)
(0.25 1 -17.9)
(0.5 1 -17.9)
(0.75 1 -17.9)
(1 1 -17.9)
(0 1 -18)
(0.25 1 -18)
(0.5 1 -18)
(0.75 1 -18)
(1 1 -18)
(0 1 -18.1)
(0.25 1 -18.1)
(0.5 1 -18.1)
(0.75 1 -18.1)
(1 1 -18.1)
(0 1 -18.2)
(0.25 1 -18.2)
(0.5 1 -18.2)
(0.75 1 -18.2)
(1 1 -18.2)
(0 1 -18.3)
(0.25 1 -18.3)
(0.5 1 -18.3)
(0.75 1 -18.3)
(1 1 -18.3)
(0 1 -18.4)
(0.25 1 -18.4)
(0.5 1 -18.4)
(0.75 1 -18.4)
(1 1 -18.4)
(0 1 -18.5)
(0.25 1 -18.5)
(0.5 1 -18.5)
(0.75 1 -18.5)
(1 1 -18.5)
(0 1 -18.6)
(0.25 1 -18.6)
(0.5 1 -18.6)
(0.75 1 -18.6)
(1 1 -18.6)
(0 1 -18.7)
(0.25 1 -18.7)
(0.5 1 -18.7)
(0.75 1 -18.7)
(1 1 -18.7)
(0 1 -18.8)
(0.25 1 -18.8)
(0.5 1 -18.8)
(0.75 1 -18.8)
(1 1 -18.8)
(0 1 -18.9)
(0.25 1 -18.9)
(0.5 1 -18.9)
(0.75 1 -18.9)
(1 1 -18.9)
(0 1 -19)
(0.25 1 -19)
(0.5 1 -19)
(0.75 1 -19)
(1 1 -19)
(0 1 -19.1)
(0.25 1 -19.1)
(0.5 1 -19.1)
(0.75 1 -19.1)
(1 1 -19.1)
(0 1 -19.2)
(0.25 1 -19.2)
(0.5 1 -19.2)
(0.75 1 -19.2)
(1 1 -19.2)
(0 1 -19.3)
(0.25 1 -19.3)
(0.5 1 -19.3)
(0.75 1 -19.3)
(1 1 -19.3)
(0 1 -19.4)
(0.25 1 -19.4)
(0.5 1 -19.4)
(0.75 1 -19.4)
(1 1 -19.4)
(0 1 -19.5)
(0.25 1 -19.5)
(0.5 1 -19.5)
(0.75 1 -19.5)
(1 1 -19.5)
(0 1 -19.6)
(0.25 1 -19.6)
(0.5 1 -19.6)
(0.75 1 -19.6)
(1 1 -19.6)
(0 1 -19.7)
(0.25 1 -19.7)
(0.5 1 -19.7)
(0.75 1 -19.7)
(1 1 -19.7)
(0 1 -19.8)
(0.25 1 -19.8)
(0.5 1 -19.8)
(0.75 1 -19.8)
(1 1 -19.8)
(0 1 -19.9)
(0.25 1 -19.9)
(0.5 1 -19.9)
(0.75 1 -19.9)
(1 1 -19.9)
(0 1 -20)
(0.25 1 -20)
(0.5 1 -20)
(0.75 1 -20)
(1 1 -20)
)


// ************************************************************************* //
