FoamFile
{
    version     2.0;
    format      ascii;
    class       scalarAverageField;
    object      values;
}
// **********************************************************************//
0.0

1202
(
-98.825
-91.679
-98.825
-112.957
-126.753
-140.173
-153.166
-165.683
-177.68
-189.113
-199.939
-210.119
-219.617
-228.399
-236.431
-243.687
-250.137
-255.762
-260.541
-264.456
-267.495
-269.649
-270.901
-271.167
-270.435
-268.782
-266.221
-262.763
-258.424
-253.222
-247.177
-240.311
-232.652
-224.227
-215.068
-205.209
-194.688
-183.542
-171.814
-159.546
-146.785
-133.578
-119.974
-106.022
-91.7745
-77.2846
-62.6048
-47.7887
-32.8897
-17.9615
-3.05786
11.7672
26.4585
40.9605
55.2303
69.2502
82.7455
95.6989
108.355
120.731
132.787
144.421
155.56
166.147
176.133
185.478
194.146
202.103
209.321
215.773
221.435
226.287
230.313
233.496
235.825
237.288
237.879
237.639
236.574
234.645
231.851
228.2
223.702
218.371
212.224
205.276
197.552
189.072
179.865
169.959
159.387
148.179
136.373
124.005
111.113
97.7382
83.9231
69.7117
55.1369
40.2586
25.1398
9.81629
-5.66441
-21.2515
-36.8938
-52.5402
-68.139
-83.6388
-98.9882
-114.137
-129.034
-143.63
-157.875
-171.724
-185.13
-198.047
-210.433
-222.245
-233.445
-243.996
-253.862
-263.01
-271.411
-279.035
-285.859
-291.86
-297.019
-301.318
-304.747
-307.294
-308.948
-309.706
-309.571
-308.541
-306.623
-303.822
-300.151
-295.623
-290.255
-284.065
-277.077
-269.314
-260.805
-251.578
-241.664
-231.1
-219.919
-208.161
-195.866
-183.074
-169.827
-156.171
-142.151
-127.812
-113.202
-98.3693
-83.3607
-68.2257
-53.0133
-37.7721
-22.551
-7.39856
7.63704
22.5083
37.1683
51.5711
65.6717
79.426
92.7914
105.727
118.192
130.149
141.561
152.393
162.613
172.189
181.094
189.299
196.781
203.519
209.492
214.681
219.073
222.656
225.419
227.352
228.454
228.725
228.16
226.763
224.541
221.5
217.653
213.012
207.591
201.409
194.487
186.847
178.514
169.516
159.88
149.638
138.824
127.474
115.623
103.308
90.5722
77.4545
63.9959
50.2421
36.2418
22.0385
7.67727
-6.79493
-21.3309
-35.883
-50.4038
-64.8457
-79.1612
-93.3038
-107.227
-120.884
-134.231
-147.224
-159.82
-171.977
-183.657
-194.82
-205.429
-215.45
-224.85
-233.598
-241.665
-249.026
-255.657
-261.534
-266.64
-270.958
-274.475
-277.182
-279.067
-280.12
-280.343
-279.74
-278.307
-276.052
-272.981
-269.106
-264.44
-258.997
-252.796
-245.857
-238.203
-229.858
-220.851
-211.21
-200.966
-190.151
-178.8
-166.95
-154.638
-141.902
-128.784
-115.324
-101.565
-87.5484
-73.319
-58.9208
-44.3983
-29.7965
-15.1603
-0.534765
14.0353
28.5053
42.8307
56.9678
70.8738
84.5061
97.8234
110.785
123.352
135.485
147.149
158.306
168.923
178.969
188.411
197.221
205.373
212.839
219.599
225.628
230.91
235.426
239.163
242.106
244.245
245.573
246.087
245.781
244.651
242.702
239.937
236.362
231.986
226.82
220.875
214.168
206.718
198.544
189.667
180.112
169.906
159.077
147.654
135.669
123.157
110.153
96.6923
82.8171
68.5661
53.9797
39.0998
23.9697
8.63315
-6.86515
-22.48
-38.1655
-53.8758
-69.5647
-85.1861
-100.694
-116.043
-131.187
-146.082
-160.683
-174.947
-188.833
-202.3
-215.308
-227.819
-239.795
-251.203
-262.008
-272.18
-281.69
-290.509
-298.613
-305.98
-312.589
-318.426
-323.47
-327.706
-331.13
-333.734
-335.51
-336.457
-336.577
-335.87
-334.344
-332.006
-328.867
-324.941
-320.244
-314.793
-308.611
-301.72
-294.145
-285.914
-277.058
-267.607
-257.595
-247.057
-236.032
-224.557
-212.673
-200.421
-187.843
-174.984
-161.888
-148.601
-135.168
-121.637
-108.054
-94.4669
-80.9222
-67.4681
-54.1514
-41.0184
-28.1151
-15.4871
-3.17914
8.7651
20.303
31.3934
41.9962
52.0729
61.5867
70.5028
78.7879
86.411
93.3429
99.5573
105.03
109.738
113.662
116.786
119.096
120.578
121.226
121.036
120.001
118.123
115.405
111.851
107.472
102.279
96.2863
89.5111
81.974
73.6979
64.7085
55.0341
44.7057
33.7565
22.2224
10.1414
-2.44658
-15.4994
-28.9733
-42.8265
-57.0121
-71.4716
-86.155
-101.018
-116.006
-131.069
-146.151
-161.199
-176.16
-190.978
-205.6
-219.973
-234.043
-247.757
-261.065
-273.916
-286.26
-298.049
-309.237
-319.78
-329.634
-338.758
-347.115
-354.667
-361.38
-367.224
-372.168
-376.187
-379.258
-381.36
-382.475
-382.588
-381.689
-379.77
-376.825
-372.846
-367.84
-361.811
-354.764
-346.708
-337.657
-327.625
-316.633
-304.7
-291.85
-278.11
-263.508
-248.075
-231.845
-214.853
-197.136
-178.732
-159.683
-140.031
-119.819
-99.0919
-77.894
-56.2723
-34.2738
-11.9457
10.6642
33.5083
56.5387
79.708
102.969
126.275
149.58
172.84
196.009
219.047
241.91
264.558
286.95
309.037
330.741
351.718
372.147
392.374
412.208
431.551
450.351
468.575
486.194
503.187
519.49
535.078
549.966
564.139
577.585
590.298
602.271
613.505
624.003
633.771
642.82
651.159
658.805
665.772
672.074
677.714
682.724
687.149
690.999
694.283
697.012
699.201
700.864
702.02
702.684
702.875
702.608
701.905
700.779
699.242
697.31
695.006
692.349
689.359
686.053
682.452
678.573
674.438
670.065
665.471
660.676
655.697
650.553
645.261
639.838
634.301
628.665
622.948
617.165
611.329
605.457
599.561
593.655
587.752
581.866
576.007
570.188
564.418
558.711
553.076
547.523
542.06
536.7
531.449
526.317
521.313
516.445
511.721
507.149
502.737
498.494
494.426
490.543
486.851
483.361
480.079
477.014
474.177
471.577
469.225
467.13
465.308
463.772
462.538
461.628
461.064
-98.825
-98.825
-112.957
-126.753
-140.173
-153.166
-165.683
-177.68
-189.113
-199.939
-210.119
-219.617
-228.399
-236.431
-243.687
-250.137
-255.762
-260.541
-264.456
-267.495
-269.649
-270.901
-271.167
-270.435
-268.782
-266.221
-262.763
-258.424
-253.222
-247.177
-240.311
-232.652
-224.227
-215.068
-205.209
-194.688
-183.542
-171.814
-159.546
-146.785
-133.578
-119.974
-106.022
-91.7745
-77.2846
-62.6048
-47.7887
-32.8897
-17.9615
-3.05786
11.7672
26.4585
40.9605
55.2303
69.2502
82.7455
95.6989
108.355
120.731
132.787
144.421
155.56
166.147
176.133
185.478
194.146
202.103
209.321
215.773
221.435
226.287
230.313
233.496
235.825
237.288
237.879
237.639
236.574
234.645
231.851
228.2
223.702
218.371
212.224
205.276
197.552
189.072
179.865
169.959
159.387
148.179
136.373
124.005
111.113
97.7382
83.9231
69.7117
55.1369
40.2586
25.1398
9.81629
-5.66441
-21.2515
-36.8938
-52.5402
-68.139
-83.6388
-98.9882
-114.137
-129.034
-143.63
-157.875
-171.724
-185.13
-198.047
-210.433
-222.245
-233.445
-243.996
-253.862
-263.01
-271.411
-279.035
-285.859
-291.86
-297.019
-301.318
-304.747
-307.294
-308.948
-309.706
-309.571
-308.541
-306.623
-303.822
-300.151
-295.623
-290.255
-284.065
-277.077
-269.314
-260.805
-251.578
-241.664
-231.1
-219.919
-208.161
-195.866
-183.074
-169.827
-156.171
-142.151
-127.812
-113.202
-98.3693
-83.3607
-68.2257
-53.0133
-37.7721
-22.551
-7.39856
7.63704
22.5083
37.1683
51.5711
65.6717
79.426
92.7914
105.727
118.192
130.149
141.561
152.393
162.613
172.189
181.094
189.299
196.781
203.519
209.492
214.681
219.073
222.656
225.419
227.352
228.454
228.725
228.16
226.763
224.541
221.5
217.653
213.012
207.591
201.409
194.487
186.847
178.514
169.516
159.88
149.638
138.824
127.474
115.623
103.308
90.5722
77.4545
63.9959
50.2421
36.2418
22.0385
7.67727
-6.79493
-21.3309
-35.883
-50.4038
-64.8457
-79.1612
-93.3038
-107.227
-120.884
-134.231
-147.224
-159.82
-171.977
-183.657
-194.82
-205.429
-215.45
-224.85
-233.598
-241.665
-249.026
-255.657
-261.534
-266.64
-270.958
-274.475
-277.182
-279.067
-280.12
-280.343
-279.74
-278.307
-276.052
-272.981
-269.106
-264.44
-258.997
-252.796
-245.857
-238.203
-229.858
-220.851
-211.21
-200.966
-190.151
-178.8
-166.95
-154.638
-141.902
-128.784
-115.324
-101.565
-87.5484
-73.319
-58.9208
-44.3983
-29.7965
-15.1603
-0.534765
14.0353
28.5053
42.8307
56.9678
70.8738
84.5061
97.8234
110.785
123.352
135.485
147.149
158.306
168.923
178.969
188.411
197.221
205.373
212.839
219.599
225.628
230.91
235.426
239.163
242.106
244.245
245.573
246.087
245.781
244.651
242.702
239.937
236.362
231.986
226.82
220.875
214.168
206.718
198.544
189.667
180.112
169.906
159.077
147.654
135.669
123.157
110.153
96.6923
82.8171
68.5661
53.9797
39.0998
23.9697
8.63315
-6.86515
-22.48
-38.1655
-53.8758
-69.5647
-85.1861
-100.694
-116.043
-131.187
-146.082
-160.683
-174.947
-188.833
-202.3
-215.308
-227.819
-239.795
-251.203
-262.008
-272.18
-281.69
-290.509
-298.613
-305.98
-312.589
-318.426
-323.47
-327.706
-331.13
-333.734
-335.51
-336.457
-336.577
-335.87
-334.344
-332.006
-328.867
-324.941
-320.244
-314.793
-308.611
-301.72
-294.145
-285.914
-277.058
-267.607
-257.595
-247.057
-236.032
-224.557
-212.673
-200.421
-187.843
-174.984
-161.888
-148.601
-135.168
-121.637
-108.054
-94.4669
-80.9222
-67.4681
-54.1514
-41.0184
-28.1151
-15.4871
-3.17914
8.7651
20.303
31.3934
41.9962
52.0729
61.5867
70.5028
78.7879
86.411
93.3429
99.5573
105.03
109.738
113.662
116.786
119.096
120.578
121.226
121.036
120.001
118.123
115.405
111.851
107.472
102.279
96.2863
89.5111
81.974
73.6979
64.7085
55.0341
44.7057
33.7565
22.2224
10.1414
-2.44658
-15.4994
-28.9733
-42.8265
-57.0121
-71.4716
-86.155
-101.018
-116.006
-131.069
-146.151
-161.199
-176.16
-190.978
-205.6
-219.973
-234.043
-247.757
-261.065
-273.916
-286.26
-298.049
-309.237
-319.78
-329.634
-338.758
-347.115
-354.667
-361.38
-367.224
-372.168
-376.187
-379.258
-381.36
-382.475
-382.588
-381.689
-379.77
-376.825
-372.846
-367.84
-361.811
-354.764
-346.708
-337.657
-327.625
-316.633
-304.7
-291.85
-278.11
-263.508
-248.075
-231.845
-214.853
-197.136
-178.732
-159.683
-140.031
-119.819
-99.0919
-77.894
-56.2723
-34.2738
-11.9457
10.6642
33.5083
56.5387
79.708
102.969
126.275
149.58
172.84
196.009
219.047
241.91
264.558
286.95
309.037
330.741
351.718
372.147
392.374
412.208
431.551
450.351
468.575
486.194
503.187
519.49
535.078
549.966
564.139
577.585
590.298
602.271
613.505
624.003
633.771
642.82
651.159
658.805
665.772
672.074
677.714
682.724
687.149
690.999
694.283
697.012
699.201
700.864
702.02
702.684
702.875
702.608
701.905
700.779
699.242
697.31
695.006
692.349
689.359
686.053
682.452
678.573
674.438
670.065
665.471
660.676
655.697
650.553
645.261
639.838
634.301
628.665
622.948
617.165
611.329
605.457
599.561
593.655
587.752
581.866
576.007
570.188
564.418
558.711
553.076
547.523
542.06
536.7
531.449
526.317
521.313
516.445
511.721
507.149
502.737
498.494
494.426
490.543
486.851
483.361
480.079
477.014
474.177
471.577
469.225
467.13
465.308
463.772
462.538
461.628
461.064
460.872
)
