FoamFile
{
    version     2.0;
    format      ascii;
    class       scalarAverageField;
    object      values;
}
// **********************************************************************//
0.0

1202
(
271.4
276.185
271.4
261.486
250.905
239.678
227.792
215.197
201.765
187.18
169.416
147.919
127.11
108.642
90.7635
73.1606
55.711
38.3713
21.1368
4.02503
-12.9342
-29.7037
-46.242
-62.5055
-78.449
-94.027
-109.195
-123.907
-138.119
-151.791
-164.88
-177.346
-189.152
-200.264
-210.646
-220.269
-229.103
-237.123
-244.307
-250.632
-256.082
-260.636
-264.293
-267.064
-268.938
-269.867
-269.849
-268.918
-267.089
-264.378
-260.801
-256.378
-251.129
-245.078
-238.253
-230.68
-222.391
-213.416
-203.791
-193.549
-182.729
-171.369
-159.508
-147.189
-134.452
-121.343
-107.907
-94.19
-80.239
-66.1021
-51.8275
-37.4653
-23.0658
-8.67962
5.64318
19.8589
33.9111
47.4164
60.3626
73.0319
85.4152
97.504
109.203
120.439
131.153
141.292
150.81
159.67
167.831
175.263
181.936
187.824
192.904
197.157
200.565
203.118
204.803
205.614
205.546
204.6
202.773
200.073
196.509
192.087
186.821
180.726
173.822
166.129
157.67
148.471
138.56
127.969
116.729
104.875
92.444
79.4754
66.0098
52.0895
37.7582
23.0612
8.04502
-7.24343
-22.7586
-38.4457
-54.2481
-70.1184
-86.007
-101.862
-117.633
-133.268
-148.718
-163.93
-178.855
-193.444
-207.649
-221.424
-234.725
-247.507
-259.727
-271.346
-282.327
-292.632
-302.228
-311.084
-319.171
-326.464
-332.938
-338.572
-343.349
-347.254
-350.274
-352.402
-353.632
-353.957
-353.378
-351.904
-349.536
-346.284
-342.159
-337.178
-331.359
-324.721
-317.288
-309.086
-300.143
-290.491
-280.161
-269.191
-257.616
-245.477
-232.814
-219.671
-206.09
-192.119
-177.802
-163.189
-148.328
-133.268
-118.059
-102.75
-87.3929
-72.0375
-56.7341
-41.5328
-26.4831
-11.6341
2.96624
17.2704
31.232
44.8059
57.9484
70.6171
82.7711
94.3712
105.38
115.763
125.485
134.516
142.827
150.389
157.18
163.178
168.361
172.713
176.221
178.87
180.653
181.564
181.596
180.75
179.031
176.437
172.978
168.663
163.505
157.518
150.721
143.132
134.776
125.675
115.859
105.356
94.1977
82.4185
70.054
57.142
43.7218
29.8345
15.5226
0.82998
-14.1998
-29.5187
-45.0764
-60.8259
-76.7193
-92.7075
-108.741
-124.768
-140.741
-156.609
-172.323
-187.833
-203.091
-218.049
-232.661
-246.88
-260.661
-273.964
-286.745
-298.965
-310.586
-321.571
-331.887
-341.501
-350.385
-358.51
-365.853
-372.391
-378.103
-382.974
-386.988
-390.136
-392.409
-393.802
-394.305
-393.923
-392.663
-390.526
-387.521
-383.659
-378.956
-373.426
-367.089
-359.968
-352.087
-343.473
-334.155
-324.163
-313.533
-302.299
-290.499
-278.171
-265.357
-252.099
-238.442
-224.428
-210.105
-195.519
-180.719
-165.752
-150.667
-135.514
-120.342
-105.2
-90.1374
-75.2024
-60.4438
-45.9092
-31.6456
-17.6992
-4.11498
9.06337
21.7935
34.0345
45.747
56.8934
67.4381
77.3473
86.5894
95.135
102.957
110.03
116.333
121.844
126.547
130.428
133.474
135.676
137.027
137.525
137.165
135.954
133.901
131.004
127.276
122.729
117.382
111.25
104.356
96.7241
88.3782
79.3471
69.6617
59.3543
48.4599
37.0149
25.0579
12.6292
-0.22917
-13.4743
-27.0617
-40.9457
-55.0801
-69.417
-83.9063
-98.4984
-113.144
-127.796
-142.403
-156.916
-171.286
-185.463
-199.4
-213.049
-226.363
-239.297
-251.806
-263.846
-275.377
-286.358
-296.752
-306.521
-315.632
-324.052
-331.751
-338.702
-344.879
-350.26
-354.826
-358.557
-361.44
-363.463
-364.616
-364.894
-364.292
-362.81
-360.454
-357.225
-353.127
-348.176
-342.389
-335.776
-328.359
-320.158
-311.198
-301.505
-291.109
-280.039
-268.329
-256.014
-243.131
-229.72
-215.82
-201.473
-186.722
-171.613
-156.19
-140.5
-124.588
-108.505
-92.2968
-76.0122
-59.6993
-43.4066
-27.182
-11.0733
4.87267
20.6094
36.0912
51.2737
66.1132
80.5678
94.5963
108.16
121.22
133.741
145.689
157.031
167.737
177.779
187.13
195.766
203.667
210.812
217.184
222.769
227.553
231.527
234.683
237.017
238.524
239.204
239.059
238.093
236.316
233.733
230.353
226.191
221.264
215.586
209.177
202.059
194.255
185.788
176.685
166.974
156.684
145.846
134.492
122.655
110.366
97.6576
84.5347
71.0708
57.3413
43.3567
29.1497
14.7577
0.219285
-14.4259
-29.1382
-43.8782
-58.6067
-73.2848
-87.8742
-102.337
-116.637
-130.738
-144.605
-158.204
-171.503
-184.47
-197.076
-209.293
-221.096
-232.46
-243.361
-253.78
-263.698
-273.098
-281.967
-290.295
-298.07
-305.285
-311.937
-318.024
-323.543
-328.504
-332.908
-336.758
-340.066
-342.85
-345.122
-346.897
-348.197
-349.041
-349.453
-349.458
-349.084
-348.358
-347.311
-345.977
-344.387
-342.575
-340.575
-338.42
-336.141
-333.761
-331.295
-328.749
-326.12
-323.402
-320.58
-317.646
-314.582
-311.374
-308.002
-304.447
-300.688
-296.704
-292.474
-287.979
-283.205
-278.137
-272.768
-267.093
-261.114
-254.837
-248.274
-241.442
-234.361
-227.058
-219.56
-211.898
-204.103
-196.209
-188.248
-180.253
-172.254
-164.282
-156.366
-148.532
-140.804
-133.204
-125.753
-118.468
-111.366
-104.459
-97.7577
-91.2732
-85.0122
-78.9802
-73.1815
-67.6184
-62.2918
-57.2015
-52.346
-47.7225
-43.3278
-39.1576
-35.2067
-31.4697
-27.9404
-24.6121
-21.4782
-18.5315
-15.7647
-13.1704
-10.7412
-8.46954
-6.34803
-4.36934
-2.52623
-0.811612
0.781418
2.25958
3.6294
4.89714
6.06888
7.1504
8.14725
9.06475
9.90791
10.6815
11.3901
12.0378
12.6288
13.1665
13.6547
14.0963
14.4943
14.8513
15.1696
15.4514
15.6982
15.9116
16.0926
16.2416
16.3591
16.4446
16.4969
271.4
271.4
261.486
250.905
239.678
227.792
215.197
201.765
187.18
169.416
147.919
127.11
108.642
90.7635
73.1606
55.711
38.3713
21.1368
4.02503
-12.9342
-29.7037
-46.242
-62.5055
-78.449
-94.027
-109.195
-123.907
-138.119
-151.791
-164.88
-177.346
-189.152
-200.264
-210.646
-220.269
-229.103
-237.123
-244.307
-250.632
-256.082
-260.636
-264.293
-267.064
-268.938
-269.867
-269.849
-268.918
-267.089
-264.378
-260.801
-256.378
-251.129
-245.078
-238.253
-230.68
-222.391
-213.416
-203.791
-193.549
-182.729
-171.369
-159.508
-147.189
-134.452
-121.343
-107.907
-94.19
-80.239
-66.1021
-51.8275
-37.4653
-23.0658
-8.67962
5.64318
19.8589
33.9111
47.4164
60.3626
73.0319
85.4152
97.504
109.203
120.439
131.153
141.292
150.81
159.67
167.831
175.263
181.936
187.824
192.904
197.157
200.565
203.118
204.803
205.614
205.546
204.6
202.773
200.073
196.509
192.087
186.821
180.726
173.822
166.129
157.67
148.471
138.56
127.969
116.729
104.875
92.444
79.4754
66.0098
52.0895
37.7582
23.0612
8.04502
-7.24343
-22.7586
-38.4457
-54.2481
-70.1184
-86.007
-101.862
-117.633
-133.268
-148.718
-163.93
-178.855
-193.444
-207.649
-221.424
-234.725
-247.507
-259.727
-271.346
-282.327
-292.632
-302.228
-311.084
-319.171
-326.464
-332.938
-338.572
-343.349
-347.254
-350.274
-352.402
-353.632
-353.957
-353.378
-351.904
-349.536
-346.284
-342.159
-337.178
-331.359
-324.721
-317.288
-309.086
-300.143
-290.491
-280.161
-269.191
-257.616
-245.477
-232.814
-219.671
-206.09
-192.119
-177.802
-163.189
-148.328
-133.268
-118.059
-102.75
-87.3929
-72.0375
-56.7341
-41.5328
-26.4831
-11.6341
2.96624
17.2704
31.232
44.8059
57.9484
70.6171
82.7711
94.3712
105.38
115.763
125.485
134.516
142.827
150.389
157.18
163.178
168.361
172.713
176.221
178.87
180.653
181.564
181.596
180.75
179.031
176.437
172.978
168.663
163.505
157.518
150.721
143.132
134.776
125.675
115.859
105.356
94.1977
82.4185
70.054
57.142
43.7218
29.8345
15.5226
0.82998
-14.1998
-29.5187
-45.0764
-60.8259
-76.7193
-92.7075
-108.741
-124.768
-140.741
-156.609
-172.323
-187.833
-203.091
-218.049
-232.661
-246.88
-260.661
-273.964
-286.745
-298.965
-310.586
-321.571
-331.887
-341.501
-350.385
-358.51
-365.853
-372.391
-378.103
-382.974
-386.988
-390.136
-392.409
-393.802
-394.305
-393.923
-392.663
-390.526
-387.521
-383.659
-378.956
-373.426
-367.089
-359.968
-352.087
-343.473
-334.155
-324.163
-313.533
-302.299
-290.499
-278.171
-265.357
-252.099
-238.442
-224.428
-210.105
-195.519
-180.719
-165.752
-150.667
-135.514
-120.342
-105.2
-90.1374
-75.2024
-60.4438
-45.9092
-31.6456
-17.6992
-4.11498
9.06337
21.7935
34.0345
45.747
56.8934
67.4381
77.3473
86.5894
95.135
102.957
110.03
116.333
121.844
126.547
130.428
133.474
135.676
137.027
137.525
137.165
135.954
133.901
131.004
127.276
122.729
117.382
111.25
104.356
96.7241
88.3782
79.3471
69.6617
59.3543
48.4599
37.0149
25.0579
12.6292
-0.22917
-13.4743
-27.0617
-40.9457
-55.0801
-69.417
-83.9063
-98.4984
-113.144
-127.796
-142.403
-156.916
-171.286
-185.463
-199.4
-213.049
-226.363
-239.297
-251.806
-263.846
-275.377
-286.358
-296.752
-306.521
-315.632
-324.052
-331.751
-338.702
-344.879
-350.26
-354.826
-358.557
-361.44
-363.463
-364.616
-364.894
-364.292
-362.81
-360.454
-357.225
-353.127
-348.176
-342.389
-335.776
-328.359
-320.158
-311.198
-301.505
-291.109
-280.039
-268.329
-256.014
-243.131
-229.72
-215.82
-201.473
-186.722
-171.613
-156.19
-140.5
-124.588
-108.505
-92.2968
-76.0122
-59.6993
-43.4066
-27.182
-11.0733
4.87267
20.6094
36.0912
51.2737
66.1132
80.5678
94.5963
108.16
121.22
133.741
145.689
157.031
167.737
177.779
187.13
195.766
203.667
210.812
217.184
222.769
227.553
231.527
234.683
237.017
238.524
239.204
239.059
238.093
236.316
233.733
230.353
226.191
221.264
215.586
209.177
202.059
194.255
185.788
176.685
166.974
156.684
145.846
134.492
122.655
110.366
97.6576
84.5347
71.0708
57.3413
43.3567
29.1497
14.7577
0.219285
-14.4259
-29.1382
-43.8782
-58.6067
-73.2848
-87.8742
-102.337
-116.637
-130.738
-144.605
-158.204
-171.503
-184.47
-197.076
-209.293
-221.096
-232.46
-243.361
-253.78
-263.698
-273.098
-281.967
-290.295
-298.07
-305.285
-311.937
-318.024
-323.543
-328.504
-332.908
-336.758
-340.066
-342.85
-345.122
-346.897
-348.197
-349.041
-349.453
-349.458
-349.084
-348.358
-347.311
-345.977
-344.387
-342.575
-340.575
-338.42
-336.141
-333.761
-331.295
-328.749
-326.12
-323.402
-320.58
-317.646
-314.582
-311.374
-308.002
-304.447
-300.688
-296.704
-292.474
-287.979
-283.205
-278.137
-272.768
-267.093
-261.114
-254.837
-248.274
-241.442
-234.361
-227.058
-219.56
-211.898
-204.103
-196.209
-188.248
-180.253
-172.254
-164.282
-156.366
-148.532
-140.804
-133.204
-125.753
-118.468
-111.366
-104.459
-97.7577
-91.2732
-85.0122
-78.9802
-73.1815
-67.6184
-62.2918
-57.2015
-52.346
-47.7225
-43.3278
-39.1576
-35.2067
-31.4697
-27.9404
-24.6121
-21.4782
-18.5315
-15.7647
-13.1704
-10.7412
-8.46954
-6.34803
-4.36934
-2.52623
-0.811612
0.781418
2.25958
3.6294
4.89714
6.06888
7.1504
8.14725
9.06475
9.90791
10.6815
11.3901
12.0378
12.6288
13.1665
13.6547
14.0963
14.4943
14.8513
15.1696
15.4514
15.6982
15.9116
16.0926
16.2416
16.3591
16.4446
16.4969
16.5146
)
