FoamFile
{
    version 2.0;
    format  ascii;
    class   faceList;
    object  faces;
}
// ******************************************************************************************//


728
(
4(770 224 12 176)
4(771 225 224 770)
4(772 226 225 771)
4(773 227 226 772)
4(774 228 227 773)
4(775 229 228 774)
4(776 230 229 775)
4(777 231 230 776)
4(778 232 231 777)
4(779 233 232 778)
4(780 234 233 779)
4(781 235 234 780)
4(782 236 235 781)
4(178 14 236 782)
4(783 770 176 177)
4(784 771 770 783)
4(785 772 771 784)
4(786 773 772 785)
4(787 774 773 786)
4(788 775 774 787)
4(789 776 775 788)
4(790 777 776 789)
4(791 778 777 790)
4(792 779 778 791)
4(793 780 779 792)
4(794 781 780 793)
4(795 782 781 794)
4(179 178 782 795)
4(237 783 177 13)
4(238 784 783 237)
4(239 785 784 238)
4(240 786 785 239)
4(241 787 786 240)
4(242 788 787 241)
4(243 789 788 242)
4(244 790 789 243)
4(245 791 790 244)
4(246 792 791 245)
4(247 793 792 246)
4(248 794 793 247)
4(249 795 794 248)
4(15 179 795 249)
4(175 237 13 8)
4(174 238 237 175)
4(173 239 238 174)
4(172 240 239 173)
4(171 241 240 172)
4(170 242 241 171)
4(169 243 242 170)
4(168 244 243 169)
4(167 245 244 168)
4(166 246 245 167)
4(165 247 246 166)
4(164 248 247 165)
4(163 249 248 164)
4(11 15 249 163)
4(679 111 7 223)
4(680 112 111 679)
4(681 113 112 680)
4(682 114 113 681)
4(683 115 114 682)
4(684 116 115 683)
4(685 117 116 684)
4(686 118 117 685)
4(687 119 118 686)
4(688 120 119 687)
4(689 121 120 688)
4(690 122 121 689)
4(691 123 122 690)
4(220 4 123 691)
4(163 679 223 11)
4(164 680 679 163)
4(165 681 680 164)
4(166 682 681 165)
4(167 683 682 166)
4(168 684 683 167)
4(169 685 684 168)
4(170 686 685 169)
4(171 687 686 170)
4(172 688 687 171)
4(173 689 688 172)
4(174 690 689 173)
4(175 691 690 174)
4(8 220 691 175)
4(640 72 4 220)
4(641 73 72 640)
4(642 74 73 641)
4(643 75 74 642)
4(644 76 75 643)
4(645 77 76 644)
4(646 78 77 645)
4(647 79 78 646)
4(648 80 79 647)
4(649 81 80 648)
4(650 82 81 649)
4(651 83 82 650)
4(652 84 83 651)
4(221 5 84 652)
4(124 640 220 8)
4(125 641 640 124)
4(126 642 641 125)
4(127 643 642 126)
4(128 644 643 127)
4(129 645 644 128)
4(130 646 645 129)
4(131 647 646 130)
4(132 648 647 131)
4(133 649 648 132)
4(134 650 649 133)
4(135 651 650 134)
4(136 652 651 135)
4(9 221 652 136)
4(653 85 5 221)
4(654 86 85 653)
4(655 87 86 654)
4(656 88 87 655)
4(657 89 88 656)
4(658 90 89 657)
4(659 91 90 658)
4(660 92 91 659)
4(661 93 92 660)
4(662 94 93 661)
4(663 95 94 662)
4(664 96 95 663)
4(665 97 96 664)
4(222 6 97 665)
4(137 653 221 9)
4(138 654 653 137)
4(139 655 654 138)
4(140 656 655 139)
4(141 657 656 140)
4(142 658 657 141)
4(143 659 658 142)
4(144 660 659 143)
4(145 661 660 144)
4(146 662 661 145)
4(147 663 662 146)
4(148 664 663 147)
4(149 665 664 148)
4(10 222 665 149)
4(666 98 6 222)
4(667 99 98 666)
4(668 100 99 667)
4(669 101 100 668)
4(670 102 101 669)
4(671 103 102 670)
4(672 104 103 671)
4(673 105 104 672)
4(674 106 105 673)
4(675 107 106 674)
4(676 108 107 675)
4(677 109 108 676)
4(678 110 109 677)
4(223 7 110 678)
4(150 666 222 10)
4(151 667 666 150)
4(152 668 667 151)
4(153 669 668 152)
4(154 670 669 153)
4(155 671 670 154)
4(156 672 671 155)
4(157 673 672 156)
4(158 674 673 157)
4(159 675 674 158)
4(160 676 675 159)
4(161 677 676 160)
4(162 678 677 161)
4(11 223 678 162)
4(0 71 549 213)
4(71 70 550 549)
4(70 69 551 550)
4(69 68 552 551)
4(68 67 553 552)
4(67 66 554 553)
4(66 65 555 554)
4(65 64 556 555)
4(64 63 557 556)
4(63 62 558 557)
4(62 61 559 558)
4(61 60 560 559)
4(60 59 561 560)
4(59 3 206 561)
4(213 549 562 214)
4(549 550 563 562)
4(550 551 564 563)
4(551 552 565 564)
4(552 553 566 565)
4(553 554 567 566)
4(554 555 568 567)
4(555 556 569 568)
4(556 557 570 569)
4(557 558 571 570)
4(558 559 572 571)
4(559 560 573 572)
4(560 561 574 573)
4(561 206 207 574)
4(214 562 575 215)
4(562 563 576 575)
4(563 564 577 576)
4(564 565 578 577)
4(565 566 579 578)
4(566 567 580 579)
4(567 568 581 580)
4(568 569 582 581)
4(569 570 583 582)
4(570 571 584 583)
4(571 572 585 584)
4(572 573 586 585)
4(573 574 587 586)
4(574 207 208 587)
4(215 575 588 216)
4(575 576 589 588)
4(576 577 590 589)
4(577 578 591 590)
4(578 579 592 591)
4(579 580 593 592)
4(580 581 594 593)
4(581 582 595 594)
4(582 583 596 595)
4(583 584 597 596)
4(584 585 598 597)
4(585 586 599 598)
4(586 587 600 599)
4(587 208 209 600)
4(216 588 601 217)
4(588 589 602 601)
4(589 590 603 602)
4(590 591 604 603)
4(591 592 605 604)
4(592 593 606 605)
4(593 594 607 606)
4(594 595 608 607)
4(595 596 609 608)
4(596 597 610 609)
4(597 598 611 610)
4(598 599 612 611)
4(599 600 613 612)
4(600 209 210 613)
4(217 601 614 218)
4(601 602 615 614)
4(602 603 616 615)
4(603 604 617 616)
4(604 605 618 617)
4(605 606 619 618)
4(606 607 620 619)
4(607 608 621 620)
4(608 609 622 621)
4(609 610 623 622)
4(610 611 624 623)
4(611 612 625 624)
4(612 613 626 625)
4(613 210 211 626)
4(218 614 627 219)
4(614 615 628 627)
4(615 616 629 628)
4(616 617 630 629)
4(617 618 631 630)
4(618 619 632 631)
4(619 620 633 632)
4(620 621 634 633)
4(621 622 635 634)
4(622 623 636 635)
4(623 624 637 636)
4(624 625 638 637)
4(625 626 639 638)
4(626 211 212 639)
4(219 627 123 4)
4(627 628 122 123)
4(628 629 121 122)
4(629 630 120 121)
4(630 631 119 120)
4(631 632 118 119)
4(632 633 117 118)
4(633 634 116 117)
4(634 635 115 116)
4(635 636 114 115)
4(636 637 113 114)
4(637 638 112 113)
4(638 639 111 112)
4(639 212 7 111)
4(276 219 4 72)
4(277 218 219 276)
4(278 217 218 277)
4(279 216 217 278)
4(280 215 216 279)
4(281 214 215 280)
4(282 213 214 281)
4(20 0 213 282)
4(283 276 72 73)
4(284 277 276 283)
4(285 278 277 284)
4(286 279 278 285)
4(287 280 279 286)
4(288 281 280 287)
4(289 282 281 288)
4(21 20 282 289)
4(290 283 73 74)
4(291 284 283 290)
4(292 285 284 291)
4(293 286 285 292)
4(294 287 286 293)
4(295 288 287 294)
4(296 289 288 295)
4(22 21 289 296)
4(297 290 74 75)
4(298 291 290 297)
4(299 292 291 298)
4(300 293 292 299)
4(301 294 293 300)
4(302 295 294 301)
4(303 296 295 302)
4(23 22 296 303)
4(304 297 75 76)
4(305 298 297 304)
4(306 299 298 305)
4(307 300 299 306)
4(308 301 300 307)
4(309 302 301 308)
4(310 303 302 309)
4(24 23 303 310)
4(311 304 76 77)
4(312 305 304 311)
4(313 306 305 312)
4(314 307 306 313)
4(315 308 307 314)
4(316 309 308 315)
4(317 310 309 316)
4(25 24 310 317)
4(318 311 77 78)
4(319 312 311 318)
4(320 313 312 319)
4(321 314 313 320)
4(322 315 314 321)
4(323 316 315 322)
4(324 317 316 323)
4(26 25 317 324)
4(325 318 78 79)
4(326 319 318 325)
4(327 320 319 326)
4(328 321 320 327)
4(329 322 321 328)
4(330 323 322 329)
4(331 324 323 330)
4(27 26 324 331)
4(332 325 79 80)
4(333 326 325 332)
4(334 327 326 333)
4(335 328 327 334)
4(336 329 328 335)
4(337 330 329 336)
4(338 331 330 337)
4(28 27 331 338)
4(339 332 80 81)
4(340 333 332 339)
4(341 334 333 340)
4(342 335 334 341)
4(343 336 335 342)
4(344 337 336 343)
4(345 338 337 344)
4(29 28 338 345)
4(346 339 81 82)
4(347 340 339 346)
4(348 341 340 347)
4(349 342 341 348)
4(350 343 342 349)
4(351 344 343 350)
4(352 345 344 351)
4(30 29 345 352)
4(353 346 82 83)
4(354 347 346 353)
4(355 348 347 354)
4(356 349 348 355)
4(357 350 349 356)
4(358 351 350 357)
4(359 352 351 358)
4(31 30 352 359)
4(360 353 83 84)
4(361 354 353 360)
4(362 355 354 361)
4(363 356 355 362)
4(364 357 356 363)
4(365 358 357 364)
4(366 359 358 365)
4(32 31 359 366)
4(198 360 84 5)
4(197 361 360 198)
4(196 362 361 197)
4(195 363 362 196)
4(194 364 363 195)
4(193 365 364 194)
4(192 366 365 193)
4(1 32 366 192)
4(367 33 1 192)
4(368 34 33 367)
4(369 35 34 368)
4(370 36 35 369)
4(371 37 36 370)
4(372 38 37 371)
4(373 39 38 372)
4(374 40 39 373)
4(375 41 40 374)
4(376 42 41 375)
4(377 43 42 376)
4(378 44 43 377)
4(379 45 44 378)
4(199 2 45 379)
4(380 367 192 193)
4(381 368 367 380)
4(382 369 368 381)
4(383 370 369 382)
4(384 371 370 383)
4(385 372 371 384)
4(386 373 372 385)
4(387 374 373 386)
4(388 375 374 387)
4(389 376 375 388)
4(390 377 376 389)
4(391 378 377 390)
4(392 379 378 391)
4(200 199 379 392)
4(393 380 193 194)
4(394 381 380 393)
4(395 382 381 394)
4(396 383 382 395)
4(397 384 383 396)
4(398 385 384 397)
4(399 386 385 398)
4(400 387 386 399)
4(401 388 387 400)
4(402 389 388 401)
4(403 390 389 402)
4(404 391 390 403)
4(405 392 391 404)
4(201 200 392 405)
4(406 393 194 195)
4(407 394 393 406)
4(408 395 394 407)
4(409 396 395 408)
4(410 397 396 409)
4(411 398 397 410)
4(412 399 398 411)
4(413 400 399 412)
4(414 401 400 413)
4(415 402 401 414)
4(416 403 402 415)
4(417 404 403 416)
4(418 405 404 417)
4(202 201 405 418)
4(419 406 195 196)
4(420 407 406 419)
4(421 408 407 420)
4(422 409 408 421)
4(423 410 409 422)
4(424 411 410 423)
4(425 412 411 424)
4(426 413 412 425)
4(427 414 413 426)
4(428 415 414 427)
4(429 416 415 428)
4(430 417 416 429)
4(431 418 417 430)
4(203 202 418 431)
4(432 419 196 197)
4(433 420 419 432)
4(434 421 420 433)
4(435 422 421 434)
4(436 423 422 435)
4(437 424 423 436)
4(438 425 424 437)
4(439 426 425 438)
4(440 427 426 439)
4(441 428 427 440)
4(442 429 428 441)
4(443 430 429 442)
4(444 431 430 443)
4(204 203 431 444)
4(445 432 197 198)
4(446 433 432 445)
4(447 434 433 446)
4(448 435 434 447)
4(449 436 435 448)
4(450 437 436 449)
4(451 438 437 450)
4(452 439 438 451)
4(453 440 439 452)
4(454 441 440 453)
4(455 442 441 454)
4(456 443 442 455)
4(457 444 443 456)
4(205 204 444 457)
4(85 445 198 5)
4(86 446 445 85)
4(87 447 446 86)
4(88 448 447 87)
4(89 449 448 88)
4(90 450 449 89)
4(91 451 450 90)
4(92 452 451 91)
4(93 453 452 92)
4(94 454 453 93)
4(95 455 454 94)
4(96 456 455 95)
4(97 457 456 96)
4(6 205 457 97)
4(2 199 458 46)
4(199 200 459 458)
4(200 201 460 459)
4(201 202 461 460)
4(202 203 462 461)
4(203 204 463 462)
4(204 205 464 463)
4(205 6 98 464)
4(46 458 465 47)
4(458 459 466 465)
4(459 460 467 466)
4(460 461 468 467)
4(461 462 469 468)
4(462 463 470 469)
4(463 464 471 470)
4(464 98 99 471)
4(47 465 472 48)
4(465 466 473 472)
4(466 467 474 473)
4(467 468 475 474)
4(468 469 476 475)
4(469 470 477 476)
4(470 471 478 477)
4(471 99 100 478)
4(48 472 479 49)
4(472 473 480 479)
4(473 474 481 480)
4(474 475 482 481)
4(475 476 483 482)
4(476 477 484 483)
4(477 478 485 484)
4(478 100 101 485)
4(49 479 486 50)
4(479 480 487 486)
4(480 481 488 487)
4(481 482 489 488)
4(482 483 490 489)
4(483 484 491 490)
4(484 485 492 491)
4(485 101 102 492)
4(50 486 493 51)
4(486 487 494 493)
4(487 488 495 494)
4(488 489 496 495)
4(489 490 497 496)
4(490 491 498 497)
4(491 492 499 498)
4(492 102 103 499)
4(51 493 500 52)
4(493 494 501 500)
4(494 495 502 501)
4(495 496 503 502)
4(496 497 504 503)
4(497 498 505 504)
4(498 499 506 505)
4(499 103 104 506)
4(52 500 507 53)
4(500 501 508 507)
4(501 502 509 508)
4(502 503 510 509)
4(503 504 511 510)
4(504 505 512 511)
4(505 506 513 512)
4(506 104 105 513)
4(53 507 514 54)
4(507 508 515 514)
4(508 509 516 515)
4(509 510 517 516)
4(510 511 518 517)
4(511 512 519 518)
4(512 513 520 519)
4(513 105 106 520)
4(54 514 521 55)
4(514 515 522 521)
4(515 516 523 522)
4(516 517 524 523)
4(517 518 525 524)
4(518 519 526 525)
4(519 520 527 526)
4(520 106 107 527)
4(55 521 528 56)
4(521 522 529 528)
4(522 523 530 529)
4(523 524 531 530)
4(524 525 532 531)
4(525 526 533 532)
4(526 527 534 533)
4(527 107 108 534)
4(56 528 535 57)
4(528 529 536 535)
4(529 530 537 536)
4(530 531 538 537)
4(531 532 539 538)
4(532 533 540 539)
4(533 534 541 540)
4(534 108 109 541)
4(57 535 542 58)
4(535 536 543 542)
4(536 537 544 543)
4(537 538 545 544)
4(538 539 546 545)
4(539 540 547 546)
4(540 541 548 547)
4(541 109 110 548)
4(58 542 206 3)
4(542 543 207 206)
4(543 544 208 207)
4(544 545 209 208)
4(545 546 210 209)
4(546 547 211 210)
4(547 548 212 211)
4(548 110 7 212)
4(9 17 250 137)
4(137 250 251 138)
4(138 251 252 139)
4(139 252 253 140)
4(140 253 254 141)
4(141 254 255 142)
4(142 255 256 143)
4(143 256 257 144)
4(144 257 258 145)
4(145 258 259 146)
4(146 259 260 147)
4(147 260 261 148)
4(148 261 262 149)
4(149 262 19 10)
4(17 180 692 250)
4(180 181 693 692)
4(181 182 694 693)
4(182 183 695 694)
4(183 184 696 695)
4(184 185 697 696)
4(185 16 263 697)
4(250 692 698 251)
4(692 693 699 698)
4(693 694 700 699)
4(694 695 701 700)
4(695 696 702 701)
4(696 697 703 702)
4(697 263 264 703)
4(251 698 704 252)
4(698 699 705 704)
4(699 700 706 705)
4(700 701 707 706)
4(701 702 708 707)
4(702 703 709 708)
4(703 264 265 709)
4(252 704 710 253)
4(704 705 711 710)
4(705 706 712 711)
4(706 707 713 712)
4(707 708 714 713)
4(708 709 715 714)
4(709 265 266 715)
4(253 710 716 254)
4(710 711 717 716)
4(711 712 718 717)
4(712 713 719 718)
4(713 714 720 719)
4(714 715 721 720)
4(715 266 267 721)
4(254 716 722 255)
4(716 717 723 722)
4(717 718 724 723)
4(718 719 725 724)
4(719 720 726 725)
4(720 721 727 726)
4(721 267 268 727)
4(255 722 728 256)
4(722 723 729 728)
4(723 724 730 729)
4(724 725 731 730)
4(725 726 732 731)
4(726 727 733 732)
4(727 268 269 733)
4(256 728 734 257)
4(728 729 735 734)
4(729 730 736 735)
4(730 731 737 736)
4(731 732 738 737)
4(732 733 739 738)
4(733 269 270 739)
4(257 734 740 258)
4(734 735 741 740)
4(735 736 742 741)
4(736 737 743 742)
4(737 738 744 743)
4(738 739 745 744)
4(739 270 271 745)
4(258 740 746 259)
4(740 741 747 746)
4(741 742 748 747)
4(742 743 749 748)
4(743 744 750 749)
4(744 745 751 750)
4(745 271 272 751)
4(259 746 752 260)
4(746 747 753 752)
4(747 748 754 753)
4(748 749 755 754)
4(749 750 756 755)
4(750 751 757 756)
4(751 272 273 757)
4(260 752 758 261)
4(752 753 759 758)
4(753 754 760 759)
4(754 755 761 760)
4(755 756 762 761)
4(756 757 763 762)
4(757 273 274 763)
4(261 758 764 262)
4(758 759 765 764)
4(759 760 766 765)
4(760 761 767 766)
4(761 762 768 767)
4(762 763 769 768)
4(763 274 275 769)
4(262 764 186 19)
4(764 765 187 186)
4(765 766 188 187)
4(766 767 189 188)
4(767 768 190 189)
4(768 769 191 190)
4(769 275 18 191)
)
