FoamFile
{
    version 2.0;
    format  ascii;
    class   vectorField;
    object  points;
}
// ******************************************************************************************//


796
(
(-6.71745 6.71745 -10)
(6.71745 6.71745 -10)
(6.71745 -6.71745 -10)
(-6.71745 -6.71745 -10)
(-53.7396 53.7396 -10)
(53.7396 53.7396 -10)
(53.7396 -53.7396 -10)
(-53.7396 -53.7396 -10)
(-98.2 98.2 -10)
(98.2 98.2 -10)
(98.2 -98.2 -10)
(-98.2 -98.2 -10)
(-196.4 98.2 -10)
(-108.02 98.2 -10)
(-196.4 -98.2 -10)
(-108.02 -98.2 -10)
(196.4 98.2 -10)
(108.02 98.2 -10)
(196.4 -98.2 -10)
(108.02 -98.2 -10)
(-5.9231 7.42733 -10)
(-5.05426 8.0438 -10)
(-4.12186 8.55912 -10)
(-3.13762 8.96681 -10)
(-2.11393 9.26173 -10)
(-1.06365 9.44018 -10)
(-1.77698e-11 9.49991 -10)
(1.06365 9.44018 -10)
(2.11393 9.26173 -10)
(3.13762 8.96681 -10)
(4.12186 8.55912 -10)
(5.05426 8.0438 -10)
(5.9231 7.42733 -10)
(7.42733 5.9231 -10)
(8.0438 5.05426 -10)
(8.55912 4.12186 -10)
(8.96681 3.13762 -10)
(9.26173 2.11393 -10)
(9.44018 1.06365 -10)
(9.49991 1.77698e-11 -10)
(9.44018 -1.06365 -10)
(9.26173 -2.11393 -10)
(8.96681 -3.13762 -10)
(8.55912 -4.12186 -10)
(8.0438 -5.05426 -10)
(7.42733 -5.9231 -10)
(5.9231 -7.42733 -10)
(5.05426 -8.0438 -10)
(4.12186 -8.55912 -10)
(3.13762 -8.96681 -10)
(2.11393 -9.26173 -10)
(1.06365 -9.44018 -10)
(1.77698e-11 -9.49991 -10)
(-1.06365 -9.44018 -10)
(-2.11393 -9.26173 -10)
(-3.13762 -8.96681 -10)
(-4.12186 -8.55912 -10)
(-5.05426 -8.0438 -10)
(-5.9231 -7.42733 -10)
(-7.42733 -5.9231 -10)
(-8.0438 -5.05426 -10)
(-8.55912 -4.12186 -10)
(-8.96681 -3.13762 -10)
(-9.26173 -2.11393 -10)
(-9.44018 -1.06365 -10)
(-9.49991 -1.77698e-11 -10)
(-9.44018 1.06365 -10)
(-9.26173 2.11393 -10)
(-8.96681 3.13762 -10)
(-8.55912 4.12186 -10)
(-8.0438 5.05426 -10)
(-7.42733 5.9231 -10)
(-47.3848 59.4186 -10)
(-40.4341 64.3504 -10)
(-32.9748 68.473 -10)
(-25.101 71.7344 -10)
(-16.9114 74.0938 -10)
(-8.50922 75.5214 -10)
(-1.42158e-10 75.9993 -10)
(8.50922 75.5214 -10)
(16.9114 74.0938 -10)
(25.101 71.7344 -10)
(32.9748 68.473 -10)
(40.4341 64.3504 -10)
(47.3848 59.4186 -10)
(59.4186 47.3848 -10)
(64.3504 40.4341 -10)
(68.473 32.9748 -10)
(71.7344 25.101 -10)
(74.0938 16.9114 -10)
(75.5214 8.50922 -10)
(75.9993 1.42158e-10 -10)
(75.5214 -8.50922 -10)
(74.0938 -16.9114 -10)
(71.7344 -25.101 -10)
(68.473 -32.9748 -10)
(64.3504 -40.4341 -10)
(59.4186 -47.3848 -10)
(47.3848 -59.4186 -10)
(40.4341 -64.3504 -10)
(32.9748 -68.473 -10)
(25.101 -71.7344 -10)
(16.9114 -74.0938 -10)
(8.50922 -75.5214 -10)
(1.42158e-10 -75.9993 -10)
(-8.50922 -75.5214 -10)
(-16.9114 -74.0938 -10)
(-25.101 -71.7344 -10)
(-32.9748 -68.473 -10)
(-40.4341 -64.3504 -10)
(-47.3848 -59.4186 -10)
(-59.4186 -47.3848 -10)
(-64.3504 -40.4341 -10)
(-68.473 -32.9748 -10)
(-71.7344 -25.101 -10)
(-74.0938 -16.9114 -10)
(-75.5214 -8.50922 -10)
(-75.9993 -1.42158e-10 -10)
(-75.5214 8.50922 -10)
(-74.0938 16.9114 -10)
(-71.7344 25.101 -10)
(-68.473 32.9748 -10)
(-64.3504 40.4341 -10)
(-59.4186 47.3848 -10)
(-84.1714 98.2 -10)
(-70.1429 98.2 -10)
(-56.1143 98.2 -10)
(-42.0857 98.2 -10)
(-28.0571 98.2 -10)
(-14.0286 98.2 -10)
(-2.49628e-10 98.2 -10)
(14.0286 98.2 -10)
(28.0571 98.2 -10)
(42.0857 98.2 -10)
(56.1143 98.2 -10)
(70.1429 98.2 -10)
(84.1714 98.2 -10)
(98.2 84.1714 -10)
(98.2 70.1429 -10)
(98.2 56.1143 -10)
(98.2 42.0857 -10)
(98.2 28.0571 -10)
(98.2 14.0286 -10)
(98.2 2.49628e-10 -10)
(98.2 -14.0286 -10)
(98.2 -28.0571 -10)
(98.2 -42.0857 -10)
(98.2 -56.1143 -10)
(98.2 -70.1429 -10)
(98.2 -84.1714 -10)
(84.1714 -98.2 -10)
(70.1429 -98.2 -10)
(56.1143 -98.2 -10)
(42.0857 -98.2 -10)
(28.0571 -98.2 -10)
(14.0286 -98.2 -10)
(2.49628e-10 -98.2 -10)
(-14.0286 -98.2 -10)
(-28.0571 -98.2 -10)
(-42.0857 -98.2 -10)
(-56.1143 -98.2 -10)
(-70.1429 -98.2 -10)
(-84.1714 -98.2 -10)
(-98.2 -84.1714 -10)
(-98.2 -70.1429 -10)
(-98.2 -56.1143 -10)
(-98.2 -42.0857 -10)
(-98.2 -28.0571 -10)
(-98.2 -14.0286 -10)
(-98.2 -2.49628e-10 -10)
(-98.2 14.0286 -10)
(-98.2 28.0571 -10)
(-98.2 42.0857 -10)
(-98.2 56.1143 -10)
(-98.2 70.1429 -10)
(-98.2 84.1714 -10)
(-166.643 98.2 -10)
(-137.184 98.2 -10)
(-166.643 -98.2 -10)
(-137.184 -98.2 -10)
(120.272 98.2 -10)
(132.646 98.2 -10)
(145.145 98.2 -10)
(157.768 98.2 -10)
(170.517 98.2 -10)
(183.394 98.2 -10)
(120.272 -98.2 -10)
(132.646 -98.2 -10)
(145.145 -98.2 -10)
(157.768 -98.2 -10)
(170.517 -98.2 -10)
(183.394 -98.2 -10)
(12.1 12.1 -10)
(17.617 17.617 -10)
(23.272 23.272 -10)
(29.0684 29.0684 -10)
(35.0096 35.0096 -10)
(41.0994 41.0994 -10)
(47.3415 47.3415 -10)
(12.1 -12.1 -10)
(17.617 -17.617 -10)
(23.272 -23.272 -10)
(29.0684 -29.0684 -10)
(35.0096 -35.0096 -10)
(41.0994 -41.0994 -10)
(47.3415 -47.3415 -10)
(-12.1 -12.1 -10)
(-17.617 -17.617 -10)
(-23.272 -23.272 -10)
(-29.0684 -29.0684 -10)
(-35.0096 -35.0096 -10)
(-41.0994 -41.0994 -10)
(-47.3415 -47.3415 -10)
(-12.1 12.1 -10)
(-17.617 17.617 -10)
(-23.272 23.272 -10)
(-29.0684 29.0684 -10)
(-35.0096 35.0096 -10)
(-41.0994 41.0994 -10)
(-47.3415 47.3415 -10)
(-75.9698 75.9698 -10)
(75.9698 75.9698 -10)
(75.9698 -75.9698 -10)
(-75.9698 -75.9698 -10)
(-196.4 84.1714 -10)
(-196.4 70.1429 -10)
(-196.4 56.1143 -10)
(-196.4 42.0857 -10)
(-196.4 28.0571 -10)
(-196.4 14.0286 -10)
(-196.4 2.49628e-10 -10)
(-196.4 -14.0286 -10)
(-196.4 -28.0571 -10)
(-196.4 -42.0857 -10)
(-196.4 -56.1143 -10)
(-196.4 -70.1429 -10)
(-196.4 -84.1714 -10)
(-108.02 84.1714 -10)
(-108.02 70.1429 -10)
(-108.02 56.1143 -10)
(-108.02 42.0857 -10)
(-108.02 28.0571 -10)
(-108.02 14.0286 -10)
(-108.02 2.49628e-10 -10)
(-108.02 -14.0286 -10)
(-108.02 -28.0571 -10)
(-108.02 -42.0857 -10)
(-108.02 -56.1143 -10)
(-108.02 -70.1429 -10)
(-108.02 -84.1714 -10)
(108.02 84.1714 -10)
(108.02 70.1429 -10)
(108.02 56.1143 -10)
(108.02 42.0857 -10)
(108.02 28.0571 -10)
(108.02 14.0286 -10)
(108.02 2.49628e-10 -10)
(108.02 -14.0286 -10)
(108.02 -28.0571 -10)
(108.02 -42.0857 -10)
(108.02 -56.1143 -10)
(108.02 -70.1429 -10)
(108.02 -84.1714 -10)
(196.4 84.1714 -10)
(196.4 70.1429 -10)
(196.4 56.1143 -10)
(196.4 42.0857 -10)
(196.4 28.0571 -10)
(196.4 14.0286 -10)
(196.4 2.49628e-10 -10)
(196.4 -14.0286 -10)
(196.4 -28.0571 -10)
(196.4 -42.0857 -10)
(196.4 -56.1143 -10)
(196.4 -70.1429 -10)
(196.4 -84.1714 -10)
(-41.7433 52.3444 -10)
(-36.2393 45.4427 -10)
(-30.8697 38.7093 -10)
(-25.631 32.1402 -10)
(-20.52 25.7313 -10)
(-15.5338 19.4787 -10)
(-10.6691 13.3786 -10)
(-35.6201 56.689 -10)
(-30.9235 49.2145 -10)
(-26.3415 41.9223 -10)
(-21.8712 34.8079 -10)
(-17.51 27.867 -10)
(-13.2552 21.0955 -10)
(-9.10409 14.4891 -10)
(-29.0489 60.3208 -10)
(-25.2188 52.3674 -10)
(-21.4821 44.608 -10)
(-17.8365 37.0378 -10)
(-14.2798 29.6523 -10)
(-10.8099 22.4469 -10)
(-7.42458 15.4173 -10)
(-22.1125 63.1939 -10)
(-19.1969 54.8617 -10)
(-16.3525 46.7327 -10)
(-13.5774 38.802 -10)
(-10.87 31.0647 -10)
(-8.22865 23.5161 -10)
(-5.65171 16.1517 -10)
(-14.898 65.2724 -10)
(-12.9337 56.6661 -10)
(-11.0173 48.2698 -10)
(-9.14759 40.0782 -10)
(-7.32352 32.0864 -10)
(-5.54394 24.2896 -10)
(-3.80776 16.6829 -10)
(-7.49613 66.53 -10)
(-6.50776 57.7579 -10)
(-5.54349 49.1998 -10)
(-4.60273 40.8504 -10)
(-3.68493 32.7046 -10)
(-2.78951 24.7576 -10)
(-1.91593 17.0043 -10)
(-1.25233e-10 66.951 -10)
(-1.08724e-10 58.1234 -10)
(-9.26121e-11 49.5111 -10)
(-7.68957e-11 41.1089 -10)
(-6.15627e-11 32.9116 -10)
(-4.66021e-11 24.9142 -10)
(-3.20078e-11 17.1119 -10)
(7.49613 66.53 -10)
(6.50776 57.7579 -10)
(5.54349 49.1998 -10)
(4.60273 40.8504 -10)
(3.68493 32.7046 -10)
(2.78951 24.7576 -10)
(1.91593 17.0043 -10)
(14.898 65.2724 -10)
(12.9337 56.6661 -10)
(11.0173 48.2698 -10)
(9.14759 40.0782 -10)
(7.32352 32.0864 -10)
(5.54394 24.2896 -10)
(3.80776 16.6829 -10)
(22.1125 63.1939 -10)
(19.1969 54.8617 -10)
(16.3525 46.7327 -10)
(13.5774 38.802 -10)
(10.87 31.0647 -10)
(8.22865 23.5161 -10)
(5.65171 16.1517 -10)
(29.0489 60.3208 -10)
(25.2188 52.3674 -10)
(21.4821 44.608 -10)
(17.8365 37.0378 -10)
(14.2798 29.6523 -10)
(10.8099 22.4469 -10)
(7.42458 15.4173 -10)
(35.6201 56.689 -10)
(30.9235 49.2145 -10)
(26.3415 41.9223 -10)
(21.8712 34.8079 -10)
(17.51 27.867 -10)
(13.2552 21.0955 -10)
(9.10409 14.4891 -10)
(41.7433 52.3444 -10)
(36.2393 45.4427 -10)
(30.8697 38.7093 -10)
(25.631 32.1402 -10)
(20.52 25.7313 -10)
(15.5338 19.4787 -10)
(10.6691 13.3786 -10)
(13.3786 10.6691 -10)
(14.4891 9.10409 -10)
(15.4173 7.42458 -10)
(16.1517 5.65171 -10)
(16.6829 3.80776 -10)
(17.0043 1.91593 -10)
(17.1119 3.20073e-11 -10)
(17.0043 -1.91593 -10)
(16.6829 -3.80776 -10)
(16.1517 -5.65171 -10)
(15.4173 -7.42458 -10)
(14.4891 -9.10409 -10)
(13.3786 -10.6691 -10)
(19.4787 15.5338 -10)
(21.0955 13.2552 -10)
(22.4469 10.8099 -10)
(23.5161 8.22865 -10)
(24.2896 5.54394 -10)
(24.7576 2.78951 -10)
(24.9142 4.66023e-11 -10)
(24.7576 -2.78951 -10)
(24.2896 -5.54394 -10)
(23.5161 -8.22865 -10)
(22.4469 -10.8099 -10)
(21.0955 -13.2552 -10)
(19.4787 -15.5338 -10)
(25.7313 20.52 -10)
(27.867 17.51 -10)
(29.6523 14.2798 -10)
(31.0647 10.87 -10)
(32.0864 7.32352 -10)
(32.7046 3.68493 -10)
(32.9116 6.1565e-11 -10)
(32.7046 -3.68493 -10)
(32.0864 -7.32352 -10)
(31.0647 -10.87 -10)
(29.6523 -14.2798 -10)
(27.867 -17.51 -10)
(25.7313 -20.52 -10)
(32.1402 25.631 -10)
(34.8079 21.8712 -10)
(37.0378 17.8365 -10)
(38.802 13.5774 -10)
(40.0782 9.14759 -10)
(40.8504 4.60273 -10)
(41.1089 7.68956e-11 -10)
(40.8504 -4.60273 -10)
(40.0782 -9.14759 -10)
(38.802 -13.5774 -10)
(37.0378 -17.8365 -10)
(34.8079 -21.8712 -10)
(32.1402 -25.631 -10)
(38.7093 30.8697 -10)
(41.9223 26.3415 -10)
(44.608 21.4821 -10)
(46.7327 16.3525 -10)
(48.2698 11.0173 -10)
(49.1998 5.54349 -10)
(49.5111 9.26113e-11 -10)
(49.1998 -5.54349 -10)
(48.2698 -11.0173 -10)
(46.7327 -16.3525 -10)
(44.608 -21.4821 -10)
(41.9223 -26.3415 -10)
(38.7093 -30.8697 -10)
(45.4427 36.2393 -10)
(49.2145 30.9235 -10)
(52.3674 25.2188 -10)
(54.8617 19.1969 -10)
(56.6661 12.9337 -10)
(57.7579 6.50776 -10)
(58.1234 1.08723e-10 -10)
(57.7579 -6.50776 -10)
(56.6661 -12.9337 -10)
(54.8617 -19.1969 -10)
(52.3674 -25.2188 -10)
(49.2145 -30.9235 -10)
(45.4427 -36.2393 -10)
(52.3444 41.7433 -10)
(56.689 35.6201 -10)
(60.3208 29.0489 -10)
(63.1939 22.1125 -10)
(65.2724 14.898 -10)
(66.53 7.49613 -10)
(66.951 1.25234e-10 -10)
(66.53 -7.49613 -10)
(65.2724 -14.898 -10)
(63.1939 -22.1125 -10)
(60.3208 -29.0489 -10)
(56.689 -35.6201 -10)
(52.3444 -41.7433 -10)
(10.6691 -13.3786 -10)
(15.5338 -19.4787 -10)
(20.52 -25.7313 -10)
(25.631 -32.1402 -10)
(30.8697 -38.7093 -10)
(36.2393 -45.4427 -10)
(41.7433 -52.3444 -10)
(9.10409 -14.4891 -10)
(13.2552 -21.0955 -10)
(17.51 -27.867 -10)
(21.8712 -34.8079 -10)
(26.3415 -41.9223 -10)
(30.9235 -49.2145 -10)
(35.6201 -56.689 -10)
(7.42458 -15.4173 -10)
(10.8099 -22.4469 -10)
(14.2798 -29.6523 -10)
(17.8365 -37.0378 -10)
(21.4821 -44.608 -10)
(25.2188 -52.3674 -10)
(29.0489 -60.3208 -10)
(5.65171 -16.1517 -10)
(8.22865 -23.5161 -10)
(10.87 -31.0647 -10)
(13.5774 -38.802 -10)
(16.3525 -46.7327 -10)
(19.1969 -54.8617 -10)
(22.1125 -63.1939 -10)
(3.80776 -16.6829 -10)
(5.54394 -24.2896 -10)
(7.32352 -32.0864 -10)
(9.14759 -40.0782 -10)
(11.0173 -48.2698 -10)
(12.9337 -56.6661 -10)
(14.898 -65.2724 -10)
(1.91593 -17.0043 -10)
(2.78951 -24.7576 -10)
(3.68493 -32.7046 -10)
(4.60273 -40.8504 -10)
(5.54349 -49.1998 -10)
(6.50776 -57.7579 -10)
(7.49613 -66.53 -10)
(3.20073e-11 -17.1119 -10)
(4.66026e-11 -24.9142 -10)
(6.15636e-11 -32.9116 -10)
(7.68951e-11 -41.1089 -10)
(9.26116e-11 -49.5111 -10)
(1.08725e-10 -58.1234 -10)
(1.25233e-10 -66.951 -10)
(-1.91593 -17.0043 -10)
(-2.78951 -24.7576 -10)
(-3.68493 -32.7046 -10)
(-4.60273 -40.8504 -10)
(-5.54349 -49.1998 -10)
(-6.50776 -57.7579 -10)
(-7.49613 -66.53 -10)
(-3.80776 -16.6829 -10)
(-5.54394 -24.2896 -10)
(-7.32352 -32.0864 -10)
(-9.14759 -40.0782 -10)
(-11.0173 -48.2698 -10)
(-12.9337 -56.6661 -10)
(-14.898 -65.2724 -10)
(-5.65171 -16.1517 -10)
(-8.22865 -23.5161 -10)
(-10.87 -31.0647 -10)
(-13.5774 -38.802 -10)
(-16.3525 -46.7327 -10)
(-19.1969 -54.8617 -10)
(-22.1125 -63.1939 -10)
(-7.42458 -15.4173 -10)
(-10.8099 -22.4469 -10)
(-14.2798 -29.6523 -10)
(-17.8365 -37.0378 -10)
(-21.4821 -44.608 -10)
(-25.2188 -52.3674 -10)
(-29.0489 -60.3208 -10)
(-9.10409 -14.4891 -10)
(-13.2552 -21.0955 -10)
(-17.51 -27.867 -10)
(-21.8712 -34.8079 -10)
(-26.3415 -41.9223 -10)
(-30.9235 -49.2145 -10)
(-35.6201 -56.689 -10)
(-10.6691 -13.3786 -10)
(-15.5338 -19.4787 -10)
(-20.52 -25.7313 -10)
(-25.631 -32.1402 -10)
(-30.8697 -38.7093 -10)
(-36.2393 -45.4427 -10)
(-41.7433 -52.3444 -10)
(-13.3786 10.6691 -10)
(-14.4891 9.10409 -10)
(-15.4173 7.42458 -10)
(-16.1517 5.65171 -10)
(-16.6829 3.80776 -10)
(-17.0043 1.91593 -10)
(-17.1119 -3.20073e-11 -10)
(-17.0043 -1.91593 -10)
(-16.6829 -3.80776 -10)
(-16.1517 -5.65171 -10)
(-15.4173 -7.42458 -10)
(-14.4891 -9.10409 -10)
(-13.3786 -10.6691 -10)
(-19.4787 15.5338 -10)
(-21.0955 13.2552 -10)
(-22.4469 10.8099 -10)
(-23.5161 8.22865 -10)
(-24.2896 5.54394 -10)
(-24.7576 2.78951 -10)
(-24.9142 -4.66027e-11 -10)
(-24.7576 -2.78951 -10)
(-24.2896 -5.54394 -10)
(-23.5161 -8.22865 -10)
(-22.4469 -10.8099 -10)
(-21.0955 -13.2552 -10)
(-19.4787 -15.5338 -10)
(-25.7313 20.52 -10)
(-27.867 17.51 -10)
(-29.6523 14.2798 -10)
(-31.0647 10.87 -10)
(-32.0864 7.32352 -10)
(-32.7046 3.68493 -10)
(-32.9116 -6.15641e-11 -10)
(-32.7046 -3.68493 -10)
(-32.0864 -7.32352 -10)
(-31.0647 -10.87 -10)
(-29.6523 -14.2798 -10)
(-27.867 -17.51 -10)
(-25.7313 -20.52 -10)
(-32.1402 25.631 -10)
(-34.8079 21.8712 -10)
(-37.0378 17.8365 -10)
(-38.802 13.5774 -10)
(-40.0782 9.14759 -10)
(-40.8504 4.60273 -10)
(-41.1089 -7.68949e-11 -10)
(-40.8504 -4.60273 -10)
(-40.0782 -9.14759 -10)
(-38.802 -13.5774 -10)
(-37.0378 -17.8365 -10)
(-34.8079 -21.8712 -10)
(-32.1402 -25.631 -10)
(-38.7093 30.8697 -10)
(-41.9223 26.3415 -10)
(-44.608 21.4821 -10)
(-46.7327 16.3525 -10)
(-48.2698 11.0173 -10)
(-49.1998 5.54349 -10)
(-49.5111 -9.26135e-11 -10)
(-49.1998 -5.54349 -10)
(-48.2698 -11.0173 -10)
(-46.7327 -16.3525 -10)
(-44.608 -21.4821 -10)
(-41.9223 -26.3415 -10)
(-38.7093 -30.8697 -10)
(-45.4427 36.2393 -10)
(-49.2145 30.9235 -10)
(-52.3674 25.2188 -10)
(-54.8617 19.1969 -10)
(-56.6661 12.9337 -10)
(-57.7579 6.50776 -10)
(-58.1234 -1.08724e-10 -10)
(-57.7579 -6.50776 -10)
(-56.6661 -12.9337 -10)
(-54.8617 -19.1969 -10)
(-52.3674 -25.2188 -10)
(-49.2145 -30.9235 -10)
(-45.4427 -36.2393 -10)
(-52.3444 41.7433 -10)
(-56.689 35.6201 -10)
(-60.3208 29.0489 -10)
(-63.1939 22.1125 -10)
(-65.2724 14.898 -10)
(-66.53 7.49613 -10)
(-66.951 -1.25232e-10 -10)
(-66.53 -7.49613 -10)
(-65.2724 -14.898 -10)
(-63.1939 -22.1125 -10)
(-60.3208 -29.0489 -10)
(-56.689 -35.6201 -10)
(-52.3444 -41.7433 -10)
(-65.7781 78.8093 -10)
(-55.2885 81.2752 -10)
(-44.5446 83.3365 -10)
(-33.5933 84.9672 -10)
(-22.4843 86.1469 -10)
(-11.2689 86.8607 -10)
(-1.95897e-10 87.0996 -10)
(11.2689 86.8607 -10)
(22.4843 86.1469 -10)
(33.5933 84.9672 -10)
(44.5446 83.3365 -10)
(55.2885 81.2752 -10)
(65.7781 78.8093 -10)
(78.8093 65.7781 -10)
(81.2752 55.2885 -10)
(83.3365 44.5446 -10)
(84.9672 33.5933 -10)
(86.1469 22.4843 -10)
(86.8607 11.2689 -10)
(87.0996 1.95897e-10 -10)
(86.8607 -11.2689 -10)
(86.1469 -22.4843 -10)
(84.9672 -33.5933 -10)
(83.3365 -44.5446 -10)
(81.2752 -55.2885 -10)
(78.8093 -65.7781 -10)
(65.7781 -78.8093 -10)
(55.2885 -81.2752 -10)
(44.5446 -83.3365 -10)
(33.5933 -84.9672 -10)
(22.4843 -86.1469 -10)
(11.2689 -86.8607 -10)
(1.95897e-10 -87.0996 -10)
(-11.2689 -86.8607 -10)
(-22.4843 -86.1469 -10)
(-33.5933 -84.9672 -10)
(-44.5446 -83.3365 -10)
(-55.2885 -81.2752 -10)
(-65.7781 -78.8093 -10)
(-78.8093 -65.7781 -10)
(-81.2752 -55.2885 -10)
(-83.3365 -44.5446 -10)
(-84.9672 -33.5933 -10)
(-86.1469 -22.4843 -10)
(-86.8607 -11.2689 -10)
(-87.0996 -1.95897e-10 -10)
(-86.8607 11.2689 -10)
(-86.1469 22.4843 -10)
(-84.9672 33.5933 -10)
(-83.3365 44.5446 -10)
(-81.2752 55.2885 -10)
(-78.8093 65.7781 -10)
(120.272 84.1714 -10)
(132.646 84.1714 -10)
(145.145 84.1714 -10)
(157.768 84.1714 -10)
(170.517 84.1714 -10)
(183.394 84.1714 -10)
(120.272 70.1429 -10)
(132.646 70.1429 -10)
(145.145 70.1429 -10)
(157.768 70.1429 -10)
(170.517 70.1429 -10)
(183.394 70.1429 -10)
(120.272 56.1143 -10)
(132.646 56.1143 -10)
(145.145 56.1143 -10)
(157.768 56.1143 -10)
(170.517 56.1143 -10)
(183.394 56.1143 -10)
(120.272 42.0857 -10)
(132.646 42.0857 -10)
(145.145 42.0857 -10)
(157.768 42.0857 -10)
(170.517 42.0857 -10)
(183.394 42.0857 -10)
(120.272 28.0571 -10)
(132.646 28.0571 -10)
(145.145 28.0571 -10)
(157.768 28.0571 -10)
(170.517 28.0571 -10)
(183.394 28.0571 -10)
(120.272 14.0286 -10)
(132.646 14.0286 -10)
(145.145 14.0286 -10)
(157.768 14.0286 -10)
(170.517 14.0286 -10)
(183.394 14.0286 -10)
(120.272 2.49626e-10 -10)
(132.646 2.49626e-10 -10)
(145.145 2.49631e-10 -10)
(157.768 2.49631e-10 -10)
(170.517 2.49628e-10 -10)
(183.394 2.49628e-10 -10)
(120.272 -14.0286 -10)
(132.646 -14.0286 -10)
(145.145 -14.0286 -10)
(157.768 -14.0286 -10)
(170.517 -14.0286 -10)
(183.394 -14.0286 -10)
(120.272 -28.0571 -10)
(132.646 -28.0571 -10)
(145.145 -28.0571 -10)
(157.768 -28.0571 -10)
(170.517 -28.0571 -10)
(183.394 -28.0571 -10)
(120.272 -42.0857 -10)
(132.646 -42.0857 -10)
(145.145 -42.0857 -10)
(157.768 -42.0857 -10)
(170.517 -42.0857 -10)
(183.394 -42.0857 -10)
(120.272 -56.1143 -10)
(132.646 -56.1143 -10)
(145.145 -56.1143 -10)
(157.768 -56.1143 -10)
(170.517 -56.1143 -10)
(183.394 -56.1143 -10)
(120.272 -70.1429 -10)
(132.646 -70.1429 -10)
(145.145 -70.1429 -10)
(157.768 -70.1429 -10)
(170.517 -70.1429 -10)
(183.394 -70.1429 -10)
(120.272 -84.1714 -10)
(132.646 -84.1714 -10)
(145.145 -84.1714 -10)
(157.768 -84.1714 -10)
(170.517 -84.1714 -10)
(183.394 -84.1714 -10)
(-166.643 84.1714 -10)
(-166.643 70.1429 -10)
(-166.643 56.1143 -10)
(-166.643 42.0857 -10)
(-166.643 28.0571 -10)
(-166.643 14.0286 -10)
(-166.643 2.49635e-10 -10)
(-166.643 -14.0286 -10)
(-166.643 -28.0571 -10)
(-166.643 -42.0857 -10)
(-166.643 -56.1143 -10)
(-166.643 -70.1429 -10)
(-166.643 -84.1714 -10)
(-137.184 84.1714 -10)
(-137.184 70.1429 -10)
(-137.184 56.1143 -10)
(-137.184 42.0857 -10)
(-137.184 28.0571 -10)
(-137.184 14.0286 -10)
(-137.184 2.49631e-10 -10)
(-137.184 -14.0286 -10)
(-137.184 -28.0571 -10)
(-137.184 -42.0857 -10)
(-137.184 -56.1143 -10)
(-137.184 -70.1429 -10)
(-137.184 -84.1714 -10)
)
