FoamFile
{
    version     2.0;
    format      ascii;
    class       scalarAverageField;
    object      values;
}
// **********************************************************************//
0.0

1202
(
75.5623
82.729
75.5623
61.0174
46.1251
31.0169
15.7741
0.453085
-14.8833
-30.1735
-45.3594
-60.3871
-75.2067
-89.7699
-104.028
-117.934
-131.44
-144.5
-157.07
-169.105
-180.565
-191.408
-201.597
-211.098
-219.876
-227.9
-235.143
-241.58
-247.186
-251.945
-255.837
-258.852
-260.991
-262.245
-262.563
-261.935
-260.395
-257.96
-254.644
-250.46
-245.429
-239.572
-232.916
-225.485
-217.311
-208.426
-198.867
-188.669
-177.873
-166.519
-154.65
-142.31
-129.544
-116.397
-102.917
-89.1483
-75.1388
-60.9349
-46.5822
-32.1261
-17.6117
-3.08191
11.4217
25.8637
40.2223
54.4944
68.584
81.6998
94.2436
106.92
119.284
131.247
142.748
153.735
164.162
173.987
183.172
191.681
199.484
206.55
212.855
218.374
223.087
226.976
230.027
232.226
233.565
234.037
233.634
232.369
230.248
227.277
223.461
218.799
213.308
207.003
199.902
192.026
183.399
174.047
163.998
153.283
141.935
129.989
117.482
104.455
90.9462
77.0002
62.6606
47.972
32.9821
17.7414
2.2987
-13.2973
-28.9962
-44.7469
-60.4981
-76.1983
-91.7962
-107.241
-122.481
-137.466
-152.148
-166.478
-180.407
-193.891
-206.886
-219.347
-231.234
-242.508
-253.132
-263.07
-272.291
-280.764
-288.461
-295.358
-301.433
-306.666
-311.041
-314.544
-317.168
-318.897
-319.732
-319.673
-318.719
-316.875
-314.149
-310.551
-306.095
-300.794
-294.671
-287.745
-280.042
-271.587
-262.409
-252.541
-242.015
-230.867
-219.134
-206.857
-194.075
-180.831
-167.169
-153.134
-138.772
-124.129
-109.254
-94.1953
-79.0005
-63.7189
-48.3999
-33.0926
-17.8449
-2.69675
12.2951
27.0743
41.6028
55.8359
69.7289
83.2383
96.3219
108.939
121.05
132.618
143.606
153.981
163.712
172.767
181.12
188.744
195.616
201.715
207.022
211.52
215.197
218.041
220.04
221.192
221.494
220.94
219.534
217.28
214.184
210.256
205.509
199.954
193.609
186.494
178.629
170.04
160.752
150.792
140.191
128.982
117.199
104.879
92.0579
78.7762
65.074
50.9936
36.5807
21.8799
6.9357
-8.2055
-23.4967
-38.8901
-54.338
-69.792
-85.204
-100.526
-115.71
-130.708
-145.474
-159.962
-174.126
-187.922
-201.307
-214.24
-226.681
-238.592
-249.935
-260.676
-270.782
-280.221
-288.966
-296.991
-304.271
-310.785
-316.514
-321.443
-325.559
-328.848
-331.299
-332.912
-333.684
-333.613
-332.702
-330.957
-328.384
-324.997
-320.806
-315.828
-310.082
-303.587
-296.368
-288.45
-279.859
-270.625
-260.781
-250.36
-239.396
-227.928
-215.992
-203.629
-190.882
-177.79
-164.399
-150.752
-136.894
-122.871
-108.731
-94.5172
-80.2787
-66.0618
-51.9133
-37.8799
-24.0081
-10.3436
3.0685
16.1835
28.9577
41.3484
53.3141
64.8144
75.8104
86.2643
96.1406
105.405
114.024
121.968
129.21
135.721
141.478
146.459
150.645
154.017
156.561
158.264
159.119
159.121
158.262
156.538
153.954
150.512
146.22
141.086
135.123
128.344
120.768
112.415
103.307
93.4685
82.9275
71.7137
59.8591
47.3979
34.3666
20.8032
6.74766
-7.75859
-22.6774
-37.9571
-53.5444
-69.3975
-85.4683
-101.708
-118.066
-134.491
-150.934
-167.344
-183.667
-199.853
-215.851
-231.61
-247.082
-262.217
-276.967
-291.286
-305.127
-318.446
-331.203
-343.356
-354.866
-365.696
-375.813
-385.183
-393.779
-401.572
-408.537
-414.654
-419.902
-424.265
-427.732
-430.292
-431.935
-432.656
-432.457
-431.339
-429.307
-426.366
-422.53
-417.811
-412.225
-405.792
-398.534
-390.475
-381.644
-372.068
-361.782
-350.82
-339.217
-327.013
-314.248
-300.965
-287.207
-273.019
-258.45
-243.545
-228.354
-212.928
-197.314
-181.566
-165.733
-149.868
-134.019
-118.24
-102.58
-87.0898
-71.8178
-56.8124
-42.1215
-27.7916
-13.8673
-0.39171
12.5934
25.0483
36.9348
48.2169
58.8607
68.8345
78.1091
86.6576
94.4555
101.481
107.715
113.141
117.745
121.517
124.447
126.531
127.767
128.153
127.694
126.398
124.271
121.324
117.571
113.031
107.721
101.664
94.8839
87.4072
79.2626
70.4811
61.0956
51.1409
40.6535
29.6718
18.2355
6.38572
-5.83513
-18.3836
-31.2157
-44.2875
-57.5494
-70.9515
-84.4482
-97.9927
-111.537
-125.035
-138.438
-151.7
-164.775
-177.615
-190.176
-202.414
-214.286
-225.749
-236.763
-247.29
-257.29
-266.729
-275.573
-283.789
-291.349
-298.222
-304.385
-309.815
-314.489
-318.391
-321.505
-323.816
-325.316
-325.995
-325.848
-324.874
-323.072
-320.446
-317
-312.745
-307.693
-301.85
-295.235
-287.872
-279.778
-270.976
-261.493
-251.354
-240.591
-229.234
-217.318
-204.876
-191.947
-178.567
-164.776
-150.613
-136.121
-121.343
-106.321
-91.0985
-75.7194
-60.2283
-44.6694
-29.0866
-13.5242
1.97408
17.3658
32.6111
47.6723
62.5155
77.1103
91.4328
105.466
119.197
132.611
145.707
158.481
170.93
183.052
194.849
206.323
217.477
228.315
238.842
249.064
258.982
268.602
277.925
286.953
295.683
304.112
312.237
320.052
327.549
334.72
341.558
348.054
354.201
359.993
365.421
370.482
375.172
379.489
383.432
387.002
390.202
393.034
395.505
397.62
399.389
400.835
401.895
402.625
403.106
403.287
403.187
402.818
402.195
401.333
400.246
398.949
397.455
395.782
393.94
391.945
389.813
387.557
385.19
382.726
380.177
377.556
374.875
372.148
369.384
366.595
363.791
360.983
358.182
355.396
352.636
349.909
347.226
344.595
342.023
339.518
337.089
334.743
332.487
330.329
328.277
326.337
324.518
322.826
321.269
319.856
318.594
317.494
316.564
315.816
315.263
314.92
75.5623
75.5623
61.0174
46.1251
31.0169
15.7741
0.453085
-14.8833
-30.1735
-45.3594
-60.3871
-75.2067
-89.7699
-104.028
-117.934
-131.44
-144.5
-157.07
-169.105
-180.565
-191.408
-201.597
-211.098
-219.876
-227.9
-235.143
-241.58
-247.186
-251.945
-255.837
-258.852
-260.991
-262.245
-262.563
-261.935
-260.395
-257.96
-254.644
-250.46
-245.429
-239.572
-232.916
-225.485
-217.311
-208.426
-198.867
-188.669
-177.873
-166.519
-154.65
-142.31
-129.544
-116.397
-102.917
-89.1483
-75.1388
-60.9349
-46.5822
-32.1261
-17.6117
-3.08191
11.4217
25.8637
40.2223
54.4944
68.584
81.6998
94.2436
106.92
119.284
131.247
142.748
153.735
164.162
173.987
183.172
191.681
199.484
206.55
212.855
218.374
223.087
226.976
230.027
232.226
233.565
234.037
233.634
232.369
230.248
227.277
223.461
218.799
213.308
207.003
199.902
192.026
183.399
174.047
163.998
153.283
141.935
129.989
117.482
104.455
90.9462
77.0002
62.6606
47.972
32.9821
17.7414
2.2987
-13.2973
-28.9962
-44.7469
-60.4981
-76.1983
-91.7962
-107.241
-122.481
-137.466
-152.148
-166.478
-180.407
-193.891
-206.886
-219.347
-231.234
-242.508
-253.132
-263.07
-272.291
-280.764
-288.461
-295.358
-301.433
-306.666
-311.041
-314.544
-317.168
-318.897
-319.732
-319.673
-318.719
-316.875
-314.149
-310.551
-306.095
-300.794
-294.671
-287.745
-280.042
-271.587
-262.409
-252.541
-242.015
-230.867
-219.134
-206.857
-194.075
-180.831
-167.169
-153.134
-138.772
-124.129
-109.254
-94.1953
-79.0005
-63.7189
-48.3999
-33.0926
-17.8449
-2.69675
12.2951
27.0743
41.6028
55.8359
69.7289
83.2383
96.3219
108.939
121.05
132.618
143.606
153.981
163.712
172.767
181.12
188.744
195.616
201.715
207.022
211.52
215.197
218.041
220.04
221.192
221.494
220.94
219.534
217.28
214.184
210.256
205.509
199.954
193.609
186.494
178.629
170.04
160.752
150.792
140.191
128.982
117.199
104.879
92.0579
78.7762
65.074
50.9936
36.5807
21.8799
6.9357
-8.2055
-23.4967
-38.8901
-54.338
-69.792
-85.204
-100.526
-115.71
-130.708
-145.474
-159.962
-174.126
-187.922
-201.307
-214.24
-226.681
-238.592
-249.935
-260.676
-270.782
-280.221
-288.966
-296.991
-304.271
-310.785
-316.514
-321.443
-325.559
-328.848
-331.299
-332.912
-333.684
-333.613
-332.702
-330.957
-328.384
-324.997
-320.806
-315.828
-310.082
-303.587
-296.368
-288.45
-279.859
-270.625
-260.781
-250.36
-239.396
-227.928
-215.992
-203.629
-190.882
-177.79
-164.399
-150.752
-136.894
-122.871
-108.731
-94.5172
-80.2787
-66.0618
-51.9133
-37.8799
-24.0081
-10.3436
3.0685
16.1835
28.9577
41.3484
53.3141
64.8144
75.8104
86.2643
96.1406
105.405
114.024
121.968
129.21
135.721
141.478
146.459
150.645
154.017
156.561
158.264
159.119
159.121
158.262
156.538
153.954
150.512
146.22
141.086
135.123
128.344
120.768
112.415
103.307
93.4685
82.9275
71.7137
59.8591
47.3979
34.3666
20.8032
6.74766
-7.75859
-22.6774
-37.9571
-53.5444
-69.3975
-85.4683
-101.708
-118.066
-134.491
-150.934
-167.344
-183.667
-199.853
-215.851
-231.61
-247.082
-262.217
-276.967
-291.286
-305.127
-318.446
-331.203
-343.356
-354.866
-365.696
-375.813
-385.183
-393.779
-401.572
-408.537
-414.654
-419.902
-424.265
-427.732
-430.292
-431.935
-432.656
-432.457
-431.339
-429.307
-426.366
-422.53
-417.811
-412.225
-405.792
-398.534
-390.475
-381.644
-372.068
-361.782
-350.82
-339.217
-327.013
-314.248
-300.965
-287.207
-273.019
-258.45
-243.545
-228.354
-212.928
-197.314
-181.566
-165.733
-149.868
-134.019
-118.24
-102.58
-87.0898
-71.8178
-56.8124
-42.1215
-27.7916
-13.8673
-0.39171
12.5934
25.0483
36.9348
48.2169
58.8607
68.8345
78.1091
86.6576
94.4555
101.481
107.715
113.141
117.745
121.517
124.447
126.531
127.767
128.153
127.694
126.398
124.271
121.324
117.571
113.031
107.721
101.664
94.8839
87.4072
79.2626
70.4811
61.0956
51.1409
40.6535
29.6718
18.2355
6.38572
-5.83513
-18.3836
-31.2157
-44.2875
-57.5494
-70.9515
-84.4482
-97.9927
-111.537
-125.035
-138.438
-151.7
-164.775
-177.615
-190.176
-202.414
-214.286
-225.749
-236.763
-247.29
-257.29
-266.729
-275.573
-283.789
-291.349
-298.222
-304.385
-309.815
-314.489
-318.391
-321.505
-323.816
-325.316
-325.995
-325.848
-324.874
-323.072
-320.446
-317
-312.745
-307.693
-301.85
-295.235
-287.872
-279.778
-270.976
-261.493
-251.354
-240.591
-229.234
-217.318
-204.876
-191.947
-178.567
-164.776
-150.613
-136.121
-121.343
-106.321
-91.0985
-75.7194
-60.2283
-44.6694
-29.0866
-13.5242
1.97408
17.3658
32.6111
47.6723
62.5155
77.1103
91.4328
105.466
119.197
132.611
145.707
158.481
170.93
183.052
194.849
206.323
217.477
228.315
238.842
249.064
258.982
268.602
277.925
286.953
295.683
304.112
312.237
320.052
327.549
334.72
341.558
348.054
354.201
359.993
365.421
370.482
375.172
379.489
383.432
387.002
390.202
393.034
395.505
397.62
399.389
400.835
401.895
402.625
403.106
403.287
403.187
402.818
402.195
401.333
400.246
398.949
397.455
395.782
393.94
391.945
389.813
387.557
385.19
382.726
380.177
377.556
374.875
372.148
369.384
366.595
363.791
360.983
358.182
355.396
352.636
349.909
347.226
344.595
342.023
339.518
337.089
334.743
332.487
330.329
328.277
326.337
324.518
322.826
321.269
319.856
318.594
317.494
316.564
315.816
315.263
314.92
314.803
)
