FoamFile
{
    version     2.0;
    format      ascii;
    class       scalarAverageField;
    object      values;
}
// **********************************************************************//
0.0

1202
(
233.337
229.346
233.337
240.945
247.79
253.845
259.093
263.516
267.099
269.829
271.698
272.697
272.82
272.073
270.465
267.99
264.65
260.456
255.415
249.539
242.842
235.338
227.042
217.971
208.138
197.555
186.23
174.161
161.333
147.702
133.218
118.278
101.409
83.3786
65.8943
48.3891
31.1437
14.0346
-2.96924
-19.8701
-36.6535
-53.2942
-69.7601
-86.0137
-102.015
-117.721
-133.088
-148.072
-162.629
-176.713
-190.281
-203.291
-215.702
-227.473
-238.566
-248.946
-258.577
-267.429
-275.471
-282.677
-289.022
-294.486
-299.045
-302.692
-305.438
-307.278
-308.102
-307.88
-306.687
-304.546
-301.469
-297.467
-292.56
-286.764
-280.106
-272.61
-264.303
-255.22
-245.394
-234.862
-223.663
-211.84
-199.437
-186.5
-173.076
-159.218
-144.975
-130.4
-115.547
-100.471
-85.227
-69.8675
-54.4468
-39.0177
-23.6311
-8.33757
6.80773
21.7571
36.4702
50.8986
64.9933
78.7097
92.0045
104.836
117.164
128.951
140.16
150.756
160.707
169.984
178.558
186.403
193.495
199.815
205.344
210.064
213.963
217.03
219.257
220.637
221.166
220.846
219.682
217.673
214.829
211.158
206.675
201.395
195.335
188.516
180.96
172.692
163.74
154.132
143.9
133.079
121.703
109.81
97.4392
84.6312
71.4282
57.8736
44.0123
29.8903
15.551
1.04543
-13.5742
-28.2626
-42.9713
-57.651
-72.2527
-86.7272
-101.026
-115.102
-128.905
-142.391
-155.514
-168.23
-180.495
-192.267
-203.508
-214.178
-224.242
-233.665
-242.415
-250.463
-257.781
-264.344
-270.13
-275.12
-279.296
-282.644
-285.154
-286.816
-287.628
-287.581
-286.676
-284.922
-282.322
-278.885
-274.623
-269.55
-263.684
-257.045
-249.655
-241.54
-232.726
-223.245
-213.127
-202.406
-191.119
-179.304
-166.999
-154.246
-141.087
-127.565
-113.725
-99.6125
-85.2738
-70.7553
-56.1041
-41.368
-26.5945
-11.831
2.87513
17.477
31.9282
46.1829
60.1961
73.9239
87.3233
100.352
112.971
125.141
136.823
147.983
158.586
168.601
177.996
186.746
194.822
202.201
208.863
214.787
219.957
224.358
227.978
230.808
232.841
234.071
234.494
234.116
232.941
230.968
228.207
224.669
220.365
215.313
209.528
203.03
195.842
187.987
179.492
170.385
160.694
150.454
139.698
128.46
116.777
104.688
92.2312
79.4484
66.3806
53.0693
39.5598
25.8979
12.1272
-1.7077
-15.5617
-29.3894
-43.1455
-56.7849
-70.2626
-83.5344
-96.5567
-109.287
-121.682
-133.701
-145.305
-156.455
-167.114
-177.246
-186.819
-195.8
-204.158
-211.865
-218.896
-225.228
-230.837
-235.705
-239.815
-243.152
-245.704
-247.463
-248.421
-248.577
-247.928
-246.467
-244.204
-241.149
-237.305
-232.686
-227.304
-221.175
-214.318
-206.754
-198.505
-189.596
-180.055
-169.911
-159.193
-147.935
-136.172
-123.938
-111.271
-98.2091
-84.7918
-71.0597
-57.054
-42.8167
-28.3905
-13.8185
0.85587
15.589
30.3373
45.0572
59.7052
74.2385
88.6145
102.791
116.727
130.382
143.716
156.692
169.27
181.417
193.096
204.274
214.921
225.004
234.496
243.37
251.601
259.165
266.04
272.208
277.651
282.353
286.301
289.484
291.892
293.519
294.358
294.406
293.667
292.138
289.822
286.727
282.861
278.231
272.851
266.736
259.902
252.365
244.147
235.27
225.757
215.634
204.928
193.67
181.889
169.617
156.888
143.735
130.198
116.319
102.133
87.681
73.0025
58.1392
43.1334
28.0279
12.8658
-2.3093
-17.4537
-32.5238
-47.4759
-62.2667
-76.8534
-91.1935
-105.245
-118.968
-132.322
-145.268
-157.769
-169.787
-181.29
-192.243
-202.615
-212.376
-221.5
-229.959
-237.73
-244.792
-251.127
-256.72
-261.553
-265.611
-268.889
-271.384
-273.086
-273.995
-274.113
-273.443
-271.99
-269.763
-266.774
-263.035
-258.563
-253.377
-247.498
-240.947
-233.752
-225.938
-217.535
-208.575
-199.09
-189.116
-178.689
-167.847
-156.629
-145.076
-133.229
-121.132
-108.829
-96.3631
-83.7801
-71.1258
-58.446
-45.7871
-33.1952
-20.7168
-8.39809
3.71531
15.578
27.1452
38.3728
49.2177
59.6376
69.5915
79.0394
87.9427
96.2648
103.97
111.024
117.396
123.054
127.973
132.125
135.487
138.038
139.757
140.63
140.64
139.778
138.036
135.405
131.88
127.462
122.152
115.955
108.877
100.928
92.1184
82.4647
71.9834
60.6941
48.6188
35.7817
22.2093
7.93026
-7.02504
-22.6241
-38.8325
-55.6146
-72.933
-90.7496
-109.028
-127.723
-146.788
-166.185
-185.872
-205.805
-225.941
-246.236
-266.648
-287.133
-307.651
-328.158
-348.615
-368.982
-389.221
-409.296
-429.169
-448.809
-468.184
-487.263
-506.017
-524.421
-542.451
-560.087
-577.307
-594.092
-610.429
-626.303
-641.697
-656.591
-670.964
-684.798
-698.08
-710.794
-722.929
-734.474
-745.416
-755.742
-765.441
-774.505
-782.926
-790.695
-797.809
-804.264
-810.062
-815.204
-819.696
-823.545
-826.764
-829.364
-831.361
-832.771
-833.612
-833.906
-833.668
-832.922
-831.686
-829.982
-827.827
-825.242
-822.246
-818.859
-815.099
-810.986
-806.539
-801.775
-796.714
-791.374
-785.774
-779.931
-773.864
-767.591
-761.129
-754.496
-747.707
-740.782
-733.736
-726.585
-719.344
-712.029
-704.654
-697.234
-689.783
-682.313
-674.839
-667.373
-659.926
-652.509
-645.136
-637.815
-630.557
-623.372
-616.27
-609.259
-602.35
-595.549
-588.865
-582.306
-575.88
-569.593
-563.454
-557.47
-551.646
-545.99
-540.509
-535.208
-530.095
-525.176
-520.458
-515.947
-511.651
-507.577
-503.732
-500.124
-496.761
-493.652
-490.806
-488.234
-485.947
-483.96
-482.285
-480.942
-479.95
-479.337
233.337
233.337
240.945
247.79
253.845
259.093
263.516
267.099
269.829
271.698
272.697
272.82
272.073
270.465
267.99
264.65
260.456
255.415
249.539
242.842
235.338
227.042
217.971
208.138
197.555
186.23
174.161
161.333
147.702
133.218
118.278
101.409
83.3786
65.8943
48.3891
31.1437
14.0346
-2.96924
-19.8701
-36.6535
-53.2942
-69.7601
-86.0137
-102.015
-117.721
-133.088
-148.072
-162.629
-176.713
-190.281
-203.291
-215.702
-227.473
-238.566
-248.946
-258.577
-267.429
-275.471
-282.677
-289.022
-294.486
-299.045
-302.692
-305.438
-307.278
-308.102
-307.88
-306.687
-304.546
-301.469
-297.467
-292.56
-286.764
-280.106
-272.61
-264.303
-255.22
-245.394
-234.862
-223.663
-211.84
-199.437
-186.5
-173.076
-159.218
-144.975
-130.4
-115.547
-100.471
-85.227
-69.8675
-54.4468
-39.0177
-23.6311
-8.33757
6.80773
21.7571
36.4702
50.8986
64.9933
78.7097
92.0045
104.836
117.164
128.951
140.16
150.756
160.707
169.984
178.558
186.403
193.495
199.815
205.344
210.064
213.963
217.03
219.257
220.637
221.166
220.846
219.682
217.673
214.829
211.158
206.675
201.395
195.335
188.516
180.96
172.692
163.74
154.132
143.9
133.079
121.703
109.81
97.4392
84.6312
71.4282
57.8736
44.0123
29.8903
15.551
1.04543
-13.5742
-28.2626
-42.9713
-57.651
-72.2527
-86.7272
-101.026
-115.102
-128.905
-142.391
-155.514
-168.23
-180.495
-192.267
-203.508
-214.178
-224.242
-233.665
-242.415
-250.463
-257.781
-264.344
-270.13
-275.12
-279.296
-282.644
-285.154
-286.816
-287.628
-287.581
-286.676
-284.922
-282.322
-278.885
-274.623
-269.55
-263.684
-257.045
-249.655
-241.54
-232.726
-223.245
-213.127
-202.406
-191.119
-179.304
-166.999
-154.246
-141.087
-127.565
-113.725
-99.6125
-85.2738
-70.7553
-56.1041
-41.368
-26.5945
-11.831
2.87513
17.477
31.9282
46.1829
60.1961
73.9239
87.3233
100.352
112.971
125.141
136.823
147.983
158.586
168.601
177.996
186.746
194.822
202.201
208.863
214.787
219.957
224.358
227.978
230.808
232.841
234.071
234.494
234.116
232.941
230.968
228.207
224.669
220.365
215.313
209.528
203.03
195.842
187.987
179.492
170.385
160.694
150.454
139.698
128.46
116.777
104.688
92.2312
79.4484
66.3806
53.0693
39.5598
25.8979
12.1272
-1.7077
-15.5617
-29.3894
-43.1455
-56.7849
-70.2626
-83.5344
-96.5567
-109.287
-121.682
-133.701
-145.305
-156.455
-167.114
-177.246
-186.819
-195.8
-204.158
-211.865
-218.896
-225.228
-230.837
-235.705
-239.815
-243.152
-245.704
-247.463
-248.421
-248.577
-247.928
-246.467
-244.204
-241.149
-237.305
-232.686
-227.304
-221.175
-214.318
-206.754
-198.505
-189.596
-180.055
-169.911
-159.193
-147.935
-136.172
-123.938
-111.271
-98.2091
-84.7918
-71.0597
-57.054
-42.8167
-28.3905
-13.8185
0.85587
15.589
30.3373
45.0572
59.7052
74.2385
88.6145
102.791
116.727
130.382
143.716
156.692
169.27
181.417
193.096
204.274
214.921
225.004
234.496
243.37
251.601
259.165
266.04
272.208
277.651
282.353
286.301
289.484
291.892
293.519
294.358
294.406
293.667
292.138
289.822
286.727
282.861
278.231
272.851
266.736
259.902
252.365
244.147
235.27
225.757
215.634
204.928
193.67
181.889
169.617
156.888
143.735
130.198
116.319
102.133
87.681
73.0025
58.1392
43.1334
28.0279
12.8658
-2.3093
-17.4537
-32.5238
-47.4759
-62.2667
-76.8534
-91.1935
-105.245
-118.968
-132.322
-145.268
-157.769
-169.787
-181.29
-192.243
-202.615
-212.376
-221.5
-229.959
-237.73
-244.792
-251.127
-256.72
-261.553
-265.611
-268.889
-271.384
-273.086
-273.995
-274.113
-273.443
-271.99
-269.763
-266.774
-263.035
-258.563
-253.377
-247.498
-240.947
-233.752
-225.938
-217.535
-208.575
-199.09
-189.116
-178.689
-167.847
-156.629
-145.076
-133.229
-121.132
-108.829
-96.3631
-83.7801
-71.1258
-58.446
-45.7871
-33.1952
-20.7168
-8.39809
3.71531
15.578
27.1452
38.3728
49.2177
59.6376
69.5915
79.0394
87.9427
96.2648
103.97
111.024
117.396
123.054
127.973
132.125
135.487
138.038
139.757
140.63
140.64
139.778
138.036
135.405
131.88
127.462
122.152
115.955
108.877
100.928
92.1184
82.4647
71.9834
60.6941
48.6188
35.7817
22.2093
7.93026
-7.02504
-22.6241
-38.8325
-55.6146
-72.933
-90.7496
-109.028
-127.723
-146.788
-166.185
-185.872
-205.805
-225.941
-246.236
-266.648
-287.133
-307.651
-328.158
-348.615
-368.982
-389.221
-409.296
-429.169
-448.809
-468.184
-487.263
-506.017
-524.421
-542.451
-560.087
-577.307
-594.092
-610.429
-626.303
-641.697
-656.591
-670.964
-684.798
-698.08
-710.794
-722.929
-734.474
-745.416
-755.742
-765.441
-774.505
-782.926
-790.695
-797.809
-804.264
-810.062
-815.204
-819.696
-823.545
-826.764
-829.364
-831.361
-832.771
-833.612
-833.906
-833.668
-832.922
-831.686
-829.982
-827.827
-825.242
-822.246
-818.859
-815.099
-810.986
-806.539
-801.775
-796.714
-791.374
-785.774
-779.931
-773.864
-767.591
-761.129
-754.496
-747.707
-740.782
-733.736
-726.585
-719.344
-712.029
-704.654
-697.234
-689.783
-682.313
-674.839
-667.373
-659.926
-652.509
-645.136
-637.815
-630.557
-623.372
-616.27
-609.259
-602.35
-595.549
-588.865
-582.306
-575.88
-569.593
-563.454
-557.47
-551.646
-545.99
-540.509
-535.208
-530.095
-525.176
-520.458
-515.947
-511.651
-507.577
-503.732
-500.124
-496.761
-493.652
-490.806
-488.234
-485.947
-483.96
-482.285
-480.942
-479.95
-479.337
-479.128
)
