FoamFile 
{ 
    version     2.0; 
    format      ascii; 
    class       faceList; 
    object      faces; 
} 
// **********************************************************************// 
    
466  
(   
4(1589 1590 3646 3645) 
4(1590 1591 3647 3646) 
4(1591 1592 3648 3647) 
4(1592 1593 3649 3648) 
4(1593 1594 3650 3649) 
4(1594 1595 3651 3650) 
4(1595 1596 3652 3651) 
4(1596 1597 3653 3652) 
4(1597 1598 3654 3653) 
4(1598 1599 3655 3654) 
4(1599 1600 3656 3655) 
4(1600 1601 3657 3656) 
4(1601 1602 3658 3657) 
4(1602 1603 3659 3658) 
4(1603 1604 3660 3659) 
4(1604 1605 3661 3660) 
4(1605 1606 3662 3661) 
4(1606 1607 3663 3662) 
4(1607 1608 3664 3663) 
4(1608 1609 3665 3664) 
4(1609 1610 3666 3665) 
4(1610 1611 3667 3666) 
4(1611 1612 3668 3667) 
4(1612 1613 3669 3668) 
4(1613 1614 3670 3669) 
4(1614 1615 3671 3670) 
4(1615 1616 3672 3671) 
4(1616 1617 3673 3672) 
4(1617 1618 3674 3673) 
4(1618 1619 3675 3674) 
4(1619 1620 3676 3675) 
4(1620 1621 3677 3676) 
4(1621 1622 3678 3677) 
4(1622 1623 3679 3678) 
4(1623 1624 3680 3679) 
4(1624 1625 3681 3680) 
4(1625 1626 3682 3681) 
4(1626 1627 3683 3682) 
4(1627 1628 3684 3683) 
4(1628 1629 3685 3684) 
4(1629 1630 3686 3685) 
4(1630 1631 3687 3686) 
4(1631 1632 3688 3687) 
4(1632 1633 3689 3688) 
4(1633 1634 3690 3689) 
4(1634 1635 3691 3690) 
4(1635 1636 3692 3691) 
4(1636 1637 3693 3692) 
4(1637 1638 3694 3693) 
4(1638 1639 3695 3694) 
4(1639 1640 3696 3695) 
4(1640 1641 3697 3696) 
4(1641 1642 3698 3697) 
4(1642 1643 3699 3698) 
4(1643 1644 3700 3699) 
4(1644 1645 3701 3700) 
4(1645 1646 3702 3701) 
4(1646 1647 3703 3702) 
4(1647 1648 3704 3703) 
4(1648 1649 3705 3704) 
4(1649 1650 3706 3705) 
4(1650 1651 3707 3706) 
4(1651 1652 3708 3707) 
4(1652 1653 3709 3708) 
4(1653 1654 3710 3709) 
4(1654 1655 3711 3710) 
4(1655 1656 3712 3711) 
4(1656 1657 3713 3712) 
4(1657 1658 3714 3713) 
4(1658 1659 3715 3714) 
4(1659 1660 3716 3715) 
4(1660 1661 3717 3716) 
4(1661 1662 3718 3717) 
4(1662 1663 3719 3718) 
4(1663 1664 3720 3719) 
4(1664 1665 3721 3720) 
4(1665 1666 3722 3721) 
4(1666 1667 3723 3722) 
4(1667 1668 3724 3723) 
4(1668 1669 3725 3724) 
4(1669 1670 3726 3725) 
4(1670 1671 3727 3726) 
4(1671 1672 3728 3727) 
4(1672 1673 3729 3728) 
4(1673 1674 3730 3729) 
4(1674 1675 3731 3730) 
4(1675 1676 3732 3731) 
4(1676 1677 3733 3732) 
4(1677 1678 3734 3733) 
4(1678 1679 3735 3734) 
4(1679 1680 3736 3735) 
4(1680 1681 3737 3736) 
4(1681 1682 3738 3737) 
4(1682 1683 3739 3738) 
4(1683 1684 3740 3739) 
4(1684 1685 3741 3740) 
4(1685 1686 3742 3741) 
4(1686 1687 3743 3742) 
4(1687 1688 3744 3743) 
4(1688 1689 3745 3744) 
4(1689 1690 3746 3745) 
4(1690 1691 3747 3746) 
4(1691 1692 3748 3747) 
4(1692 1693 3749 3748) 
4(1693 1694 3750 3749) 
4(1694 1695 3751 3750) 
4(1695 1696 3752 3751) 
4(1696 1697 3753 3752) 
4(1697 1698 3754 3753) 
4(1698 1699 3755 3754) 
4(1699 1700 3756 3755) 
4(1700 1701 3757 3756) 
4(1701 1702 3758 3757) 
4(1702 1703 3759 3758) 
4(1703 1704 3760 3759) 
4(1704 1705 3761 3760) 
4(1705 1706 3762 3761) 
4(1706 1707 3763 3762) 
4(1707 1708 3764 3763) 
4(1708 1709 3765 3764) 
4(1709 1710 3766 3765) 
4(1710 1711 3767 3766) 
4(1711 1712 3768 3767) 
4(1712 1713 3769 3768) 
4(1713 1714 3770 3769) 
4(1714 1715 3771 3770) 
4(1715 1716 3772 3771) 
4(1716 1717 3773 3772) 
4(1717 1718 3774 3773) 
4(1718 1719 3775 3774) 
4(1719 1720 3776 3775) 
4(1720 1721 3777 3776) 
4(1721 1722 3778 3777) 
4(1722 1723 3779 3778) 
4(1723 1724 3780 3779) 
4(1724 1725 3781 3780) 
4(1725 1726 3782 3781) 
4(1726 1727 3783 3782) 
4(1727 1728 3784 3783) 
4(1728 1729 3785 3784) 
4(1729 1730 3786 3785) 
4(1730 1731 3787 3786) 
4(1731 1732 3788 3787) 
4(1732 1733 3789 3788) 
4(1733 1734 3790 3789) 
4(1734 1735 3791 3790) 
4(1735 1736 3792 3791) 
4(1736 1737 3793 3792) 
4(1737 1738 3794 3793) 
4(1738 1739 3795 3794) 
4(1739 1740 3796 3795) 
4(1740 1741 3797 3796) 
4(1741 1742 3798 3797) 
4(1742 1743 3799 3798) 
4(1743 1744 3800 3799) 
4(1744 1745 3801 3800) 
4(1745 1746 3802 3801) 
4(1746 1747 3803 3802) 
4(1747 1748 3804 3803) 
4(1748 1749 3805 3804) 
4(1749 1750 3806 3805) 
4(1750 1751 3807 3806) 
4(1751 1752 3808 3807) 
4(1752 1753 3809 3808) 
4(1753 1754 3810 3809) 
4(1754 1755 3811 3810) 
4(1755 1756 3812 3811) 
4(1756 1757 3813 3812) 
4(1757 1758 3814 3813) 
4(1758 1759 3815 3814) 
4(1759 1760 3816 3815) 
4(1760 1761 3817 3816) 
4(1761 1762 3818 3817) 
4(1762 1763 3819 3818) 
4(1763 1764 3820 3819) 
4(1764 1765 3821 3820) 
4(1765 1766 3822 3821) 
4(1766 1767 3823 3822) 
4(1767 1768 3824 3823) 
4(1768 1769 3825 3824) 
4(1769 1770 3826 3825) 
4(1770 1771 3827 3826) 
4(1771 1772 3828 3827) 
4(1772 1773 3829 3828) 
4(1773 1774 3830 3829) 
4(1774 1775 3831 3830) 
4(1775 1776 3832 3831) 
4(1776 1777 3833 3832) 
4(1777 1778 3834 3833) 
4(1778 1779 3835 3834) 
4(1779 1780 3836 3835) 
4(1780 1781 3837 3836) 
4(1781 1782 3838 3837) 
4(1782 1783 3839 3838) 
4(1783 1784 3840 3839) 
4(1784 1785 3841 3840) 
4(1785 1786 3842 3841) 
4(1786 1787 3843 3842) 
4(1787 1788 3844 3843) 
4(1788 1789 3845 3844) 
4(1789 1790 3846 3845) 
4(1790 1791 3847 3846) 
4(1791 1792 3848 3847) 
4(1792 1793 3849 3848) 
4(1793 1794 3850 3849) 
4(1794 1795 3851 3850) 
4(1795 1796 3852 3851) 
4(1796 1797 3853 3852) 
4(1797 1798 3854 3853) 
4(1798 1799 3855 3854) 
4(1799 1800 3856 3855) 
4(1800 1801 3857 3856) 
4(1801 1802 3858 3857) 
4(1802 1803 3859 3858) 
4(1803 1804 3860 3859) 
4(1804 1805 3861 3860) 
4(1805 1806 3862 3861) 
4(1806 1807 3863 3862) 
4(1807 1808 3864 3863) 
4(1808 1809 3865 3864) 
4(1809 1810 3866 3865) 
4(1810 1811 3867 3866) 
4(1811 1812 3868 3867) 
4(1812 1813 3869 3868) 
4(1813 1814 3870 3869) 
4(1814 1815 3871 3870) 
4(1815 1816 3872 3871) 
4(1816 1817 3873 3872) 
4(1817 1818 3874 3873) 
4(1818 1819 3875 3874) 
4(1819 1820 3876 3875) 
4(1820 1821 3877 3876) 
4(1821 1822 3878 3877) 
4(1822 1823 3879 3878) 
4(1823 1824 3880 3879) 
4(1824 1825 3881 3880) 
4(1825 1826 3882 3881) 
4(1826 1827 3883 3882) 
4(1827 1828 3884 3883) 
4(1828 1829 3885 3884) 
4(1829 1830 3886 3885) 
4(1830 1831 3887 3886) 
4(1831 1832 3888 3887) 
4(1832 1833 3889 3888) 
4(1833 1834 3890 3889) 
4(1834 1835 3891 3890) 
4(1835 1836 3892 3891) 
4(1836 1837 3893 3892) 
4(1837 1838 3894 3893) 
4(1838 1839 3895 3894) 
4(1839 1840 3896 3895) 
4(1840 1841 3897 3896) 
4(1841 1842 3898 3897) 
4(1842 1843 3899 3898) 
4(1843 1844 3900 3899) 
4(1844 1845 3901 3900) 
4(1845 1846 3902 3901) 
4(1846 1847 3903 3902) 
4(1847 1848 3904 3903) 
4(1848 1849 3905 3904) 
4(1849 1850 3906 3905) 
4(1850 1851 3907 3906) 
4(1851 1852 3908 3907) 
4(1852 1853 3909 3908) 
4(1853 1854 3910 3909) 
4(1854 1855 3911 3910) 
4(1855 1856 3912 3911) 
4(1856 1857 3913 3912) 
4(1857 1858 3914 3913) 
4(1858 1859 3915 3914) 
4(1859 1860 3916 3915) 
4(1860 1861 3917 3916) 
4(1861 1862 3918 3917) 
4(1862 1863 3919 3918) 
4(1863 1864 3920 3919) 
4(1864 1865 3921 3920) 
4(1865 1866 3922 3921) 
4(1866 1867 3923 3922) 
4(1867 1868 3924 3923) 
4(1868 1869 3925 3924) 
4(1869 1870 3926 3925) 
4(1870 1871 3927 3926) 
4(1871 1872 3928 3927) 
4(1872 1873 3929 3928) 
4(1873 1874 3930 3929) 
4(1874 1875 3931 3930) 
4(1875 1876 3932 3931) 
4(1876 1877 3933 3932) 
4(1877 1878 3934 3933) 
4(1878 1879 3935 3934) 
4(1879 1880 3936 3935) 
4(1880 1881 3937 3936) 
4(1881 1882 3938 3937) 
4(1882 1883 3939 3938) 
4(1883 1884 3940 3939) 
4(1884 1885 3941 3940) 
4(1885 1886 3942 3941) 
4(1886 1887 3943 3942) 
4(1887 1888 3944 3943) 
4(1888 1889 3945 3944) 
4(1889 1890 3946 3945) 
4(1890 1891 3947 3946) 
4(1891 1892 3948 3947) 
4(1892 1893 3949 3948) 
4(1893 1894 3950 3949) 
4(1894 1895 3951 3950) 
4(1895 1896 3952 3951) 
4(1896 1897 3953 3952) 
4(1897 1898 3954 3953) 
4(1898 1899 3955 3954) 
4(1899 1900 3956 3955) 
4(1900 1901 3957 3956) 
4(1901 1902 3958 3957) 
4(1902 1903 3959 3958) 
4(1903 1904 3960 3959) 
4(1904 1905 3961 3960) 
4(1905 1906 3962 3961) 
4(1906 1907 3963 3962) 
4(1907 1908 3964 3963) 
4(1908 1909 3965 3964) 
4(1909 1910 3966 3965) 
4(1910 1911 3967 3966) 
4(1911 1912 3968 3967) 
4(1912 1913 3969 3968) 
4(1913 1914 3970 3969) 
4(1914 1915 3971 3970) 
4(1915 1916 3972 3971) 
4(1916 1917 3973 3972) 
4(1917 1918 3974 3973) 
4(1918 1919 3975 3974) 
4(1919 1920 3976 3975) 
4(1920 1921 3977 3976) 
4(1921 1922 3978 3977) 
4(1922 1923 3979 3978) 
4(1923 1924 3980 3979) 
4(1924 1925 3981 3980) 
4(1925 1926 3982 3981) 
4(1926 1927 3983 3982) 
4(1927 1928 3984 3983) 
4(1928 1929 3985 3984) 
4(1929 1930 3986 3985) 
4(1930 1931 3987 3986) 
4(1931 1932 3988 3987) 
4(1932 1933 3989 3988) 
4(1933 1934 3990 3989) 
4(1934 1935 3991 3990) 
4(1935 1936 3992 3991) 
4(1936 1937 3993 3992) 
4(1937 1938 3994 3993) 
4(1938 1939 3995 3994) 
4(1939 1940 3996 3995) 
4(1940 1941 3997 3996) 
4(1941 1942 3998 3997) 
4(1942 1943 3999 3998) 
4(1943 1944 4000 3999) 
4(1944 1945 4001 4000) 
4(1945 1946 4002 4001) 
4(1946 1947 4003 4002) 
4(1947 1948 4004 4003) 
4(1948 1949 4005 4004) 
4(1949 1950 4006 4005) 
4(1950 1951 4007 4006) 
4(1951 1952 4008 4007) 
4(1952 1953 4009 4008) 
4(1953 1954 4010 4009) 
4(1954 1955 4011 4010) 
4(1955 1956 4012 4011) 
4(1956 1957 4013 4012) 
4(1957 1958 4014 4013) 
4(1958 1959 4015 4014) 
4(1959 1960 4016 4015) 
4(1960 1961 4017 4016) 
4(1961 1962 4018 4017) 
4(1962 1963 4019 4018) 
4(1963 1964 4020 4019) 
4(1964 1965 4021 4020) 
4(1965 1966 4022 4021) 
4(1966 1967 4023 4022) 
4(1967 1968 4024 4023) 
4(1968 1969 4025 4024) 
4(1969 1970 4026 4025) 
4(1970 1971 4027 4026) 
4(1971 1972 4028 4027) 
4(1972 1973 4029 4028) 
4(1973 1974 4030 4029) 
4(1974 1975 4031 4030) 
4(1975 1976 4032 4031) 
4(1976 1977 4033 4032) 
4(1977 1978 4034 4033) 
4(1978 1979 4035 4034) 
4(1979 1980 4036 4035) 
4(1980 1981 4037 4036) 
4(1981 1982 4038 4037) 
4(1982 1983 4039 4038) 
4(1983 1984 4040 4039) 
4(1984 1985 4041 4040) 
4(1985 1986 4042 4041) 
4(1986 1987 4043 4042) 
4(1987 1988 4044 4043) 
4(1988 1989 4045 4044) 
4(1989 1990 4046 4045) 
4(1990 1991 4047 4046) 
4(1991 1992 4048 4047) 
4(1992 1993 4049 4048) 
4(1993 1994 4050 4049) 
4(1994 1995 4051 4050) 
4(1995 1996 4052 4051) 
4(1996 1997 4053 4052) 
4(1997 1998 4054 4053) 
4(1998 1999 4055 4054) 
4(1999 2000 4056 4055) 
4(2000 2001 4057 4056) 
4(2001 2002 4058 4057) 
4(2002 2003 4059 4058) 
4(2003 2004 4060 4059) 
4(2004 2005 4061 4060) 
4(2005 2006 4062 4061) 
4(2006 2007 4063 4062) 
4(2007 2008 4064 4063) 
4(2008 2009 4065 4064) 
4(2009 2010 4066 4065) 
4(2010 2011 4067 4066) 
4(2011 2012 4068 4067) 
4(2012 2013 4069 4068) 
4(2013 2014 4070 4069) 
4(2014 2015 4071 4070) 
4(2015 2016 4072 4071) 
4(2016 2017 4073 4072) 
4(2017 2018 4074 4073) 
4(2018 2019 4075 4074) 
4(2019 2020 4076 4075) 
4(2020 2021 4077 4076) 
4(2021 2022 4078 4077) 
4(2022 2023 4079 4078) 
4(2023 2024 4080 4079) 
4(2024 2025 4081 4080) 
4(2025 2026 4082 4081) 
4(2026 2027 4083 4082) 
4(2027 2028 4084 4083) 
4(2028 2029 4085 4084) 
4(2029 2030 4086 4085) 
4(2030 2031 4087 4086) 
4(2031 2032 4088 4087) 
4(2032 2033 4089 4088) 
4(2033 2034 4090 4089) 
4(2034 2035 4091 4090) 
4(2035 2036 4092 4091) 
4(2036 2037 4093 4092) 
4(2037 2038 4094 4093) 
4(2038 2039 4095 4094) 
4(2039 2040 4096 4095) 
4(2040 2041 4097 4096) 
4(2041 2042 4098 4097) 
4(2042 2043 4099 4098) 
4(2043 2044 4100 4099) 
4(2044 2045 4101 4100) 
4(2045 2046 4102 4101) 
4(2046 2047 4103 4102) 
4(2047 2048 4104 4103) 
4(2048 2049 4105 4104) 
4(2049 2050 4106 4105) 
4(2050 2051 4107 4106) 
4(2051 2052 4108 4107) 
4(2052 2053 4109 4108) 
4(2053 2054 4110 4109) 
4(2054 2055 4111 4110) 
);  

