FoamFile 
{ 
    version     2.0; 
    format      ascii; 
    class       vectorField; 
    object      points; 
} 
// **********************************************************************// 
    
934  
(   
(317.80 0.00 -8.00) 
(318.00 0.00 -8.00) 
(318.20 0.00 -8.00) 
(318.40 0.00 -8.00) 
(318.60 0.00 -8.00) 
(318.80 0.00 -8.00) 
(319.00 0.00 -8.00) 
(319.20 0.00 -8.00) 
(319.40 0.00 -8.00) 
(319.60 0.00 -8.00) 
(319.80 0.00 -8.00) 
(320.00 0.00 -8.00) 
(320.20 0.00 -8.00) 
(320.40 0.00 -8.00) 
(320.60 0.00 -8.00) 
(320.80 0.00 -8.00) 
(321.00 0.00 -8.00) 
(321.20 0.00 -8.00) 
(321.40 0.00 -8.00) 
(321.60 0.00 -8.00) 
(321.80 0.00 -8.00) 
(322.00 0.00 -8.00) 
(322.20 0.00 -8.00) 
(322.40 0.00 -8.00) 
(322.60 0.00 -8.00) 
(322.80 0.00 -8.00) 
(323.00 0.00 -8.00) 
(323.20 0.00 -8.00) 
(323.40 0.00 -8.00) 
(323.60 0.00 -8.00) 
(323.80 0.00 -8.00) 
(324.00 0.00 -8.00) 
(324.20 0.00 -8.00) 
(324.40 0.00 -8.00) 
(324.60 0.00 -8.00) 
(324.80 0.00 -8.00) 
(325.00 0.00 -8.00) 
(325.20 0.00 -8.00) 
(325.40 0.00 -8.00) 
(325.60 0.00 -8.00) 
(325.80 0.00 -8.00) 
(326.00 0.00 -8.00) 
(326.20 0.00 -8.00) 
(326.40 0.00 -8.00) 
(326.60 0.00 -8.00) 
(326.80 0.00 -8.00) 
(327.00 0.00 -8.00) 
(327.20 0.00 -8.00) 
(327.40 0.00 -8.00) 
(327.60 0.00 -8.00) 
(327.80 0.00 -8.00) 
(328.00 0.00 -8.00) 
(328.20 0.00 -8.00) 
(328.40 0.00 -8.00) 
(328.60 0.00 -8.00) 
(328.80 0.00 -8.00) 
(329.00 0.00 -8.00) 
(329.20 0.00 -8.00) 
(329.40 0.00 -8.00) 
(329.60 0.00 -8.00) 
(329.80 0.00 -8.00) 
(330.00 0.00 -8.00) 
(330.20 0.00 -8.00) 
(330.40 0.00 -8.00) 
(330.60 0.00 -8.00) 
(330.80 0.00 -8.00) 
(331.00 0.00 -8.00) 
(331.20 0.00 -8.00) 
(331.40 0.00 -8.00) 
(331.60 0.00 -8.00) 
(331.80 0.00 -8.00) 
(332.00 0.00 -8.00) 
(332.20 0.00 -8.00) 
(332.40 0.00 -8.00) 
(332.60 0.00 -8.00) 
(332.80 0.00 -8.00) 
(333.00 0.00 -8.00) 
(333.20 0.00 -8.00) 
(333.40 0.00 -8.00) 
(333.60 0.00 -8.00) 
(333.80 0.00 -8.00) 
(334.00 0.00 -8.00) 
(334.20 0.00 -8.00) 
(334.40 0.00 -8.00) 
(334.60 0.00 -8.00) 
(334.80 0.00 -8.00) 
(335.00 0.00 -8.00) 
(335.20 0.00 -8.00) 
(335.40 0.00 -8.00) 
(335.60 0.00 -8.00) 
(335.80 0.00 -8.00) 
(336.00 0.00 -8.00) 
(336.20 0.00 -8.00) 
(336.40 0.00 -8.00) 
(336.60 0.00 -8.00) 
(336.80 0.00 -8.00) 
(337.00 0.00 -8.00) 
(337.20 0.00 -8.00) 
(337.40 0.00 -8.00) 
(337.60 0.00 -8.00) 
(337.80 0.00 -8.00) 
(338.00 0.00 -8.00) 
(338.20 0.00 -8.00) 
(338.40 0.00 -8.00) 
(338.60 0.00 -8.00) 
(338.80 0.00 -8.00) 
(339.00 0.00 -8.00) 
(339.20 0.00 -8.00) 
(339.40 0.00 -8.00) 
(339.60 0.00 -8.00) 
(339.80 0.00 -8.00) 
(340.00 0.00 -8.00) 
(340.20 0.00 -8.00) 
(340.40 0.00 -8.00) 
(340.60 0.00 -8.00) 
(340.80 0.00 -8.00) 
(341.00 0.00 -8.00) 
(341.20 0.00 -8.00) 
(341.40 0.00 -8.00) 
(341.60 0.00 -8.00) 
(341.80 0.00 -8.00) 
(342.00 0.00 -8.00) 
(342.20 0.00 -8.00) 
(342.40 0.00 -8.00) 
(342.60 0.00 -8.00) 
(342.80 0.00 -8.00) 
(343.00 0.00 -8.00) 
(343.20 0.00 -8.00) 
(343.40 0.00 -8.00) 
(343.60 0.00 -8.00) 
(343.80 0.00 -8.00) 
(344.00 0.00 -8.00) 
(344.20 0.00 -8.00) 
(344.40 0.00 -8.00) 
(344.60 0.00 -8.00) 
(344.80 0.00 -8.00) 
(345.00 0.00 -8.00) 
(345.20 0.00 -8.00) 
(345.40 0.00 -8.00) 
(345.60 0.00 -8.00) 
(345.80 0.00 -8.00) 
(346.00 0.00 -8.00) 
(346.20 0.00 -8.00) 
(346.40 0.00 -8.00) 
(346.60 0.00 -8.00) 
(346.80 0.00 -8.00) 
(347.00 0.00 -8.00) 
(347.20 0.00 -8.00) 
(347.40 0.00 -8.00) 
(347.60 0.00 -8.00) 
(347.80 0.00 -8.00) 
(348.00 0.00 -8.00) 
(348.20 0.00 -8.00) 
(348.40 0.00 -8.00) 
(348.60 0.00 -8.00) 
(348.80 0.00 -8.00) 
(349.00 0.00 -8.00) 
(349.20 0.00 -8.00) 
(349.40 0.00 -8.00) 
(349.60 0.00 -8.00) 
(349.80 0.00 -8.00) 
(350.00 0.00 -8.00) 
(350.20 0.00 -8.00) 
(350.40 0.00 -8.00) 
(350.60 0.00 -8.00) 
(350.80 0.00 -8.00) 
(351.00 0.00 -8.00) 
(351.20 0.00 -8.00) 
(351.40 0.00 -8.00) 
(351.60 0.00 -8.00) 
(351.80 0.00 -8.00) 
(352.00 0.00 -8.00) 
(352.20 0.00 -8.00) 
(352.40 0.00 -8.00) 
(352.60 0.00 -8.00) 
(352.80 0.00 -8.00) 
(353.00 0.00 -8.00) 
(353.20 0.00 -8.00) 
(353.40 0.00 -8.00) 
(353.60 0.00 -8.00) 
(353.80 0.00 -8.00) 
(354.00 0.00 -8.00) 
(354.20 0.00 -8.00) 
(354.40 0.00 -8.00) 
(354.60 0.00 -8.00) 
(354.80 0.00 -8.00) 
(355.00 0.00 -8.00) 
(355.20 0.00 -8.00) 
(355.40 0.00 -8.00) 
(355.60 0.00 -8.00) 
(355.80 0.00 -8.00) 
(356.00 0.00 -8.00) 
(356.20 0.00 -8.00) 
(356.40 0.00 -8.00) 
(356.60 0.00 -8.00) 
(356.80 0.00 -8.00) 
(357.00 0.00 -8.00) 
(357.20 0.00 -8.00) 
(357.40 0.00 -8.00) 
(357.60 0.00 -8.00) 
(357.80 0.00 -8.00) 
(358.00 0.00 -8.00) 
(358.20 0.00 -8.00) 
(358.40 0.00 -8.00) 
(358.60 0.00 -8.00) 
(358.80 0.00 -8.00) 
(359.00 0.00 -8.00) 
(359.20 0.00 -8.00) 
(359.40 0.00 -8.00) 
(359.60 0.00 -8.00) 
(359.80 0.00 -8.00) 
(360.00 0.00 -8.00) 
(360.20 0.00 -8.00) 
(360.40 0.00 -8.00) 
(360.60 0.00 -8.00) 
(360.80 0.00 -8.00) 
(361.00 0.00 -8.00) 
(361.20 0.00 -8.00) 
(361.40 0.00 -8.00) 
(361.60 0.00 -8.00) 
(361.80 0.00 -8.00) 
(362.00 0.00 -8.00) 
(362.20 0.00 -8.00) 
(362.40 0.00 -8.00) 
(362.60 0.00 -8.00) 
(362.80 0.00 -8.00) 
(363.00 0.00 -8.00) 
(363.20 0.00 -8.00) 
(363.40 0.00 -8.00) 
(363.60 0.00 -8.00) 
(363.80 0.00 -8.00) 
(364.00 0.00 -8.00) 
(364.20 0.00 -8.00) 
(364.40 0.00 -8.00) 
(364.60 0.00 -8.00) 
(364.80 0.00 -8.00) 
(365.00 0.00 -8.00) 
(365.20 0.00 -8.00) 
(365.40 0.00 -8.00) 
(365.60 0.00 -8.00) 
(365.80 0.00 -8.00) 
(366.00 0.00 -8.00) 
(366.20 0.00 -8.00) 
(366.40 0.00 -8.00) 
(366.60 0.00 -8.00) 
(366.80 0.00 -8.00) 
(367.00 0.00 -8.00) 
(367.20 0.00 -8.00) 
(367.40 0.00 -8.00) 
(367.60 0.00 -8.00) 
(367.80 0.00 -8.00) 
(368.00 0.00 -8.00) 
(368.20 0.00 -8.00) 
(368.40 0.00 -8.00) 
(368.60 0.00 -8.00) 
(368.80 0.00 -8.00) 
(369.00 0.00 -8.00) 
(369.20 0.00 -8.00) 
(369.40 0.00 -8.00) 
(369.60 0.00 -8.00) 
(369.80 0.00 -8.00) 
(370.00 0.00 -8.00) 
(370.20 0.00 -8.00) 
(370.40 0.00 -8.00) 
(370.60 0.00 -8.00) 
(370.80 0.00 -8.00) 
(371.00 0.00 -8.00) 
(371.20 0.00 -8.00) 
(371.40 0.00 -8.00) 
(371.60 0.00 -8.00) 
(371.80 0.00 -8.00) 
(372.00 0.00 -8.00) 
(372.20 0.00 -8.00) 
(372.40 0.00 -8.00) 
(372.60 0.00 -8.00) 
(372.80 0.00 -8.00) 
(373.00 0.00 -8.00) 
(373.20 0.00 -8.00) 
(373.40 0.00 -8.00) 
(373.60 0.00 -8.00) 
(373.80 0.00 -8.00) 
(374.00 0.00 -8.00) 
(374.20 0.00 -8.00) 
(374.40 0.00 -8.00) 
(374.60 0.00 -8.00) 
(374.80 0.00 -8.00) 
(375.00 0.00 -8.00) 
(375.20 0.00 -8.00) 
(375.40 0.00 -8.00) 
(375.60 0.00 -8.00) 
(375.80 0.00 -8.00) 
(376.00 0.00 -8.00) 
(376.20 0.00 -8.00) 
(376.40 0.00 -8.00) 
(376.60 0.00 -8.00) 
(376.80 0.00 -8.00) 
(377.00 0.00 -8.00) 
(377.20 0.00 -8.00) 
(377.40 0.00 -8.00) 
(377.60 0.00 -8.00) 
(377.80 0.00 -8.00) 
(378.00 0.00 -8.00) 
(378.20 0.00 -8.00) 
(378.40 0.00 -8.00) 
(378.60 0.00 -8.00) 
(378.80 0.00 -8.00) 
(379.00 0.00 -8.00) 
(379.20 0.00 -8.00) 
(379.40 0.00 -8.00) 
(379.60 0.00 -8.00) 
(379.80 0.00 -8.00) 
(380.00 0.00 -8.00) 
(380.20 0.00 -8.00) 
(380.40 0.00 -8.00) 
(380.60 0.00 -8.00) 
(380.80 0.00 -8.00) 
(381.00 0.00 -8.00) 
(381.20 0.00 -8.00) 
(381.40 0.00 -8.00) 
(381.60 0.00 -8.00) 
(381.80 0.00 -8.00) 
(382.00 0.00 -8.00) 
(382.20 0.00 -8.00) 
(382.40 0.00 -8.00) 
(382.60 0.00 -8.00) 
(382.80 0.00 -8.00) 
(383.00 0.00 -8.00) 
(383.20 0.00 -8.00) 
(383.40 0.00 -8.00) 
(383.60 0.00 -8.00) 
(383.80 0.00 -8.00) 
(384.00 0.00 -8.00) 
(384.20 0.00 -8.00) 
(384.40 0.00 -8.00) 
(384.60 0.00 -8.00) 
(384.80 0.00 -8.00) 
(385.00 0.00 -8.00) 
(385.20 0.00 -8.00) 
(385.40 0.00 -8.00) 
(385.60 0.00 -8.00) 
(385.80 0.00 -8.00) 
(386.00 0.00 -8.00) 
(386.20 0.00 -8.00) 
(386.40 0.00 -8.00) 
(386.60 0.00 -8.00) 
(386.80 0.00 -8.00) 
(387.00 0.00 -8.00) 
(387.20 0.00 -8.00) 
(387.40 0.00 -8.00) 
(387.60 0.00 -8.00) 
(387.80 0.00 -8.00) 
(388.00 0.00 -8.00) 
(388.20 0.00 -8.00) 
(388.40 0.00 -8.00) 
(388.60 0.00 -8.00) 
(388.80 0.00 -8.00) 
(389.00 0.00 -8.00) 
(389.20 0.00 -8.00) 
(389.40 0.00 -8.00) 
(389.60 0.00 -8.00) 
(389.80 0.00 -8.00) 
(390.00 0.00 -8.00) 
(390.20 0.00 -8.00) 
(390.40 0.00 -8.00) 
(390.60 0.00 -8.00) 
(390.80 0.00 -8.00) 
(391.00 0.00 -8.00) 
(391.20 0.00 -8.00) 
(391.40 0.00 -8.00) 
(391.60 0.00 -8.00) 
(391.80 0.00 -8.00) 
(392.00 0.00 -8.00) 
(392.20 0.00 -8.00) 
(392.40 0.00 -8.00) 
(392.60 0.00 -8.00) 
(392.80 0.00 -8.00) 
(393.00 0.00 -8.00) 
(393.20 0.00 -8.00) 
(393.40 0.00 -8.00) 
(393.60 0.00 -8.00) 
(393.80 0.00 -8.00) 
(394.00 0.00 -8.00) 
(394.20 0.00 -8.00) 
(394.40 0.00 -8.00) 
(394.60 0.00 -8.00) 
(394.80 0.00 -8.00) 
(395.00 0.00 -8.00) 
(395.20 0.00 -8.00) 
(395.40 0.00 -8.00) 
(395.60 0.00 -8.00) 
(395.80 0.00 -8.00) 
(396.00 0.00 -8.00) 
(396.20 0.00 -8.00) 
(396.40 0.00 -8.00) 
(396.60 0.00 -8.00) 
(396.80 0.00 -8.00) 
(397.00 0.00 -8.00) 
(397.20 0.00 -8.00) 
(397.40 0.00 -8.00) 
(397.60 0.00 -8.00) 
(397.80 0.00 -8.00) 
(398.00 0.00 -8.00) 
(398.20 0.00 -8.00) 
(398.40 0.00 -8.00) 
(398.60 0.00 -8.00) 
(398.80 0.00 -8.00) 
(399.00 0.00 -8.00) 
(399.20 0.00 -8.00) 
(399.40 0.00 -8.00) 
(399.60 0.00 -8.00) 
(399.80 0.00 -8.00) 
(400.00 0.00 -8.00) 
(400.20 0.00 -8.00) 
(400.40 0.00 -8.00) 
(400.60 0.00 -8.00) 
(400.80 0.00 -8.00) 
(401.00 0.00 -8.00) 
(401.20 0.00 -8.00) 
(401.40 0.00 -8.00) 
(401.60 0.00 -8.00) 
(401.80 0.00 -8.00) 
(402.00 0.00 -8.00) 
(402.20 0.00 -8.00) 
(402.40 0.00 -8.00) 
(402.60 0.00 -8.00) 
(402.80 0.00 -8.00) 
(403.00 0.00 -8.00) 
(403.20 0.00 -8.00) 
(403.40 0.00 -8.00) 
(403.60 0.00 -8.00) 
(403.80 0.00 -8.00) 
(404.00 0.00 -8.00) 
(404.20 0.00 -8.00) 
(404.40 0.00 -8.00) 
(404.60 0.00 -8.00) 
(404.80 0.00 -8.00) 
(405.00 0.00 -8.00) 
(405.20 0.00 -8.00) 
(405.40 0.00 -8.00) 
(405.60 0.00 -8.00) 
(405.80 0.00 -8.00) 
(406.00 0.00 -8.00) 
(406.20 0.00 -8.00) 
(406.40 0.00 -8.00) 
(406.60 0.00 -8.00) 
(406.80 0.00 -8.00) 
(407.00 0.00 -8.00) 
(407.20 0.00 -8.00) 
(407.40 0.00 -8.00) 
(407.60 0.00 -8.00) 
(407.80 0.00 -8.00) 
(408.00 0.00 -8.00) 
(408.20 0.00 -8.00) 
(408.40 0.00 -8.00) 
(408.60 0.00 -8.00) 
(408.80 0.00 -8.00) 
(409.00 0.00 -8.00) 
(409.20 0.00 -8.00) 
(409.40 0.00 -8.00) 
(409.60 0.00 -8.00) 
(409.80 0.00 -8.00) 
(410.00 0.00 -8.00) 
(410.20 0.00 -8.00) 
(410.40 0.00 -8.00) 
(410.60 0.00 -8.00) 
(410.80 0.00 -8.00) 
(411.00 0.00 -8.00) 
(317.80 0.10 -8.00) 
(318.00 0.10 -8.00) 
(318.20 0.10 -8.00) 
(318.40 0.10 -8.00) 
(318.60 0.10 -8.00) 
(318.80 0.10 -8.00) 
(319.00 0.10 -8.00) 
(319.20 0.10 -8.00) 
(319.40 0.10 -8.00) 
(319.60 0.10 -8.00) 
(319.80 0.10 -8.00) 
(320.00 0.10 -8.00) 
(320.20 0.10 -8.00) 
(320.40 0.10 -8.00) 
(320.60 0.10 -8.00) 
(320.80 0.10 -8.00) 
(321.00 0.10 -8.00) 
(321.20 0.10 -8.00) 
(321.40 0.10 -8.00) 
(321.60 0.10 -8.00) 
(321.80 0.10 -8.00) 
(322.00 0.10 -8.00) 
(322.20 0.10 -8.00) 
(322.40 0.10 -8.00) 
(322.60 0.10 -8.00) 
(322.80 0.10 -8.00) 
(323.00 0.10 -8.00) 
(323.20 0.10 -8.00) 
(323.40 0.10 -8.00) 
(323.60 0.10 -8.00) 
(323.80 0.10 -8.00) 
(324.00 0.10 -8.00) 
(324.20 0.10 -8.00) 
(324.40 0.10 -8.00) 
(324.60 0.10 -8.00) 
(324.80 0.10 -8.00) 
(325.00 0.10 -8.00) 
(325.20 0.10 -8.00) 
(325.40 0.10 -8.00) 
(325.60 0.10 -8.00) 
(325.80 0.10 -8.00) 
(326.00 0.10 -8.00) 
(326.20 0.10 -8.00) 
(326.40 0.10 -8.00) 
(326.60 0.10 -8.00) 
(326.80 0.10 -8.00) 
(327.00 0.10 -8.00) 
(327.20 0.10 -8.00) 
(327.40 0.10 -8.00) 
(327.60 0.10 -8.00) 
(327.80 0.10 -8.00) 
(328.00 0.10 -8.00) 
(328.20 0.10 -8.00) 
(328.40 0.10 -8.00) 
(328.60 0.10 -8.00) 
(328.80 0.10 -8.00) 
(329.00 0.10 -8.00) 
(329.20 0.10 -8.00) 
(329.40 0.10 -8.00) 
(329.60 0.10 -8.00) 
(329.80 0.10 -8.00) 
(330.00 0.10 -8.00) 
(330.20 0.10 -8.00) 
(330.40 0.10 -8.00) 
(330.60 0.10 -8.00) 
(330.80 0.10 -8.00) 
(331.00 0.10 -8.00) 
(331.20 0.10 -8.00) 
(331.40 0.10 -8.00) 
(331.60 0.10 -8.00) 
(331.80 0.10 -8.00) 
(332.00 0.10 -8.00) 
(332.20 0.10 -8.00) 
(332.40 0.10 -8.00) 
(332.60 0.10 -8.00) 
(332.80 0.10 -8.00) 
(333.00 0.10 -8.00) 
(333.20 0.10 -8.00) 
(333.40 0.10 -8.00) 
(333.60 0.10 -8.00) 
(333.80 0.10 -8.00) 
(334.00 0.10 -8.00) 
(334.20 0.10 -8.00) 
(334.40 0.10 -8.00) 
(334.60 0.10 -8.00) 
(334.80 0.10 -8.00) 
(335.00 0.10 -8.00) 
(335.20 0.10 -8.00) 
(335.40 0.10 -8.00) 
(335.60 0.10 -8.00) 
(335.80 0.10 -8.00) 
(336.00 0.10 -8.00) 
(336.20 0.10 -8.00) 
(336.40 0.10 -8.00) 
(336.60 0.10 -8.00) 
(336.80 0.10 -8.00) 
(337.00 0.10 -8.00) 
(337.20 0.10 -8.00) 
(337.40 0.10 -8.00) 
(337.60 0.10 -8.00) 
(337.80 0.10 -8.00) 
(338.00 0.10 -8.00) 
(338.20 0.10 -8.00) 
(338.40 0.10 -8.00) 
(338.60 0.10 -8.00) 
(338.80 0.10 -8.00) 
(339.00 0.10 -8.00) 
(339.20 0.10 -8.00) 
(339.40 0.10 -8.00) 
(339.60 0.10 -8.00) 
(339.80 0.10 -8.00) 
(340.00 0.10 -8.00) 
(340.20 0.10 -8.00) 
(340.40 0.10 -8.00) 
(340.60 0.10 -8.00) 
(340.80 0.10 -8.00) 
(341.00 0.10 -8.00) 
(341.20 0.10 -8.00) 
(341.40 0.10 -8.00) 
(341.60 0.10 -8.00) 
(341.80 0.10 -8.00) 
(342.00 0.10 -8.00) 
(342.20 0.10 -8.00) 
(342.40 0.10 -8.00) 
(342.60 0.10 -8.00) 
(342.80 0.10 -8.00) 
(343.00 0.10 -8.00) 
(343.20 0.10 -8.00) 
(343.40 0.10 -8.00) 
(343.60 0.10 -8.00) 
(343.80 0.10 -8.00) 
(344.00 0.10 -8.00) 
(344.20 0.10 -8.00) 
(344.40 0.10 -8.00) 
(344.60 0.10 -8.00) 
(344.80 0.10 -8.00) 
(345.00 0.10 -8.00) 
(345.20 0.10 -8.00) 
(345.40 0.10 -8.00) 
(345.60 0.10 -8.00) 
(345.80 0.10 -8.00) 
(346.00 0.10 -8.00) 
(346.20 0.10 -8.00) 
(346.40 0.10 -8.00) 
(346.60 0.10 -8.00) 
(346.80 0.10 -8.00) 
(347.00 0.10 -8.00) 
(347.20 0.10 -8.00) 
(347.40 0.10 -8.00) 
(347.60 0.10 -8.00) 
(347.80 0.10 -8.00) 
(348.00 0.10 -8.00) 
(348.20 0.10 -8.00) 
(348.40 0.10 -8.00) 
(348.60 0.10 -8.00) 
(348.80 0.10 -8.00) 
(349.00 0.10 -8.00) 
(349.20 0.10 -8.00) 
(349.40 0.10 -8.00) 
(349.60 0.10 -8.00) 
(349.80 0.10 -8.00) 
(350.00 0.10 -8.00) 
(350.20 0.10 -8.00) 
(350.40 0.10 -8.00) 
(350.60 0.10 -8.00) 
(350.80 0.10 -8.00) 
(351.00 0.10 -8.00) 
(351.20 0.10 -8.00) 
(351.40 0.10 -8.00) 
(351.60 0.10 -8.00) 
(351.80 0.10 -8.00) 
(352.00 0.10 -8.00) 
(352.20 0.10 -8.00) 
(352.40 0.10 -8.00) 
(352.60 0.10 -8.00) 
(352.80 0.10 -8.00) 
(353.00 0.10 -8.00) 
(353.20 0.10 -8.00) 
(353.40 0.10 -8.00) 
(353.60 0.10 -8.00) 
(353.80 0.10 -8.00) 
(354.00 0.10 -8.00) 
(354.20 0.10 -8.00) 
(354.40 0.10 -8.00) 
(354.60 0.10 -8.00) 
(354.80 0.10 -8.00) 
(355.00 0.10 -8.00) 
(355.20 0.10 -8.00) 
(355.40 0.10 -8.00) 
(355.60 0.10 -8.00) 
(355.80 0.10 -8.00) 
(356.00 0.10 -8.00) 
(356.20 0.10 -8.00) 
(356.40 0.10 -8.00) 
(356.60 0.10 -8.00) 
(356.80 0.10 -8.00) 
(357.00 0.10 -8.00) 
(357.20 0.10 -8.00) 
(357.40 0.10 -8.00) 
(357.60 0.10 -8.00) 
(357.80 0.10 -8.00) 
(358.00 0.10 -8.00) 
(358.20 0.10 -8.00) 
(358.40 0.10 -8.00) 
(358.60 0.10 -8.00) 
(358.80 0.10 -8.00) 
(359.00 0.10 -8.00) 
(359.20 0.10 -8.00) 
(359.40 0.10 -8.00) 
(359.60 0.10 -8.00) 
(359.80 0.10 -8.00) 
(360.00 0.10 -8.00) 
(360.20 0.10 -8.00) 
(360.40 0.10 -8.00) 
(360.60 0.10 -8.00) 
(360.80 0.10 -8.00) 
(361.00 0.10 -8.00) 
(361.20 0.10 -8.00) 
(361.40 0.10 -8.00) 
(361.60 0.10 -8.00) 
(361.80 0.10 -8.00) 
(362.00 0.10 -8.00) 
(362.20 0.10 -8.00) 
(362.40 0.10 -8.00) 
(362.60 0.10 -8.00) 
(362.80 0.10 -8.00) 
(363.00 0.10 -8.00) 
(363.20 0.10 -8.00) 
(363.40 0.10 -8.00) 
(363.60 0.10 -8.00) 
(363.80 0.10 -8.00) 
(364.00 0.10 -8.00) 
(364.20 0.10 -8.00) 
(364.40 0.10 -8.00) 
(364.60 0.10 -8.00) 
(364.80 0.10 -8.00) 
(365.00 0.10 -8.00) 
(365.20 0.10 -8.00) 
(365.40 0.10 -8.00) 
(365.60 0.10 -8.00) 
(365.80 0.10 -8.00) 
(366.00 0.10 -8.00) 
(366.20 0.10 -8.00) 
(366.40 0.10 -8.00) 
(366.60 0.10 -8.00) 
(366.80 0.10 -8.00) 
(367.00 0.10 -8.00) 
(367.20 0.10 -8.00) 
(367.40 0.10 -8.00) 
(367.60 0.10 -8.00) 
(367.80 0.10 -8.00) 
(368.00 0.10 -8.00) 
(368.20 0.10 -8.00) 
(368.40 0.10 -8.00) 
(368.60 0.10 -8.00) 
(368.80 0.10 -8.00) 
(369.00 0.10 -8.00) 
(369.20 0.10 -8.00) 
(369.40 0.10 -8.00) 
(369.60 0.10 -8.00) 
(369.80 0.10 -8.00) 
(370.00 0.10 -8.00) 
(370.20 0.10 -8.00) 
(370.40 0.10 -8.00) 
(370.60 0.10 -8.00) 
(370.80 0.10 -8.00) 
(371.00 0.10 -8.00) 
(371.20 0.10 -8.00) 
(371.40 0.10 -8.00) 
(371.60 0.10 -8.00) 
(371.80 0.10 -8.00) 
(372.00 0.10 -8.00) 
(372.20 0.10 -8.00) 
(372.40 0.10 -8.00) 
(372.60 0.10 -8.00) 
(372.80 0.10 -8.00) 
(373.00 0.10 -8.00) 
(373.20 0.10 -8.00) 
(373.40 0.10 -8.00) 
(373.60 0.10 -8.00) 
(373.80 0.10 -8.00) 
(374.00 0.10 -8.00) 
(374.20 0.10 -8.00) 
(374.40 0.10 -8.00) 
(374.60 0.10 -8.00) 
(374.80 0.10 -8.00) 
(375.00 0.10 -8.00) 
(375.20 0.10 -8.00) 
(375.40 0.10 -8.00) 
(375.60 0.10 -8.00) 
(375.80 0.10 -8.00) 
(376.00 0.10 -8.00) 
(376.20 0.10 -8.00) 
(376.40 0.10 -8.00) 
(376.60 0.10 -8.00) 
(376.80 0.10 -8.00) 
(377.00 0.10 -8.00) 
(377.20 0.10 -8.00) 
(377.40 0.10 -8.00) 
(377.60 0.10 -8.00) 
(377.80 0.10 -8.00) 
(378.00 0.10 -8.00) 
(378.20 0.10 -8.00) 
(378.40 0.10 -8.00) 
(378.60 0.10 -8.00) 
(378.80 0.10 -8.00) 
(379.00 0.10 -8.00) 
(379.20 0.10 -8.00) 
(379.40 0.10 -8.00) 
(379.60 0.10 -8.00) 
(379.80 0.10 -8.00) 
(380.00 0.10 -8.00) 
(380.20 0.10 -8.00) 
(380.40 0.10 -8.00) 
(380.60 0.10 -8.00) 
(380.80 0.10 -8.00) 
(381.00 0.10 -8.00) 
(381.20 0.10 -8.00) 
(381.40 0.10 -8.00) 
(381.60 0.10 -8.00) 
(381.80 0.10 -8.00) 
(382.00 0.10 -8.00) 
(382.20 0.10 -8.00) 
(382.40 0.10 -8.00) 
(382.60 0.10 -8.00) 
(382.80 0.10 -8.00) 
(383.00 0.10 -8.00) 
(383.20 0.10 -8.00) 
(383.40 0.10 -8.00) 
(383.60 0.10 -8.00) 
(383.80 0.10 -8.00) 
(384.00 0.10 -8.00) 
(384.20 0.10 -8.00) 
(384.40 0.10 -8.00) 
(384.60 0.10 -8.00) 
(384.80 0.10 -8.00) 
(385.00 0.10 -8.00) 
(385.20 0.10 -8.00) 
(385.40 0.10 -8.00) 
(385.60 0.10 -8.00) 
(385.80 0.10 -8.00) 
(386.00 0.10 -8.00) 
(386.20 0.10 -8.00) 
(386.40 0.10 -8.00) 
(386.60 0.10 -8.00) 
(386.80 0.10 -8.00) 
(387.00 0.10 -8.00) 
(387.20 0.10 -8.00) 
(387.40 0.10 -8.00) 
(387.60 0.10 -8.00) 
(387.80 0.10 -8.00) 
(388.00 0.10 -8.00) 
(388.20 0.10 -8.00) 
(388.40 0.10 -8.00) 
(388.60 0.10 -8.00) 
(388.80 0.10 -8.00) 
(389.00 0.10 -8.00) 
(389.20 0.10 -8.00) 
(389.40 0.10 -8.00) 
(389.60 0.10 -8.00) 
(389.80 0.10 -8.00) 
(390.00 0.10 -8.00) 
(390.20 0.10 -8.00) 
(390.40 0.10 -8.00) 
(390.60 0.10 -8.00) 
(390.80 0.10 -8.00) 
(391.00 0.10 -8.00) 
(391.20 0.10 -8.00) 
(391.40 0.10 -8.00) 
(391.60 0.10 -8.00) 
(391.80 0.10 -8.00) 
(392.00 0.10 -8.00) 
(392.20 0.10 -8.00) 
(392.40 0.10 -8.00) 
(392.60 0.10 -8.00) 
(392.80 0.10 -8.00) 
(393.00 0.10 -8.00) 
(393.20 0.10 -8.00) 
(393.40 0.10 -8.00) 
(393.60 0.10 -8.00) 
(393.80 0.10 -8.00) 
(394.00 0.10 -8.00) 
(394.20 0.10 -8.00) 
(394.40 0.10 -8.00) 
(394.60 0.10 -8.00) 
(394.80 0.10 -8.00) 
(395.00 0.10 -8.00) 
(395.20 0.10 -8.00) 
(395.40 0.10 -8.00) 
(395.60 0.10 -8.00) 
(395.80 0.10 -8.00) 
(396.00 0.10 -8.00) 
(396.20 0.10 -8.00) 
(396.40 0.10 -8.00) 
(396.60 0.10 -8.00) 
(396.80 0.10 -8.00) 
(397.00 0.10 -8.00) 
(397.20 0.10 -8.00) 
(397.40 0.10 -8.00) 
(397.60 0.10 -8.00) 
(397.80 0.10 -8.00) 
(398.00 0.10 -8.00) 
(398.20 0.10 -8.00) 
(398.40 0.10 -8.00) 
(398.60 0.10 -8.00) 
(398.80 0.10 -8.00) 
(399.00 0.10 -8.00) 
(399.20 0.10 -8.00) 
(399.40 0.10 -8.00) 
(399.60 0.10 -8.00) 
(399.80 0.10 -8.00) 
(400.00 0.10 -8.00) 
(400.20 0.10 -8.00) 
(400.40 0.10 -8.00) 
(400.60 0.10 -8.00) 
(400.80 0.10 -8.00) 
(401.00 0.10 -8.00) 
(401.20 0.10 -8.00) 
(401.40 0.10 -8.00) 
(401.60 0.10 -8.00) 
(401.80 0.10 -8.00) 
(402.00 0.10 -8.00) 
(402.20 0.10 -8.00) 
(402.40 0.10 -8.00) 
(402.60 0.10 -8.00) 
(402.80 0.10 -8.00) 
(403.00 0.10 -8.00) 
(403.20 0.10 -8.00) 
(403.40 0.10 -8.00) 
(403.60 0.10 -8.00) 
(403.80 0.10 -8.00) 
(404.00 0.10 -8.00) 
(404.20 0.10 -8.00) 
(404.40 0.10 -8.00) 
(404.60 0.10 -8.00) 
(404.80 0.10 -8.00) 
(405.00 0.10 -8.00) 
(405.20 0.10 -8.00) 
(405.40 0.10 -8.00) 
(405.60 0.10 -8.00) 
(405.80 0.10 -8.00) 
(406.00 0.10 -8.00) 
(406.20 0.10 -8.00) 
(406.40 0.10 -8.00) 
(406.60 0.10 -8.00) 
(406.80 0.10 -8.00) 
(407.00 0.10 -8.00) 
(407.20 0.10 -8.00) 
(407.40 0.10 -8.00) 
(407.60 0.10 -8.00) 
(407.80 0.10 -8.00) 
(408.00 0.10 -8.00) 
(408.20 0.10 -8.00) 
(408.40 0.10 -8.00) 
(408.60 0.10 -8.00) 
(408.80 0.10 -8.00) 
(409.00 0.10 -8.00) 
(409.20 0.10 -8.00) 
(409.40 0.10 -8.00) 
(409.60 0.10 -8.00) 
(409.80 0.10 -8.00) 
(410.00 0.10 -8.00) 
(410.20 0.10 -8.00) 
(410.40 0.10 -8.00) 
(410.60 0.10 -8.00) 
(410.80 0.10 -8.00) 
(411.00 0.10 -8.00) 
);  

