FoamFile
{
    version     2.0;
    format      ascii;
    class       scalarAverageField;
    object      values;
}
// **********************************************************************//
0.0

1202
(
-240.5
-236.333
-240.5
-248.444
-255.602
-261.954
-267.472
-272.137
-275.929
-278.837
-280.851
-281.955
-282.142
-281.438
-279.851
-277.364
-273.988
-269.734
-264.616
-258.651
-251.858
-244.262
-235.885
-226.757
-216.91
-206.379
-195.2
-183.416
-171.067
-158.198
-144.855
-131.083
-116.931
-102.447
-87.6814
-72.6849
-57.5084
-42.2035
-26.8214
-11.4135
3.96876
19.2748
34.4535
49.4491
64.1926
78.6553
92.965
106.925
120.294
133.137
145.438
157.17
168.298
178.788
188.61
197.733
206.128
213.769
220.631
226.692
231.932
236.334
239.884
242.569
244.379
245.31
245.358
244.533
242.844
240.291
236.88
232.62
227.521
221.596
214.862
207.339
199.052
190.026
180.291
169.875
158.816
147.15
134.916
122.156
108.903
95.1577
80.4333
65.2709
50.3162
35.1756
19.8363
4.33913
-11.2671
-26.9303
-42.5991
-58.2242
-73.7565
-89.1457
-104.341
-119.292
-133.95
-148.263
-162.185
-175.67
-188.672
-201.147
-213.054
-224.353
-235.006
-244.979
-254.238
-262.753
-270.495
-277.438
-283.562
-288.845
-293.271
-296.829
-299.507
-301.292
-302.183
-302.182
-301.288
-299.507
-296.846
-293.315
-288.929
-283.704
-277.661
-270.821
-263.209
-254.852
-245.782
-236.031
-225.63
-214.62
-203.036
-190.92
-178.313
-165.258
-151.801
-137.986
-123.86
-109.471
-94.8673
-80.097
-65.2091
-50.2528
-35.2773
-20.3318
-5.46489
9.27511
23.8407
38.1848
52.2615
66.0258
79.4337
92.4428
105.012
117.102
128.674
139.693
150.124
159.934
169.094
177.575
185.351
192.398
198.695
204.223
208.965
212.906
216.037
218.346
219.827
220.477
220.297
219.285
217.444
214.782
211.308
207.034
201.972
196.141
189.558
182.246
174.227
165.527
156.174
146.2
135.635
124.513
112.871
100.746
88.1772
75.2047
61.8708
48.2162
34.2883
20.1356
5.80192
-8.66669
-23.2228
-37.8188
-52.4066
-66.9384
-81.3662
-95.6426
-109.72
-123.552
-137.092
-150.297
-163.121
-175.522
-187.458
-198.891
-209.781
-220.093
-229.79
-238.843
-247.22
-254.893
-261.837
-268.027
-273.443
-278.068
-281.887
-284.884
-287.055
-288.389
-288.876
-288.519
-287.324
-285.291
-282.426
-278.739
-274.243
-268.952
-262.882
-256.056
-248.493
-240.22
-231.263
-221.651
-211.415
-200.588
-189.206
-177.302
-164.918
-152.091
-138.862
-125.272
-111.366
-97.1861
-82.7768
-68.1832
-53.4504
-38.6242
-23.7502
-8.87409
5.95866
20.7027
35.3131
49.7458
63.957
77.904
91.5452
104.84
117.748
130.232
142.255
153.781
164.777
175.211
185.051
194.272
202.844
210.745
217.953
224.445
230.206
235.218
239.469
242.948
245.644
247.554
248.671
248.995
248.528
247.27
245.228
242.41
238.826
234.489
229.413
223.617
217.119
209.939
202.104
193.637
184.566
174.92
164.732
154.033
142.857
131.242
119.224
106.84
94.1324
81.1425
67.9116
54.4822
40.8973
27.2009
13.437
-0.349825
-14.1149
-27.8135
-41.4013
-54.8341
-68.0681
-81.0602
-93.7682
-106.15
-118.165
-129.776
-140.941
-151.627
-161.797
-171.417
-180.457
-188.886
-196.677
-203.803
-210.24
-215.969
-220.969
-225.224
-228.719
-231.446
-233.394
-234.552
-234.916
-234.492
-233.277
-231.274
-228.492
-224.937
-220.621
-215.56
-209.767
-203.262
-196.067
-188.205
-179.699
-170.578
-160.871
-150.608
-139.822
-128.548
-116.821
-104.677
-92.1568
-79.2976
-66.1406
-52.7269
-39.0984
-25.2976
-11.3674
2.64892
16.7078
30.7659
44.7797
58.7057
72.5011
86.1234
99.53
112.68
125.534
138.05
150.191
161.92
173.199
183.993
194.268
203.993
213.137
221.671
229.567
236.8
243.345
249.182
254.29
258.651
262.251
265.076
267.113
268.355
268.797
268.433
267.259
265.276
262.49
258.905
254.527
249.368
243.44
236.758
229.34
221.206
212.377
202.879
192.736
181.98
170.641
158.752
146.347
133.464
120.139
106.418
92.3412
77.9512
63.2926
48.4113
33.3543
18.1693
2.90506
-12.3893
-27.6642
-42.8697
-57.956
-72.8731
-87.5714
-102.002
-116.116
-129.864
-143.201
-156.081
-168.457
-180.289
-191.532
-202.148
-212.098
-221.346
-229.856
-237.598
-244.541
-250.658
-255.926
-260.322
-263.82
-266.407
-268.073
-268.804
-268.589
-267.424
-265.305
-262.234
-258.211
-253.242
-247.337
-240.505
-232.76
-224.118
-214.599
-204.222
-193.012
-180.994
-168.195
-154.647
-140.38
-125.428
-109.826
-93.6107
-76.82
-59.4927
-41.6695
-23.3914
-4.70025
14.3614
33.7505
53.4238
73.3357
93.4456
113.714
134.097
154.551
175.037
195.513
215.939
236.278
256.493
276.548
296.409
316.045
335.425
354.52
373.304
391.753
409.843
427.555
444.871
461.774
478.252
494.292
509.881
525.006
539.641
553.762
567.35
580.385
592.845
604.712
615.965
626.586
636.554
645.851
654.462
662.372
669.567
676.043
681.792
686.814
691.112
694.696
697.576
699.767
701.292
702.172
702.433
702.103
701.209
699.782
697.852
695.448
692.601
689.339
685.689
681.682
677.34
672.693
667.764
662.577
657.155
651.522
645.696
639.699
633.552
627.271
620.875
614.38
607.803
601.159
594.464
587.729
580.969
574.196
567.421
560.656
553.911
547.196
540.52
533.892
527.321
520.813
514.377
508.02
501.749
495.569
489.487
483.508
477.638
471.883
466.246
460.733
455.349
450.097
444.982
440.01
435.183
430.507
425.984
421.62
417.418
413.383
409.519
405.832
402.324
399.002
395.871
392.936
390.203
387.679
385.37
383.286
381.433
379.824
378.469
377.383
376.581
376.084
-240.5
-240.5
-248.444
-255.602
-261.954
-267.472
-272.137
-275.929
-278.837
-280.851
-281.955
-282.142
-281.438
-279.851
-277.364
-273.988
-269.734
-264.616
-258.651
-251.858
-244.262
-235.885
-226.757
-216.91
-206.379
-195.2
-183.416
-171.067
-158.198
-144.855
-131.083
-116.931
-102.447
-87.6814
-72.6849
-57.5084
-42.2035
-26.8214
-11.4135
3.96876
19.2748
34.4535
49.4491
64.1926
78.6553
92.965
106.925
120.294
133.137
145.438
157.17
168.298
178.788
188.61
197.733
206.128
213.769
220.631
226.692
231.932
236.334
239.884
242.569
244.379
245.31
245.358
244.533
242.844
240.291
236.88
232.62
227.521
221.596
214.862
207.339
199.052
190.026
180.291
169.875
158.816
147.15
134.916
122.156
108.903
95.1577
80.4333
65.2709
50.3162
35.1756
19.8363
4.33913
-11.2671
-26.9303
-42.5991
-58.2242
-73.7565
-89.1457
-104.341
-119.292
-133.95
-148.263
-162.185
-175.67
-188.672
-201.147
-213.054
-224.353
-235.006
-244.979
-254.238
-262.753
-270.495
-277.438
-283.562
-288.845
-293.271
-296.829
-299.507
-301.292
-302.183
-302.182
-301.288
-299.507
-296.846
-293.315
-288.929
-283.704
-277.661
-270.821
-263.209
-254.852
-245.782
-236.031
-225.63
-214.62
-203.036
-190.92
-178.313
-165.258
-151.801
-137.986
-123.86
-109.471
-94.8673
-80.097
-65.2091
-50.2528
-35.2773
-20.3318
-5.46489
9.27511
23.8407
38.1848
52.2615
66.0258
79.4337
92.4428
105.012
117.102
128.674
139.693
150.124
159.934
169.094
177.575
185.351
192.398
198.695
204.223
208.965
212.906
216.037
218.346
219.827
220.477
220.297
219.285
217.444
214.782
211.308
207.034
201.972
196.141
189.558
182.246
174.227
165.527
156.174
146.2
135.635
124.513
112.871
100.746
88.1772
75.2047
61.8708
48.2162
34.2883
20.1356
5.80192
-8.66669
-23.2228
-37.8188
-52.4066
-66.9384
-81.3662
-95.6426
-109.72
-123.552
-137.092
-150.297
-163.121
-175.522
-187.458
-198.891
-209.781
-220.093
-229.79
-238.843
-247.22
-254.893
-261.837
-268.027
-273.443
-278.068
-281.887
-284.884
-287.055
-288.389
-288.876
-288.519
-287.324
-285.291
-282.426
-278.739
-274.243
-268.952
-262.882
-256.056
-248.493
-240.22
-231.263
-221.651
-211.415
-200.588
-189.206
-177.302
-164.918
-152.091
-138.862
-125.272
-111.366
-97.1861
-82.7768
-68.1832
-53.4504
-38.6242
-23.7502
-8.87409
5.95866
20.7027
35.3131
49.7458
63.957
77.904
91.5452
104.84
117.748
130.232
142.255
153.781
164.777
175.211
185.051
194.272
202.844
210.745
217.953
224.445
230.206
235.218
239.469
242.948
245.644
247.554
248.671
248.995
248.528
247.27
245.228
242.41
238.826
234.489
229.413
223.617
217.119
209.939
202.104
193.637
184.566
174.92
164.732
154.033
142.857
131.242
119.224
106.84
94.1324
81.1425
67.9116
54.4822
40.8973
27.2009
13.437
-0.349825
-14.1149
-27.8135
-41.4013
-54.8341
-68.0681
-81.0602
-93.7682
-106.15
-118.165
-129.776
-140.941
-151.627
-161.797
-171.417
-180.457
-188.886
-196.677
-203.803
-210.24
-215.969
-220.969
-225.224
-228.719
-231.446
-233.394
-234.552
-234.916
-234.492
-233.277
-231.274
-228.492
-224.937
-220.621
-215.56
-209.767
-203.262
-196.067
-188.205
-179.699
-170.578
-160.871
-150.608
-139.822
-128.548
-116.821
-104.677
-92.1568
-79.2976
-66.1406
-52.7269
-39.0984
-25.2976
-11.3674
2.64892
16.7078
30.7659
44.7797
58.7057
72.5011
86.1234
99.53
112.68
125.534
138.05
150.191
161.92
173.199
183.993
194.268
203.993
213.137
221.671
229.567
236.8
243.345
249.182
254.29
258.651
262.251
265.076
267.113
268.355
268.797
268.433
267.259
265.276
262.49
258.905
254.527
249.368
243.44
236.758
229.34
221.206
212.377
202.879
192.736
181.98
170.641
158.752
146.347
133.464
120.139
106.418
92.3412
77.9512
63.2926
48.4113
33.3543
18.1693
2.90506
-12.3893
-27.6642
-42.8697
-57.956
-72.8731
-87.5714
-102.002
-116.116
-129.864
-143.201
-156.081
-168.457
-180.289
-191.532
-202.148
-212.098
-221.346
-229.856
-237.598
-244.541
-250.658
-255.926
-260.322
-263.82
-266.407
-268.073
-268.804
-268.589
-267.424
-265.305
-262.234
-258.211
-253.242
-247.337
-240.505
-232.76
-224.118
-214.599
-204.222
-193.012
-180.994
-168.195
-154.647
-140.38
-125.428
-109.826
-93.6107
-76.82
-59.4927
-41.6695
-23.3914
-4.70025
14.3614
33.7505
53.4238
73.3357
93.4456
113.714
134.097
154.551
175.037
195.513
215.939
236.278
256.493
276.548
296.409
316.045
335.425
354.52
373.304
391.753
409.843
427.555
444.871
461.774
478.252
494.292
509.881
525.006
539.641
553.762
567.35
580.385
592.845
604.712
615.965
626.586
636.554
645.851
654.462
662.372
669.567
676.043
681.792
686.814
691.112
694.696
697.576
699.767
701.292
702.172
702.433
702.103
701.209
699.782
697.852
695.448
692.601
689.339
685.689
681.682
677.34
672.693
667.764
662.577
657.155
651.522
645.696
639.699
633.552
627.271
620.875
614.38
607.803
601.159
594.464
587.729
580.969
574.196
567.421
560.656
553.911
547.196
540.52
533.892
527.321
520.813
514.377
508.02
501.749
495.569
489.487
483.508
477.638
471.883
466.246
460.733
455.349
450.097
444.982
440.01
435.183
430.507
425.984
421.62
417.418
413.383
409.519
405.832
402.324
399.002
395.871
392.936
390.203
387.679
385.37
383.286
381.433
379.824
378.469
377.383
376.581
376.084
375.915
)
