FoamFile
{
    version     2.0;
    format      ascii;
    class       scalarAverageField;
    object      values;
}
// **********************************************************************//
0.0

1202
(
-128.276
-135.675
-128.276
-113.404
-98.3903
-83.2684
-68.0916
-52.9143
-37.7938
-22.7929
-7.98493
6.53977
20.6893
34.0181
46.999
60.1529
73.055
85.5798
97.6334
109.149
120.074
130.364
139.982
148.893
157.066
164.474
171.091
176.898
181.874
186.004
189.272
191.668
193.185
193.811
193.594
192.553
190.648
187.875
184.237
179.739
174.39
168.202
161.188
153.364
144.75
135.369
125.247
114.416
102.912
90.7799
78.074
64.8805
51.4324
37.9076
19.775
0.58603
-15.1863
-31.1309
-47.2084
-63.3743
-79.5756
-95.7576
-111.867
-127.851
-143.656
-159.233
-174.53
-189.497
-204.083
-218.242
-231.925
-245.089
-257.686
-269.677
-281.019
-291.676
-301.611
-310.792
-319.186
-326.767
-333.509
-339.389
-344.388
-348.49
-351.688
-353.978
-355.351
-355.774
-355.243
-353.786
-351.41
-348.125
-343.944
-338.885
-332.966
-326.208
-318.635
-310.273
-301.148
-291.294
-280.743
-269.531
-257.695
-245.276
-232.315
-218.855
-204.942
-190.622
-175.945
-160.956
-145.707
-130.248
-114.63
-98.9043
-83.1217
-67.3341
-51.5927
-35.9486
-20.4521
-5.15319
9.89916
24.6569
39.073
53.1018
66.6988
79.8212
92.4276
104.478
115.936
126.765
136.932
146.404
155.153
163.151
170.374
176.8
182.409
187.184
191.111
194.177
196.373
197.692
198.131
197.692
196.373
194.178
191.115
187.194
182.428
176.832
170.422
163.221
155.25
146.534
137.102
126.982
116.208
104.814
92.8339
80.3077
67.2748
53.7766
39.8561
25.5577
10.9264
-3.99052
-19.1432
-34.483
-49.9618
-65.5296
-81.1362
-96.731
-112.264
-127.684
-142.942
-157.987
-172.771
-187.246
-201.364
-215.079
-228.348
-241.126
-253.371
-265.044
-276.106
-286.522
-296.258
-305.281
-313.563
-321.077
-327.798
-333.705
-338.779
-343.004
-346.366
-348.858
-350.469
-351.192
-351.029
-349.983
-348.056
-345.255
-341.591
-337.077
-331.728
-325.562
-318.601
-310.869
-302.391
-293.197
-283.315
-272.78
-261.627
-249.893
-237.616
-224.837
-211.597
-197.939
-183.909
-169.551
-154.912
-140.039
-124.981
-109.785
-94.5007
-79.1763
-63.8604
-48.602
-33.4495
-18.4508
-3.65331
10.8961
25.1515
39.0681
52.602
65.7107
78.3531
90.4894
102.082
113.093
123.489
133.237
142.306
150.668
158.295
165.163
171.251
176.538
181.008
184.644
187.436
189.371
190.446
190.659
190.001
188.475
186.083
182.833
178.732
173.793
168.028
161.453
154.088
145.953
137.072
127.47
117.176
106.219
94.633
82.4501
69.7071
56.4412
42.6904
28.4879
13.8845
-1.06329
-16.3169
-31.8344
-47.5694
-63.4744
-79.5015
-95.6023
-111.728
-127.83
-143.858
-159.765
-175.501
-191.02
-206.274
-221.216
-235.802
-249.987
-263.727
-276.982
-289.711
-301.876
-313.44
-324.369
-334.629
-344.19
-353.025
-361.107
-368.411
-374.918
-380.608
-385.466
-389.481
-392.638
-394.928
-396.349
-396.901
-396.581
-395.394
-393.346
-390.444
-386.702
-382.134
-376.755
-370.585
-363.648
-355.966
-347.567
-338.48
-328.736
-318.369
-307.413
-295.906
-283.887
-271.397
-258.478
-245.172
-231.525
-217.582
-203.391
-188.998
-174.452
-159.8
-145.093
-130.379
-115.706
-101.126
-86.6851
-72.4328
-58.4163
-44.6826
-31.278
-18.2473
-5.63437
6.51828
18.1696
29.2802
39.8123
49.73
58.9994
67.5886
75.468
82.6103
88.9904
94.5858
99.3769
103.346
106.477
108.762
110.188
110.749
110.443
109.271
107.234
104.336
100.586
95.9944
90.5758
84.3468
77.3266
69.5375
61.0043
51.7542
41.8172
31.2256
20.0137
8.21828
-4.12207
-16.9667
-30.2731
-43.9973
-58.0938
-72.5159
-87.2166
-102.144
-117.248
-132.476
-147.78
-163.107
-178.404
-193.623
-208.71
-223.613
-238.282
-252.668
-266.721
-280.394
-293.639
-306.41
-318.665
-330.361
-341.457
-351.917
-361.702
-370.78
-379.119
-386.69
-393.467
-399.426
-404.546
-408.81
-412.202
-414.71
-416.324
-417.038
-416.854
-415.766
-413.776
-410.894
-407.131
-402.497
-397.007
-390.679
-383.535
-375.598
-366.895
-357.456
-347.311
-336.495
-325.044
-312.997
-300.394
-287.277
-273.689
-259.678
-245.289
-230.572
-215.574
-200.347
-184.94
-169.405
-153.794
-138.159
-122.55
-107.02
-91.6206
-76.402
-61.4155
-46.7015
-32.3144
-18.3088
-4.72287
8.39923
21.0152
33.0844
44.5685
55.4307
65.6367
75.1542
83.9535
92.0069
99.2895
105.779
111.456
116.303
120.306
123.452
125.734
127.144
127.68
127.341
126.129
124.05
121.11
117.32
112.693
107.244
100.991
93.9539
86.1554
77.6222
68.3799
58.4564
47.883
36.6931
24.9209
12.6025
-0.224925
-13.5225
-27.2506
-41.368
-55.8332
-70.6036
-85.6364
-100.888
-116.315
-131.874
-147.52
-163.211
-178.903
-194.554
-210.122
-225.566
-240.848
-255.928
-270.769
-285.34
-299.612
-313.562
-327.163
-340.4
-353.258
-365.727
-377.799
-389.466
-400.726
-411.575
-422.014
-432.042
-441.66
-450.871
-459.674
-468.072
-476.064
-483.652
-490.835
-497.612
-503.981
-509.94
-515.487
-520.618
-525.332
-529.631
-533.521
-537.021
-540.162
-542.718
-544.802
-546.632
-548.066
-549.111
-549.775
-550.069
-550.005
-549.594
-548.851
-547.788
-546.421
-544.765
-542.832
-540.635
-538.196
-535.528
-532.648
-529.572
-526.314
-522.891
-519.319
-515.613
-511.787
-507.856
-503.836
-499.739
-495.579
-491.371
-487.126
-482.857
-478.577
-474.296
-470.027
-465.78
-461.567
-457.395
-453.277
-449.221
-445.237
-441.334
-437.52
-433.805
-430.196
-426.701
-423.328
-420.086
-416.981
-414.024
-411.221
-408.579
-406.108
-403.817
-401.713
-399.808
-398.108
-396.629
-395.38
-394.376
-393.635
-393.175
-128.276
-128.276
-113.404
-98.3903
-83.2684
-68.0916
-52.9143
-37.7938
-22.7929
-7.98493
6.53977
20.6893
34.0181
46.999
60.1529
73.055
85.5798
97.6334
109.149
120.074
130.364
139.982
148.893
157.066
164.474
171.091
176.898
181.874
186.004
189.272
191.668
193.185
193.811
193.594
192.553
190.648
187.875
184.237
179.739
174.39
168.202
161.188
153.364
144.75
135.369
125.247
114.416
102.912
90.7799
78.074
64.8805
51.4324
37.9076
19.775
0.58603
-15.1863
-31.1309
-47.2084
-63.3743
-79.5756
-95.7576
-111.867
-127.851
-143.656
-159.233
-174.53
-189.497
-204.083
-218.242
-231.925
-245.089
-257.686
-269.677
-281.019
-291.676
-301.611
-310.792
-319.186
-326.767
-333.509
-339.389
-344.388
-348.49
-351.688
-353.978
-355.351
-355.774
-355.243
-353.786
-351.41
-348.125
-343.944
-338.885
-332.966
-326.208
-318.635
-310.273
-301.148
-291.294
-280.743
-269.531
-257.695
-245.276
-232.315
-218.855
-204.942
-190.622
-175.945
-160.956
-145.707
-130.248
-114.63
-98.9043
-83.1217
-67.3341
-51.5927
-35.9486
-20.4521
-5.15319
9.89916
24.6569
39.073
53.1018
66.6988
79.8212
92.4276
104.478
115.936
126.765
136.932
146.404
155.153
163.151
170.374
176.8
182.409
187.184
191.111
194.177
196.373
197.692
198.131
197.692
196.373
194.178
191.115
187.194
182.428
176.832
170.422
163.221
155.25
146.534
137.102
126.982
116.208
104.814
92.8339
80.3077
67.2748
53.7766
39.8561
25.5577
10.9264
-3.99052
-19.1432
-34.483
-49.9618
-65.5296
-81.1362
-96.731
-112.264
-127.684
-142.942
-157.987
-172.771
-187.246
-201.364
-215.079
-228.348
-241.126
-253.371
-265.044
-276.106
-286.522
-296.258
-305.281
-313.563
-321.077
-327.798
-333.705
-338.779
-343.004
-346.366
-348.858
-350.469
-351.192
-351.029
-349.983
-348.056
-345.255
-341.591
-337.077
-331.728
-325.562
-318.601
-310.869
-302.391
-293.197
-283.315
-272.78
-261.627
-249.893
-237.616
-224.837
-211.597
-197.939
-183.909
-169.551
-154.912
-140.039
-124.981
-109.785
-94.5007
-79.1763
-63.8604
-48.602
-33.4495
-18.4508
-3.65331
10.8961
25.1515
39.0681
52.602
65.7107
78.3531
90.4894
102.082
113.093
123.489
133.237
142.306
150.668
158.295
165.163
171.251
176.538
181.008
184.644
187.436
189.371
190.446
190.659
190.001
188.475
186.083
182.833
178.732
173.793
168.028
161.453
154.088
145.953
137.072
127.47
117.176
106.219
94.633
82.4501
69.7071
56.4412
42.6904
28.4879
13.8845
-1.06329
-16.3169
-31.8344
-47.5694
-63.4744
-79.5015
-95.6023
-111.728
-127.83
-143.858
-159.765
-175.501
-191.02
-206.274
-221.216
-235.802
-249.987
-263.727
-276.982
-289.711
-301.876
-313.44
-324.369
-334.629
-344.19
-353.025
-361.107
-368.411
-374.918
-380.608
-385.466
-389.481
-392.638
-394.928
-396.349
-396.901
-396.581
-395.394
-393.346
-390.444
-386.702
-382.134
-376.755
-370.585
-363.648
-355.966
-347.567
-338.48
-328.736
-318.369
-307.413
-295.906
-283.887
-271.397
-258.478
-245.172
-231.525
-217.582
-203.391
-188.998
-174.452
-159.8
-145.093
-130.379
-115.706
-101.126
-86.6851
-72.4328
-58.4163
-44.6826
-31.278
-18.2473
-5.63437
6.51828
18.1696
29.2802
39.8123
49.73
58.9994
67.5886
75.468
82.6103
88.9904
94.5858
99.3769
103.346
106.477
108.762
110.188
110.749
110.443
109.271
107.234
104.336
100.586
95.9944
90.5758
84.3468
77.3266
69.5375
61.0043
51.7542
41.8172
31.2256
20.0137
8.21828
-4.12207
-16.9667
-30.2731
-43.9973
-58.0938
-72.5159
-87.2166
-102.144
-117.248
-132.476
-147.78
-163.107
-178.404
-193.623
-208.71
-223.613
-238.282
-252.668
-266.721
-280.394
-293.639
-306.41
-318.665
-330.361
-341.457
-351.917
-361.702
-370.78
-379.119
-386.69
-393.467
-399.426
-404.546
-408.81
-412.202
-414.71
-416.324
-417.038
-416.854
-415.766
-413.776
-410.894
-407.131
-402.497
-397.007
-390.679
-383.535
-375.598
-366.895
-357.456
-347.311
-336.495
-325.044
-312.997
-300.394
-287.277
-273.689
-259.678
-245.289
-230.572
-215.574
-200.347
-184.94
-169.405
-153.794
-138.159
-122.55
-107.02
-91.6206
-76.402
-61.4155
-46.7015
-32.3144
-18.3088
-4.72287
8.39923
21.0152
33.0844
44.5685
55.4307
65.6367
75.1542
83.9535
92.0069
99.2895
105.779
111.456
116.303
120.306
123.452
125.734
127.144
127.68
127.341
126.129
124.05
121.11
117.32
112.693
107.244
100.991
93.9539
86.1554
77.6222
68.3799
58.4564
47.883
36.6931
24.9209
12.6025
-0.224925
-13.5225
-27.2506
-41.368
-55.8332
-70.6036
-85.6364
-100.888
-116.315
-131.874
-147.52
-163.211
-178.903
-194.554
-210.122
-225.566
-240.848
-255.928
-270.769
-285.34
-299.612
-313.562
-327.163
-340.4
-353.258
-365.727
-377.799
-389.466
-400.726
-411.575
-422.014
-432.042
-441.66
-450.871
-459.674
-468.072
-476.064
-483.652
-490.835
-497.612
-503.981
-509.94
-515.487
-520.618
-525.332
-529.631
-533.521
-537.021
-540.162
-542.718
-544.802
-546.632
-548.066
-549.111
-549.775
-550.069
-550.005
-549.594
-548.851
-547.788
-546.421
-544.765
-542.832
-540.635
-538.196
-535.528
-532.648
-529.572
-526.314
-522.891
-519.319
-515.613
-511.787
-507.856
-503.836
-499.739
-495.579
-491.371
-487.126
-482.857
-478.577
-474.296
-470.027
-465.78
-461.567
-457.395
-453.277
-449.221
-445.237
-441.334
-437.52
-433.805
-430.196
-426.701
-423.328
-420.086
-416.981
-414.024
-411.221
-408.579
-406.108
-403.817
-401.713
-399.808
-398.108
-396.629
-395.38
-394.376
-393.635
-393.175
-393.019
)
