FoamFile
{
    version     2.0;
    format      ascii;
    class       scalarAverageField;
    object      values;
}
// **********************************************************************//
0.0

1202
(
253.523
258.31
253.523
243.599
232.995
221.75
209.87
197.335
184.071
169.878
153.353
134.243
115.484
98.0934
81.0184
64.0711
47.1878
30.3543
13.5824
-3.1011
-19.6604
-36.0543
-52.2387
-68.1676
-83.7941
-99.0715
-113.953
-128.393
-142.346
-155.77
-168.623
-180.862
-192.451
-203.354
-213.535
-222.964
-231.612
-239.451
-246.459
-252.614
-257.897
-262.29
-265.79
-268.407
-270.126
-270.903
-270.736
-269.657
-267.683
-264.826
-261.103
-256.531
-251.133
-244.932
-237.954
-230.227
-221.781
-212.648
-202.863
-192.46
-181.477
-169.954
-157.928
-145.44
-132.533
-119.251
-105.64
-91.7485
-77.6261
-63.3231
-48.8912
-34.3818
-19.8469
-5.33732
9.09853
23.416
37.5673
51.4276
64.7963
77.7181
90.3261
102.564
114.364
125.667
136.426
146.593
156.13
164.997
173.159
180.587
187.253
193.132
198.204
202.447
205.846
208.387
210.062
210.861
210.779
209.815
207.97
205.248
201.656
197.2
191.894
185.754
178.796
171.041
162.51
153.231
143.229
132.535
121.183
109.206
96.6395
83.5237
69.8986
55.8064
41.2908
26.3973
11.1725
-4.33657
-20.0804
-36.0072
-52.0665
-68.2084
-84.3812
-100.533
-116.612
-132.567
-148.347
-163.9
-179.175
-194.125
-208.7
-222.852
-236.538
-249.713
-262.332
-274.356
-285.746
-296.466
-306.481
-315.758
-324.269
-331.986
-338.884
-344.942
-350.142
-354.467
-357.904
-360.447
-362.086
-362.811
-362.627
-361.539
-359.549
-356.665
-352.899
-348.263
-342.777
-336.458
-329.33
-321.418
-312.749
-303.353
-293.262
-282.513
-271.14
-259.183
-246.682
-233.679
-220.218
-206.345
-192.105
-177.545
-162.715
-147.664
-132.441
-117.096
-101.679
-86.2414
-70.8337
-55.5061
-40.3085
-25.2903
-10.5004
4.01332
18.2038
32.0252
45.4329
58.3833
70.8348
82.7472
94.082
104.803
114.874
124.264
132.942
140.879
148.049
154.43
160
164.74
168.633
171.668
173.832
175.116
175.517
175.034
173.663
171.407
168.273
164.268
159.404
153.694
147.155
139.804
131.665
122.759
113.114
102.758
91.7221
80.0394
67.745
54.8763
41.4721
27.5731
13.2208
-1.54652
-16.7133
-32.1977
-47.9165
-63.8507
-79.9569
-96.1866
-112.49
-128.814
-145.111
-161.329
-177.416
-193.324
-209.002
-224.401
-239.474
-254.174
-268.453
-282.27
-295.58
-308.341
-320.514
-332.063
-342.95
-353.143
-362.609
-371.32
-379.251
-386.377
-392.675
-398.129
-402.721
-406.44
-409.276
-411.216
-412.26
-412.412
-411.665
-410.026
-407.503
-404.104
-399.843
-394.736
-388.8
-382.057
-374.531
-366.246
-357.233
-347.521
-337.143
-326.134
-314.532
-302.375
-289.704
-276.561
-262.99
-249.036
-234.744
-220.163
-205.339
-190.322
-175.161
-159.905
-144.605
-129.31
-114.07
-98.9347
-83.9531
-69.1734
-54.6436
-40.4106
-26.5203
-13.0172
0.05543
12.6559
24.7441
36.2814
47.2315
57.5597
67.2336
76.2231
84.5003
92.0395
98.8178
104.814
110.012
114.395
117.951
120.669
122.545
123.573
123.751
123.082
121.572
119.225
116.053
112.066
107.282
101.718
95.3954
88.3366
80.5673
72.1156
63.0116
53.2877
42.9783
32.1196
20.7497
8.90845
-3.36278
-16.0213
-29.0232
-42.3232
-55.8747
-69.6319
-83.5683
-97.6067
-111.682
-125.775
-139.831
-153.8
-167.637
-181.29
-194.714
-207.862
-220.687
-233.145
-245.193
-256.787
-267.889
-278.457
-288.455
-297.847
-306.601
-314.683
-322.064
-328.718
-334.62
-339.748
-344.081
-347.601
-350.297
-352.154
-353.164
-353.32
-352.619
-351.059
-348.645
-345.38
-341.266
-336.318
-330.552
-323.978
-316.617
-308.488
-299.614
-290.021
-279.735
-268.787
-257.209
-245.034
-232.298
-219.038
-205.293
-191.105
-176.512
-161.559
-146.291
-130.751
-114.986
-99.0401
-82.9613
-66.7963
-50.5919
-34.3951
-18.2525
-2.21073
13.6842
29.387
44.8527
60.0378
74.8995
89.3962
103.487
117.134
130.298
142.945
155.039
166.548
177.441
187.69
197.269
206.152
214.316
221.741
228.409
234.304
239.412
243.722
247.224
249.912
251.78
252.826
253.05
252.454
251.042
248.823
245.803
241.992
237.405
232.055
225.96
219.138
211.61
203.397
194.524
185.016
174.9
164.205
152.961
141.198
128.949
116.246
103.122
89.6097
75.751
61.5904
47.1618
32.5015
17.6475
2.63809
-12.4883
-27.6928
-42.9368
-58.1818
-73.3896
-88.5224
-103.543
-118.416
-133.104
-147.575
-161.793
-175.728
-189.347
-202.622
-215.525
-228.031
-240.114
-251.751
-262.923
-273.611
-283.798
-293.47
-302.616
-311.225
-319.29
-326.805
-333.77
-340.183
-346.048
-351.367
-356.142
-360.389
-364.119
-367.345
-370.08
-372.345
-374.157
-375.539
-376.514
-377.107
-377.345
-377.256
-376.869
-376.213
-375.319
-374.218
-372.934
-371.49
-369.897
-368.162
-366.286
-364.265
-362.091
-359.757
-357.257
-354.577
-351.706
-348.63
-345.336
-341.806
-338.029
-333.992
-329.684
-325.1
-320.233
-315.084
-309.658
-303.962
-298.009
-291.815
-285.4
-278.787
-272
-265.065
-258.011
-250.865
-243.656
-236.409
-229.153
-221.911
-214.707
-207.564
-200.501
-193.538
-186.69
-179.972
-173.398
-166.979
-160.724
-154.642
-148.738
-143.017
-137.485
-132.143
-126.992
-122.034
-117.267
-112.688
-108.299
-104.094
-100.07
-96.2249
-92.5529
-89.0498
-85.711
-82.5313
-79.5057
-76.6289
-73.8955
-71.3003
-68.8379
-66.5031
-64.2908
-62.1959
-60.2134
-58.3387
-56.567
-54.894
-53.3153
-51.8271
-50.4254
-49.1065
-47.8669
-46.7036
-45.6136
-44.5939
-43.6422
-42.756
-41.9334
-41.1725
-40.4718
-39.8301
-39.2464
-38.7199
-38.2503
-37.8379
-37.483
-37.1868
-36.9509
-36.7777
-36.671
253.523
253.523
243.599
232.995
221.75
209.87
197.335
184.071
169.878
153.353
134.243
115.484
98.0934
81.0184
64.0711
47.1878
30.3543
13.5824
-3.1011
-19.6604
-36.0543
-52.2387
-68.1676
-83.7941
-99.0715
-113.953
-128.393
-142.346
-155.77
-168.623
-180.862
-192.451
-203.354
-213.535
-222.964
-231.612
-239.451
-246.459
-252.614
-257.897
-262.29
-265.79
-268.407
-270.126
-270.903
-270.736
-269.657
-267.683
-264.826
-261.103
-256.531
-251.133
-244.932
-237.954
-230.227
-221.781
-212.648
-202.863
-192.46
-181.477
-169.954
-157.928
-145.44
-132.533
-119.251
-105.64
-91.7485
-77.6261
-63.3231
-48.8912
-34.3818
-19.8469
-5.33732
9.09853
23.416
37.5673
51.4276
64.7963
77.7181
90.3261
102.564
114.364
125.667
136.426
146.593
156.13
164.997
173.159
180.587
187.253
193.132
198.204
202.447
205.846
208.387
210.062
210.861
210.779
209.815
207.97
205.248
201.656
197.2
191.894
185.754
178.796
171.041
162.51
153.231
143.229
132.535
121.183
109.206
96.6395
83.5237
69.8986
55.8064
41.2908
26.3973
11.1725
-4.33657
-20.0804
-36.0072
-52.0665
-68.2084
-84.3812
-100.533
-116.612
-132.567
-148.347
-163.9
-179.175
-194.125
-208.7
-222.852
-236.538
-249.713
-262.332
-274.356
-285.746
-296.466
-306.481
-315.758
-324.269
-331.986
-338.884
-344.942
-350.142
-354.467
-357.904
-360.447
-362.086
-362.811
-362.627
-361.539
-359.549
-356.665
-352.899
-348.263
-342.777
-336.458
-329.33
-321.418
-312.749
-303.353
-293.262
-282.513
-271.14
-259.183
-246.682
-233.679
-220.218
-206.345
-192.105
-177.545
-162.715
-147.664
-132.441
-117.096
-101.679
-86.2414
-70.8337
-55.5061
-40.3085
-25.2903
-10.5004
4.01332
18.2038
32.0252
45.4329
58.3833
70.8348
82.7472
94.082
104.803
114.874
124.264
132.942
140.879
148.049
154.43
160
164.74
168.633
171.668
173.832
175.116
175.517
175.034
173.663
171.407
168.273
164.268
159.404
153.694
147.155
139.804
131.665
122.759
113.114
102.758
91.7221
80.0394
67.745
54.8763
41.4721
27.5731
13.2208
-1.54652
-16.7133
-32.1977
-47.9165
-63.8507
-79.9569
-96.1866
-112.49
-128.814
-145.111
-161.329
-177.416
-193.324
-209.002
-224.401
-239.474
-254.174
-268.453
-282.27
-295.58
-308.341
-320.514
-332.063
-342.95
-353.143
-362.609
-371.32
-379.251
-386.377
-392.675
-398.129
-402.721
-406.44
-409.276
-411.216
-412.26
-412.412
-411.665
-410.026
-407.503
-404.104
-399.843
-394.736
-388.8
-382.057
-374.531
-366.246
-357.233
-347.521
-337.143
-326.134
-314.532
-302.375
-289.704
-276.561
-262.99
-249.036
-234.744
-220.163
-205.339
-190.322
-175.161
-159.905
-144.605
-129.31
-114.07
-98.9347
-83.9531
-69.1734
-54.6436
-40.4106
-26.5203
-13.0172
0.05543
12.6559
24.7441
36.2814
47.2315
57.5597
67.2336
76.2231
84.5003
92.0395
98.8178
104.814
110.012
114.395
117.951
120.669
122.545
123.573
123.751
123.082
121.572
119.225
116.053
112.066
107.282
101.718
95.3954
88.3366
80.5673
72.1156
63.0116
53.2877
42.9783
32.1196
20.7497
8.90845
-3.36278
-16.0213
-29.0232
-42.3232
-55.8747
-69.6319
-83.5683
-97.6067
-111.682
-125.775
-139.831
-153.8
-167.637
-181.29
-194.714
-207.862
-220.687
-233.145
-245.193
-256.787
-267.889
-278.457
-288.455
-297.847
-306.601
-314.683
-322.064
-328.718
-334.62
-339.748
-344.081
-347.601
-350.297
-352.154
-353.164
-353.32
-352.619
-351.059
-348.645
-345.38
-341.266
-336.318
-330.552
-323.978
-316.617
-308.488
-299.614
-290.021
-279.735
-268.787
-257.209
-245.034
-232.298
-219.038
-205.293
-191.105
-176.512
-161.559
-146.291
-130.751
-114.986
-99.0401
-82.9613
-66.7963
-50.5919
-34.3951
-18.2525
-2.21073
13.6842
29.387
44.8527
60.0378
74.8995
89.3962
103.487
117.134
130.298
142.945
155.039
166.548
177.441
187.69
197.269
206.152
214.316
221.741
228.409
234.304
239.412
243.722
247.224
249.912
251.78
252.826
253.05
252.454
251.042
248.823
245.803
241.992
237.405
232.055
225.96
219.138
211.61
203.397
194.524
185.016
174.9
164.205
152.961
141.198
128.949
116.246
103.122
89.6097
75.751
61.5904
47.1618
32.5015
17.6475
2.63809
-12.4883
-27.6928
-42.9368
-58.1818
-73.3896
-88.5224
-103.543
-118.416
-133.104
-147.575
-161.793
-175.728
-189.347
-202.622
-215.525
-228.031
-240.114
-251.751
-262.923
-273.611
-283.798
-293.47
-302.616
-311.225
-319.29
-326.805
-333.77
-340.183
-346.048
-351.367
-356.142
-360.389
-364.119
-367.345
-370.08
-372.345
-374.157
-375.539
-376.514
-377.107
-377.345
-377.256
-376.869
-376.213
-375.319
-374.218
-372.934
-371.49
-369.897
-368.162
-366.286
-364.265
-362.091
-359.757
-357.257
-354.577
-351.706
-348.63
-345.336
-341.806
-338.029
-333.992
-329.684
-325.1
-320.233
-315.084
-309.658
-303.962
-298.009
-291.815
-285.4
-278.787
-272
-265.065
-258.011
-250.865
-243.656
-236.409
-229.153
-221.911
-214.707
-207.564
-200.501
-193.538
-186.69
-179.972
-173.398
-166.979
-160.724
-154.642
-148.738
-143.017
-137.485
-132.143
-126.992
-122.034
-117.267
-112.688
-108.299
-104.094
-100.07
-96.2249
-92.5529
-89.0498
-85.711
-82.5313
-79.5057
-76.6289
-73.8955
-71.3003
-68.8379
-66.5031
-64.2908
-62.1959
-60.2134
-58.3387
-56.567
-54.894
-53.3153
-51.8271
-50.4254
-49.1065
-47.8669
-46.7036
-45.6136
-44.5939
-43.6422
-42.756
-41.9334
-41.1725
-40.4718
-39.8301
-39.2464
-38.7199
-38.2503
-37.8379
-37.483
-37.1868
-36.9509
-36.7777
-36.671
-36.6348
)
