FoamFile
{
    version 2.0;
    format  ascii;
    class   faceList;
    object  faces;
}
// ******************************************************************************************//


600
(
4(0 1 602 601)
4(1 2 603 602)
4(2 3 604 603)
4(3 4 605 604)
4(4 5 606 605)
4(5 6 607 606)
4(6 7 608 607)
4(7 8 609 608)
4(8 9 610 609)
4(9 10 611 610)
4(10 11 612 611)
4(11 12 613 612)
4(12 13 614 613)
4(13 14 615 614)
4(14 15 616 615)
4(15 16 617 616)
4(16 17 618 617)
4(17 18 619 618)
4(18 19 620 619)
4(19 20 621 620)
4(20 21 622 621)
4(21 22 623 622)
4(22 23 624 623)
4(23 24 625 624)
4(24 25 626 625)
4(25 26 627 626)
4(26 27 628 627)
4(27 28 629 628)
4(28 29 630 629)
4(29 30 631 630)
4(30 31 632 631)
4(31 32 633 632)
4(32 33 634 633)
4(33 34 635 634)
4(34 35 636 635)
4(35 36 637 636)
4(36 37 638 637)
4(37 38 639 638)
4(38 39 640 639)
4(39 40 641 640)
4(40 41 642 641)
4(41 42 643 642)
4(42 43 644 643)
4(43 44 645 644)
4(44 45 646 645)
4(45 46 647 646)
4(46 47 648 647)
4(47 48 649 648)
4(48 49 650 649)
4(49 50 651 650)
4(50 51 652 651)
4(51 52 653 652)
4(52 53 654 653)
4(53 54 655 654)
4(54 55 656 655)
4(55 56 657 656)
4(56 57 658 657)
4(57 58 659 658)
4(58 59 660 659)
4(59 60 661 660)
4(60 61 662 661)
4(61 62 663 662)
4(62 63 664 663)
4(63 64 665 664)
4(64 65 666 665)
4(65 66 667 666)
4(66 67 668 667)
4(67 68 669 668)
4(68 69 670 669)
4(69 70 671 670)
4(70 71 672 671)
4(71 72 673 672)
4(72 73 674 673)
4(73 74 675 674)
4(74 75 676 675)
4(75 76 677 676)
4(76 77 678 677)
4(77 78 679 678)
4(78 79 680 679)
4(79 80 681 680)
4(80 81 682 681)
4(81 82 683 682)
4(82 83 684 683)
4(83 84 685 684)
4(84 85 686 685)
4(85 86 687 686)
4(86 87 688 687)
4(87 88 689 688)
4(88 89 690 689)
4(89 90 691 690)
4(90 91 692 691)
4(91 92 693 692)
4(92 93 694 693)
4(93 94 695 694)
4(94 95 696 695)
4(95 96 697 696)
4(96 97 698 697)
4(97 98 699 698)
4(98 99 700 699)
4(99 100 701 700)
4(100 101 702 701)
4(101 102 703 702)
4(102 103 704 703)
4(103 104 705 704)
4(104 105 706 705)
4(105 106 707 706)
4(106 107 708 707)
4(107 108 709 708)
4(108 109 710 709)
4(109 110 711 710)
4(110 111 712 711)
4(111 112 713 712)
4(112 113 714 713)
4(113 114 715 714)
4(114 115 716 715)
4(115 116 717 716)
4(116 117 718 717)
4(117 118 719 718)
4(118 119 720 719)
4(119 120 721 720)
4(120 121 722 721)
4(121 122 723 722)
4(122 123 724 723)
4(123 124 725 724)
4(124 125 726 725)
4(125 126 727 726)
4(126 127 728 727)
4(127 128 729 728)
4(128 129 730 729)
4(129 130 731 730)
4(130 131 732 731)
4(131 132 733 732)
4(132 133 734 733)
4(133 134 735 734)
4(134 135 736 735)
4(135 136 737 736)
4(136 137 738 737)
4(137 138 739 738)
4(138 139 740 739)
4(139 140 741 740)
4(140 141 742 741)
4(141 142 743 742)
4(142 143 744 743)
4(143 144 745 744)
4(144 145 746 745)
4(145 146 747 746)
4(146 147 748 747)
4(147 148 749 748)
4(148 149 750 749)
4(149 150 751 750)
4(150 151 752 751)
4(151 152 753 752)
4(152 153 754 753)
4(153 154 755 754)
4(154 155 756 755)
4(155 156 757 756)
4(156 157 758 757)
4(157 158 759 758)
4(158 159 760 759)
4(159 160 761 760)
4(160 161 762 761)
4(161 162 763 762)
4(162 163 764 763)
4(163 164 765 764)
4(164 165 766 765)
4(165 166 767 766)
4(166 167 768 767)
4(167 168 769 768)
4(168 169 770 769)
4(169 170 771 770)
4(170 171 772 771)
4(171 172 773 772)
4(172 173 774 773)
4(173 174 775 774)
4(174 175 776 775)
4(175 176 777 776)
4(176 177 778 777)
4(177 178 779 778)
4(178 179 780 779)
4(179 180 781 780)
4(180 181 782 781)
4(181 182 783 782)
4(182 183 784 783)
4(183 184 785 784)
4(184 185 786 785)
4(185 186 787 786)
4(186 187 788 787)
4(187 188 789 788)
4(188 189 790 789)
4(189 190 791 790)
4(190 191 792 791)
4(191 192 793 792)
4(192 193 794 793)
4(193 194 795 794)
4(194 195 796 795)
4(195 196 797 796)
4(196 197 798 797)
4(197 198 799 798)
4(198 199 800 799)
4(199 200 801 800)
4(200 201 802 801)
4(201 202 803 802)
4(202 203 804 803)
4(203 204 805 804)
4(204 205 806 805)
4(205 206 807 806)
4(206 207 808 807)
4(207 208 809 808)
4(208 209 810 809)
4(209 210 811 810)
4(210 211 812 811)
4(211 212 813 812)
4(212 213 814 813)
4(213 214 815 814)
4(214 215 816 815)
4(215 216 817 816)
4(216 217 818 817)
4(217 218 819 818)
4(218 219 820 819)
4(219 220 821 820)
4(220 221 822 821)
4(221 222 823 822)
4(222 223 824 823)
4(223 224 825 824)
4(224 225 826 825)
4(225 226 827 826)
4(226 227 828 827)
4(227 228 829 828)
4(228 229 830 829)
4(229 230 831 830)
4(230 231 832 831)
4(231 232 833 832)
4(232 233 834 833)
4(233 234 835 834)
4(234 235 836 835)
4(235 236 837 836)
4(236 237 838 837)
4(237 238 839 838)
4(238 239 840 839)
4(239 240 841 840)
4(240 241 842 841)
4(241 242 843 842)
4(242 243 844 843)
4(243 244 845 844)
4(244 245 846 845)
4(245 246 847 846)
4(246 247 848 847)
4(247 248 849 848)
4(248 249 850 849)
4(249 250 851 850)
4(250 251 852 851)
4(251 252 853 852)
4(252 253 854 853)
4(253 254 855 854)
4(254 255 856 855)
4(255 256 857 856)
4(256 257 858 857)
4(257 258 859 858)
4(258 259 860 859)
4(259 260 861 860)
4(260 261 862 861)
4(261 262 863 862)
4(262 263 864 863)
4(263 264 865 864)
4(264 265 866 865)
4(265 266 867 866)
4(266 267 868 867)
4(267 268 869 868)
4(268 269 870 869)
4(269 270 871 870)
4(270 271 872 871)
4(271 272 873 872)
4(272 273 874 873)
4(273 274 875 874)
4(274 275 876 875)
4(275 276 877 876)
4(276 277 878 877)
4(277 278 879 878)
4(278 279 880 879)
4(279 280 881 880)
4(280 281 882 881)
4(281 282 883 882)
4(282 283 884 883)
4(283 284 885 884)
4(284 285 886 885)
4(285 286 887 886)
4(286 287 888 887)
4(287 288 889 888)
4(288 289 890 889)
4(289 290 891 890)
4(290 291 892 891)
4(291 292 893 892)
4(292 293 894 893)
4(293 294 895 894)
4(294 295 896 895)
4(295 296 897 896)
4(296 297 898 897)
4(297 298 899 898)
4(298 299 900 899)
4(299 300 901 900)
4(300 301 902 901)
4(301 302 903 902)
4(302 303 904 903)
4(303 304 905 904)
4(304 305 906 905)
4(305 306 907 906)
4(306 307 908 907)
4(307 308 909 908)
4(308 309 910 909)
4(309 310 911 910)
4(310 311 912 911)
4(311 312 913 912)
4(312 313 914 913)
4(313 314 915 914)
4(314 315 916 915)
4(315 316 917 916)
4(316 317 918 917)
4(317 318 919 918)
4(318 319 920 919)
4(319 320 921 920)
4(320 321 922 921)
4(321 322 923 922)
4(322 323 924 923)
4(323 324 925 924)
4(324 325 926 925)
4(325 326 927 926)
4(326 327 928 927)
4(327 328 929 928)
4(328 329 930 929)
4(329 330 931 930)
4(330 331 932 931)
4(331 332 933 932)
4(332 333 934 933)
4(333 334 935 934)
4(334 335 936 935)
4(335 336 937 936)
4(336 337 938 937)
4(337 338 939 938)
4(338 339 940 939)
4(339 340 941 940)
4(340 341 942 941)
4(341 342 943 942)
4(342 343 944 943)
4(343 344 945 944)
4(344 345 946 945)
4(345 346 947 946)
4(346 347 948 947)
4(347 348 949 948)
4(348 349 950 949)
4(349 350 951 950)
4(350 351 952 951)
4(351 352 953 952)
4(352 353 954 953)
4(353 354 955 954)
4(354 355 956 955)
4(355 356 957 956)
4(356 357 958 957)
4(357 358 959 958)
4(358 359 960 959)
4(359 360 961 960)
4(360 361 962 961)
4(361 362 963 962)
4(362 363 964 963)
4(363 364 965 964)
4(364 365 966 965)
4(365 366 967 966)
4(366 367 968 967)
4(367 368 969 968)
4(368 369 970 969)
4(369 370 971 970)
4(370 371 972 971)
4(371 372 973 972)
4(372 373 974 973)
4(373 374 975 974)
4(374 375 976 975)
4(375 376 977 976)
4(376 377 978 977)
4(377 378 979 978)
4(378 379 980 979)
4(379 380 981 980)
4(380 381 982 981)
4(381 382 983 982)
4(382 383 984 983)
4(383 384 985 984)
4(384 385 986 985)
4(385 386 987 986)
4(386 387 988 987)
4(387 388 989 988)
4(388 389 990 989)
4(389 390 991 990)
4(390 391 992 991)
4(391 392 993 992)
4(392 393 994 993)
4(393 394 995 994)
4(394 395 996 995)
4(395 396 997 996)
4(396 397 998 997)
4(397 398 999 998)
4(398 399 1000 999)
4(399 400 1001 1000)
4(400 401 1002 1001)
4(401 402 1003 1002)
4(402 403 1004 1003)
4(403 404 1005 1004)
4(404 405 1006 1005)
4(405 406 1007 1006)
4(406 407 1008 1007)
4(407 408 1009 1008)
4(408 409 1010 1009)
4(409 410 1011 1010)
4(410 411 1012 1011)
4(411 412 1013 1012)
4(412 413 1014 1013)
4(413 414 1015 1014)
4(414 415 1016 1015)
4(415 416 1017 1016)
4(416 417 1018 1017)
4(417 418 1019 1018)
4(418 419 1020 1019)
4(419 420 1021 1020)
4(420 421 1022 1021)
4(421 422 1023 1022)
4(422 423 1024 1023)
4(423 424 1025 1024)
4(424 425 1026 1025)
4(425 426 1027 1026)
4(426 427 1028 1027)
4(427 428 1029 1028)
4(428 429 1030 1029)
4(429 430 1031 1030)
4(430 431 1032 1031)
4(431 432 1033 1032)
4(432 433 1034 1033)
4(433 434 1035 1034)
4(434 435 1036 1035)
4(435 436 1037 1036)
4(436 437 1038 1037)
4(437 438 1039 1038)
4(438 439 1040 1039)
4(439 440 1041 1040)
4(440 441 1042 1041)
4(441 442 1043 1042)
4(442 443 1044 1043)
4(443 444 1045 1044)
4(444 445 1046 1045)
4(445 446 1047 1046)
4(446 447 1048 1047)
4(447 448 1049 1048)
4(448 449 1050 1049)
4(449 450 1051 1050)
4(450 451 1052 1051)
4(451 452 1053 1052)
4(452 453 1054 1053)
4(453 454 1055 1054)
4(454 455 1056 1055)
4(455 456 1057 1056)
4(456 457 1058 1057)
4(457 458 1059 1058)
4(458 459 1060 1059)
4(459 460 1061 1060)
4(460 461 1062 1061)
4(461 462 1063 1062)
4(462 463 1064 1063)
4(463 464 1065 1064)
4(464 465 1066 1065)
4(465 466 1067 1066)
4(466 467 1068 1067)
4(467 468 1069 1068)
4(468 469 1070 1069)
4(469 470 1071 1070)
4(470 471 1072 1071)
4(471 472 1073 1072)
4(472 473 1074 1073)
4(473 474 1075 1074)
4(474 475 1076 1075)
4(475 476 1077 1076)
4(476 477 1078 1077)
4(477 478 1079 1078)
4(478 479 1080 1079)
4(479 480 1081 1080)
4(480 481 1082 1081)
4(481 482 1083 1082)
4(482 483 1084 1083)
4(483 484 1085 1084)
4(484 485 1086 1085)
4(485 486 1087 1086)
4(486 487 1088 1087)
4(487 488 1089 1088)
4(488 489 1090 1089)
4(489 490 1091 1090)
4(490 491 1092 1091)
4(491 492 1093 1092)
4(492 493 1094 1093)
4(493 494 1095 1094)
4(494 495 1096 1095)
4(495 496 1097 1096)
4(496 497 1098 1097)
4(497 498 1099 1098)
4(498 499 1100 1099)
4(499 500 1101 1100)
4(500 501 1102 1101)
4(501 502 1103 1102)
4(502 503 1104 1103)
4(503 504 1105 1104)
4(504 505 1106 1105)
4(505 506 1107 1106)
4(506 507 1108 1107)
4(507 508 1109 1108)
4(508 509 1110 1109)
4(509 510 1111 1110)
4(510 511 1112 1111)
4(511 512 1113 1112)
4(512 513 1114 1113)
4(513 514 1115 1114)
4(514 515 1116 1115)
4(515 516 1117 1116)
4(516 517 1118 1117)
4(517 518 1119 1118)
4(518 519 1120 1119)
4(519 520 1121 1120)
4(520 521 1122 1121)
4(521 522 1123 1122)
4(522 523 1124 1123)
4(523 524 1125 1124)
4(524 525 1126 1125)
4(525 526 1127 1126)
4(526 527 1128 1127)
4(527 528 1129 1128)
4(528 529 1130 1129)
4(529 530 1131 1130)
4(530 531 1132 1131)
4(531 532 1133 1132)
4(532 533 1134 1133)
4(533 534 1135 1134)
4(534 535 1136 1135)
4(535 536 1137 1136)
4(536 537 1138 1137)
4(537 538 1139 1138)
4(538 539 1140 1139)
4(539 540 1141 1140)
4(540 541 1142 1141)
4(541 542 1143 1142)
4(542 543 1144 1143)
4(543 544 1145 1144)
4(544 545 1146 1145)
4(545 546 1147 1146)
4(546 547 1148 1147)
4(547 548 1149 1148)
4(548 549 1150 1149)
4(549 550 1151 1150)
4(550 551 1152 1151)
4(551 552 1153 1152)
4(552 553 1154 1153)
4(553 554 1155 1154)
4(554 555 1156 1155)
4(555 556 1157 1156)
4(556 557 1158 1157)
4(557 558 1159 1158)
4(558 559 1160 1159)
4(559 560 1161 1160)
4(560 561 1162 1161)
4(561 562 1163 1162)
4(562 563 1164 1163)
4(563 564 1165 1164)
4(564 565 1166 1165)
4(565 566 1167 1166)
4(566 567 1168 1167)
4(567 568 1169 1168)
4(568 569 1170 1169)
4(569 570 1171 1170)
4(570 571 1172 1171)
4(571 572 1173 1172)
4(572 573 1174 1173)
4(573 574 1175 1174)
4(574 575 1176 1175)
4(575 576 1177 1176)
4(576 577 1178 1177)
4(577 578 1179 1178)
4(578 579 1180 1179)
4(579 580 1181 1180)
4(580 581 1182 1181)
4(581 582 1183 1182)
4(582 583 1184 1183)
4(583 584 1185 1184)
4(584 585 1186 1185)
4(585 586 1187 1186)
4(586 587 1188 1187)
4(587 588 1189 1188)
4(588 589 1190 1189)
4(589 590 1191 1190)
4(590 591 1192 1191)
4(591 592 1193 1192)
4(592 593 1194 1193)
4(593 594 1195 1194)
4(594 595 1196 1195)
4(595 596 1197 1196)
4(596 597 1198 1197)
4(597 598 1199 1198)
4(598 599 1200 1199)
4(599 600 1201 1200)
)
