FoamFile
{
    version 2.0;
    format  ascii;
    class   vectorField;
    object  points;
}
// ******************************************************************************************//


1202
(
(0 -3 0)
(0.06 -3 0)
(0.12 -3 0)
(0.18 -3 0)
(0.24 -3 0)
(0.3 -3 0)
(0.36 -3 0)
(0.42 -3 0)
(0.48 -3 0)
(0.54 -3 0)
(0.6 -3 0)
(0.66 -3 0)
(0.72 -3 0)
(0.78 -3 0)
(0.84 -3 0)
(0.9 -3 0)
(0.96 -3 0)
(1.02 -3 0)
(1.08 -3 0)
(1.14 -3 0)
(1.2 -3 0)
(1.26 -3 0)
(1.32 -3 0)
(1.38 -3 0)
(1.44 -3 0)
(1.5 -3 0)
(1.56 -3 0)
(1.62 -3 0)
(1.68 -3 0)
(1.74 -3 0)
(1.8 -3 0)
(1.86 -3 0)
(1.92 -3 0)
(1.98 -3 0)
(2.04 -3 0)
(2.1 -3 0)
(2.16 -3 0)
(2.22 -3 0)
(2.28 -3 0)
(2.34 -3 0)
(2.4 -3 0)
(2.46 -3 0)
(2.52 -3 0)
(2.58 -3 0)
(2.64 -3 0)
(2.7 -3 0)
(2.76 -3 0)
(2.82 -3 0)
(2.88 -3 0)
(2.94 -3 0)
(3 -3 0)
(3.06 -3 0)
(3.12 -3 0)
(3.18 -3 0)
(3.24 -3 0)
(3.3 -3 0)
(3.36 -3 0)
(3.42 -3 0)
(3.48 -3 0)
(3.54 -3 0)
(3.6 -3 0)
(3.66 -3 0)
(3.72 -3 0)
(3.78 -3 0)
(3.84 -3 0)
(3.9 -3 0)
(3.96 -3 0)
(4.02 -3 0)
(4.08 -3 0)
(4.14 -3 0)
(4.2 -3 0)
(4.26 -3 0)
(4.32 -3 0)
(4.38 -3 0)
(4.44 -3 0)
(4.5 -3 0)
(4.56 -3 0)
(4.62 -3 0)
(4.68 -3 0)
(4.74 -3 0)
(4.8 -3 0)
(4.86 -3 0)
(4.92 -3 0)
(4.98 -3 0)
(5.04 -3 0)
(5.1 -3 0)
(5.16 -3 0)
(5.22 -3 0)
(5.28 -3 0)
(5.34 -3 0)
(5.4 -3 0)
(5.46 -3 0)
(5.52 -3 0)
(5.58 -3 0)
(5.64 -3 0)
(5.7 -3 0)
(5.76 -3 0)
(5.82 -3 0)
(5.88 -3 0)
(5.94 -3 0)
(6 -3 0)
(6.06 -3 0)
(6.12 -3 0)
(6.18 -3 0)
(6.24 -3 0)
(6.3 -3 0)
(6.36 -3 0)
(6.42 -3 0)
(6.48 -3 0)
(6.54 -3 0)
(6.6 -3 0)
(6.66 -3 0)
(6.72 -3 0)
(6.78 -3 0)
(6.84 -3 0)
(6.9 -3 0)
(6.96 -3 0)
(7.02 -3 0)
(7.08 -3 0)
(7.14 -3 0)
(7.2 -3 0)
(7.26 -3 0)
(7.32 -3 0)
(7.38 -3 0)
(7.44 -3 0)
(7.5 -3 0)
(7.56 -3 0)
(7.62 -3 0)
(7.68 -3 0)
(7.74 -3 0)
(7.8 -3 0)
(7.86 -3 0)
(7.92 -3 0)
(7.98 -3 0)
(8.04 -3 0)
(8.1 -3 0)
(8.16 -3 0)
(8.22 -3 0)
(8.28 -3 0)
(8.34 -3 0)
(8.4 -3 0)
(8.46 -3 0)
(8.52 -3 0)
(8.58 -3 0)
(8.64 -3 0)
(8.7 -3 0)
(8.76 -3 0)
(8.82 -3 0)
(8.88 -3 0)
(8.94 -3 0)
(9 -3 0)
(9.06 -3 0)
(9.12 -3 0)
(9.18 -3 0)
(9.24 -3 0)
(9.3 -3 0)
(9.36 -3 0)
(9.42 -3 0)
(9.48 -3 0)
(9.54 -3 0)
(9.6 -3 0)
(9.66 -3 0)
(9.72 -3 0)
(9.78 -3 0)
(9.84 -3 0)
(9.9 -3 0)
(9.96 -3 0)
(10.02 -3 0)
(10.08 -3 0)
(10.14 -3 0)
(10.2 -3 0)
(10.26 -3 0)
(10.32 -3 0)
(10.38 -3 0)
(10.44 -3 0)
(10.5 -3 0)
(10.56 -3 0)
(10.62 -3 0)
(10.68 -3 0)
(10.74 -3 0)
(10.8 -3 0)
(10.86 -3 0)
(10.92 -3 0)
(10.98 -3 0)
(11.04 -3 0)
(11.1 -3 0)
(11.16 -3 0)
(11.22 -3 0)
(11.28 -3 0)
(11.34 -3 0)
(11.4 -3 0)
(11.46 -3 0)
(11.52 -3 0)
(11.58 -3 0)
(11.64 -3 0)
(11.7 -3 0)
(11.76 -3 0)
(11.82 -3 0)
(11.88 -3 0)
(11.94 -3 0)
(12 -3 0)
(12.06 -3 0)
(12.12 -3 0)
(12.18 -3 0)
(12.24 -3 0)
(12.3 -3 0)
(12.36 -3 0)
(12.42 -3 0)
(12.48 -3 0)
(12.54 -3 0)
(12.6 -3 0)
(12.66 -3 0)
(12.72 -3 0)
(12.78 -3 0)
(12.84 -3 0)
(12.9 -3 0)
(12.96 -3 0)
(13.02 -3 0)
(13.08 -3 0)
(13.14 -3 0)
(13.2 -3 0)
(13.26 -3 0)
(13.32 -3 0)
(13.38 -3 0)
(13.44 -3 0)
(13.5 -3 0)
(13.56 -3 0)
(13.62 -3 0)
(13.68 -3 0)
(13.74 -3 0)
(13.8 -3 0)
(13.86 -3 0)
(13.92 -3 0)
(13.98 -3 0)
(14.04 -3 0)
(14.1 -3 0)
(14.16 -3 0)
(14.22 -3 0)
(14.28 -3 0)
(14.34 -3 0)
(14.4 -3 0)
(14.46 -3 0)
(14.52 -3 0)
(14.58 -3 0)
(14.64 -3 0)
(14.7 -3 0)
(14.76 -3 0)
(14.82 -3 0)
(14.88 -3 0)
(14.94 -3 0)
(15 -3 0)
(15.06 -3 0)
(15.12 -3 0)
(15.18 -3 0)
(15.24 -3 0)
(15.3 -3 0)
(15.36 -3 0)
(15.42 -3 0)
(15.48 -3 0)
(15.54 -3 0)
(15.6 -3 0)
(15.66 -3 0)
(15.72 -3 0)
(15.78 -3 0)
(15.84 -3 0)
(15.9 -3 0)
(15.96 -3 0)
(16.02 -3 0)
(16.08 -3 0)
(16.14 -3 0)
(16.2 -3 0)
(16.26 -3 0)
(16.32 -3 0)
(16.38 -3 0)
(16.44 -3 0)
(16.5 -3 0)
(16.56 -3 0)
(16.62 -3 0)
(16.68 -3 0)
(16.74 -3 0)
(16.8 -3 0)
(16.86 -3 0)
(16.92 -3 0)
(16.98 -3 0)
(17.04 -3 0)
(17.1 -3 0)
(17.16 -3 0)
(17.22 -3 0)
(17.28 -3 0)
(17.34 -3 0)
(17.4 -3 0)
(17.46 -3 0)
(17.52 -3 0)
(17.58 -3 0)
(17.64 -3 0)
(17.7 -3 0)
(17.76 -3 0)
(17.82 -3 0)
(17.88 -3 0)
(17.94 -3 0)
(18 -3 0)
(18.06 -3 0)
(18.12 -3 0)
(18.18 -3 0)
(18.24 -3 0)
(18.3 -3 0)
(18.36 -3 0)
(18.42 -3 0)
(18.48 -3 0)
(18.54 -3 0)
(18.6 -3 0)
(18.66 -3 0)
(18.72 -3 0)
(18.78 -3 0)
(18.84 -3 0)
(18.9 -3 0)
(18.96 -3 0)
(19.02 -3 0)
(19.08 -3 0)
(19.14 -3 0)
(19.2 -3 0)
(19.26 -3 0)
(19.32 -3 0)
(19.38 -3 0)
(19.44 -3 0)
(19.5 -3 0)
(19.56 -3 0)
(19.62 -3 0)
(19.68 -3 0)
(19.74 -3 0)
(19.8 -3 0)
(19.86 -3 0)
(19.92 -3 0)
(19.98 -3 0)
(20.04 -3 0)
(20.1 -3 0)
(20.16 -3 0)
(20.22 -3 0)
(20.28 -3 0)
(20.34 -3 0)
(20.4 -3 0)
(20.46 -3 0)
(20.52 -3 0)
(20.58 -3 0)
(20.64 -3 0)
(20.7 -3 0)
(20.76 -3 0)
(20.82 -3 0)
(20.88 -3 0)
(20.94 -3 0)
(21 -3 0)
(21.06 -3 0)
(21.12 -3 0)
(21.18 -3 0)
(21.24 -3 0)
(21.3 -3 0)
(21.36 -3 0)
(21.42 -3 0)
(21.48 -3 0)
(21.54 -3 0)
(21.6 -3 0)
(21.66 -3 0)
(21.72 -3 0)
(21.78 -3 0)
(21.84 -3 0)
(21.9 -3 0)
(21.96 -3 0)
(22.02 -3 0)
(22.08 -3 0)
(22.14 -3 0)
(22.2 -3 0)
(22.26 -3 0)
(22.32 -3 0)
(22.38 -3 0)
(22.44 -3 0)
(22.5 -3 0)
(22.56 -3 0)
(22.62 -3 0)
(22.68 -3 0)
(22.74 -3 0)
(22.8 -3 0)
(22.86 -3 0)
(22.92 -3 0)
(22.98 -3 0)
(23.04 -3 0)
(23.1 -3 0)
(23.16 -3 0)
(23.22 -3 0)
(23.28 -3 0)
(23.34 -3 0)
(23.4 -3 0)
(23.46 -3 0)
(23.52 -3 0)
(23.58 -3 0)
(23.64 -3 0)
(23.7 -3 0)
(23.76 -3 0)
(23.82 -3 0)
(23.88 -3 0)
(23.94 -3 0)
(24 -3 0)
(24.06 -3 0)
(24.12 -3 0)
(24.18 -3 0)
(24.24 -3 0)
(24.3 -3 0)
(24.36 -3 0)
(24.42 -3 0)
(24.48 -3 0)
(24.54 -3 0)
(24.6 -3 0)
(24.66 -3 0)
(24.72 -3 0)
(24.78 -3 0)
(24.84 -3 0)
(24.9 -3 0)
(24.96 -3 0)
(25.02 -3 0)
(25.08 -3 0)
(25.14 -3 0)
(25.2 -3 0)
(25.26 -3 0)
(25.32 -3 0)
(25.38 -3 0)
(25.44 -3 0)
(25.5 -3 0)
(25.56 -3 0)
(25.62 -3 0)
(25.68 -3 0)
(25.74 -3 0)
(25.8 -3 0)
(25.86 -3 0)
(25.92 -3 0)
(25.98 -3 0)
(26.04 -3 0)
(26.1 -3 0)
(26.16 -3 0)
(26.22 -3 0)
(26.28 -3 0)
(26.34 -3 0)
(26.4 -3 0)
(26.46 -3 0)
(26.52 -3 0)
(26.58 -3 0)
(26.64 -3 0)
(26.7 -3 0)
(26.76 -3 0)
(26.82 -3 0)
(26.88 -3 0)
(26.94 -3 0)
(27 -3 0)
(27.06 -3 0)
(27.12 -3 0)
(27.18 -3 0)
(27.24 -3 0)
(27.3 -3 0)
(27.36 -3 0)
(27.42 -3 0)
(27.48 -3 0)
(27.54 -3 0)
(27.6 -3 0)
(27.66 -3 0)
(27.72 -3 0)
(27.78 -3 0)
(27.84 -3 0)
(27.9 -3 0)
(27.96 -3 0)
(28.02 -3 0)
(28.08 -3 0)
(28.14 -3 0)
(28.2 -3 0)
(28.26 -3 0)
(28.32 -3 0)
(28.38 -3 0)
(28.44 -3 0)
(28.5 -3 0)
(28.56 -3 0)
(28.62 -3 0)
(28.68 -3 0)
(28.74 -3 0)
(28.8 -3 0)
(28.86 -3 0)
(28.92 -3 0)
(28.98 -3 0)
(29.04 -3 0)
(29.1 -3 0)
(29.16 -3 0)
(29.22 -3 0)
(29.28 -3 0)
(29.34 -3 0)
(29.4 -3 0)
(29.46 -3 0)
(29.52 -3 0)
(29.58 -3 0)
(29.64 -3 0)
(29.7 -3 0)
(29.76 -3 0)
(29.82 -3 0)
(29.88 -3 0)
(29.94 -3 0)
(30 -3 0)
(30.06 -3 0)
(30.12 -3 0)
(30.18 -3 0)
(30.24 -3 0)
(30.3 -3 0)
(30.36 -3 0)
(30.42 -3 0)
(30.48 -3 0)
(30.54 -3 0)
(30.6 -3 0)
(30.66 -3 0)
(30.72 -3 0)
(30.78 -3 0)
(30.84 -3 0)
(30.9 -3 0)
(30.96 -3 0)
(31.02 -3 0)
(31.08 -3 0)
(31.14 -3 0)
(31.2 -3 0)
(31.26 -3 0)
(31.32 -3 0)
(31.38 -3 0)
(31.44 -3 0)
(31.5 -3 0)
(31.56 -3 0)
(31.62 -3 0)
(31.68 -3 0)
(31.74 -3 0)
(31.8 -3 0)
(31.86 -3 0)
(31.92 -3 0)
(31.98 -3 0)
(32.04 -3 0)
(32.1 -3 0)
(32.16 -3 0)
(32.22 -3 0)
(32.28 -3 0)
(32.34 -3 0)
(32.4 -3 0)
(32.46 -3 0)
(32.52 -3 0)
(32.58 -3 0)
(32.64 -3 0)
(32.7 -3 0)
(32.76 -3 0)
(32.82 -3 0)
(32.88 -3 0)
(32.94 -3 0)
(33 -3 0)
(33.06 -3 0)
(33.12 -3 0)
(33.18 -3 0)
(33.24 -3 0)
(33.3 -3 0)
(33.36 -3 0)
(33.42 -3 0)
(33.48 -3 0)
(33.54 -3 0)
(33.6 -3 0)
(33.66 -3 0)
(33.72 -3 0)
(33.78 -3 0)
(33.84 -3 0)
(33.9 -3 0)
(33.96 -3 0)
(34.02 -3 0)
(34.08 -3 0)
(34.14 -3 0)
(34.2 -3 0)
(34.26 -3 0)
(34.32 -3 0)
(34.38 -3 0)
(34.44 -3 0)
(34.5 -3 0)
(34.56 -3 0)
(34.62 -3 0)
(34.68 -3 0)
(34.74 -3 0)
(34.8 -3 0)
(34.86 -3 0)
(34.92 -3 0)
(34.98 -3 0)
(35.04 -3 0)
(35.1 -3 0)
(35.16 -3 0)
(35.22 -3 0)
(35.28 -3 0)
(35.34 -3 0)
(35.4 -3 0)
(35.46 -3 0)
(35.52 -3 0)
(35.58 -3 0)
(35.64 -3 0)
(35.7 -3 0)
(35.76 -3 0)
(35.82 -3 0)
(35.88 -3 0)
(35.94 -3 0)
(36 -3 0)
(0 -3 0.1)
(0.06 -3 0.1)
(0.12 -3 0.1)
(0.18 -3 0.1)
(0.24 -3 0.1)
(0.3 -3 0.1)
(0.36 -3 0.1)
(0.42 -3 0.1)
(0.48 -3 0.1)
(0.54 -3 0.1)
(0.6 -3 0.1)
(0.66 -3 0.1)
(0.72 -3 0.1)
(0.78 -3 0.1)
(0.84 -3 0.1)
(0.9 -3 0.1)
(0.96 -3 0.1)
(1.02 -3 0.1)
(1.08 -3 0.1)
(1.14 -3 0.1)
(1.2 -3 0.1)
(1.26 -3 0.1)
(1.32 -3 0.1)
(1.38 -3 0.1)
(1.44 -3 0.1)
(1.5 -3 0.1)
(1.56 -3 0.1)
(1.62 -3 0.1)
(1.68 -3 0.1)
(1.74 -3 0.1)
(1.8 -3 0.1)
(1.86 -3 0.1)
(1.92 -3 0.1)
(1.98 -3 0.1)
(2.04 -3 0.1)
(2.1 -3 0.1)
(2.16 -3 0.1)
(2.22 -3 0.1)
(2.28 -3 0.1)
(2.34 -3 0.1)
(2.4 -3 0.1)
(2.46 -3 0.1)
(2.52 -3 0.1)
(2.58 -3 0.1)
(2.64 -3 0.1)
(2.7 -3 0.1)
(2.76 -3 0.1)
(2.82 -3 0.1)
(2.88 -3 0.1)
(2.94 -3 0.1)
(3 -3 0.1)
(3.06 -3 0.1)
(3.12 -3 0.1)
(3.18 -3 0.1)
(3.24 -3 0.1)
(3.3 -3 0.1)
(3.36 -3 0.1)
(3.42 -3 0.1)
(3.48 -3 0.1)
(3.54 -3 0.1)
(3.6 -3 0.1)
(3.66 -3 0.1)
(3.72 -3 0.1)
(3.78 -3 0.1)
(3.84 -3 0.1)
(3.9 -3 0.1)
(3.96 -3 0.1)
(4.02 -3 0.1)
(4.08 -3 0.1)
(4.14 -3 0.1)
(4.2 -3 0.1)
(4.26 -3 0.1)
(4.32 -3 0.1)
(4.38 -3 0.1)
(4.44 -3 0.1)
(4.5 -3 0.1)
(4.56 -3 0.1)
(4.62 -3 0.1)
(4.68 -3 0.1)
(4.74 -3 0.1)
(4.8 -3 0.1)
(4.86 -3 0.1)
(4.92 -3 0.1)
(4.98 -3 0.1)
(5.04 -3 0.1)
(5.1 -3 0.1)
(5.16 -3 0.1)
(5.22 -3 0.1)
(5.28 -3 0.1)
(5.34 -3 0.1)
(5.4 -3 0.1)
(5.46 -3 0.1)
(5.52 -3 0.1)
(5.58 -3 0.1)
(5.64 -3 0.1)
(5.7 -3 0.1)
(5.76 -3 0.1)
(5.82 -3 0.1)
(5.88 -3 0.1)
(5.94 -3 0.1)
(6 -3 0.1)
(6.06 -3 0.1)
(6.12 -3 0.1)
(6.18 -3 0.1)
(6.24 -3 0.1)
(6.3 -3 0.1)
(6.36 -3 0.1)
(6.42 -3 0.1)
(6.48 -3 0.1)
(6.54 -3 0.1)
(6.6 -3 0.1)
(6.66 -3 0.1)
(6.72 -3 0.1)
(6.78 -3 0.1)
(6.84 -3 0.1)
(6.9 -3 0.1)
(6.96 -3 0.1)
(7.02 -3 0.1)
(7.08 -3 0.1)
(7.14 -3 0.1)
(7.2 -3 0.1)
(7.26 -3 0.1)
(7.32 -3 0.1)
(7.38 -3 0.1)
(7.44 -3 0.1)
(7.5 -3 0.1)
(7.56 -3 0.1)
(7.62 -3 0.1)
(7.68 -3 0.1)
(7.74 -3 0.1)
(7.8 -3 0.1)
(7.86 -3 0.1)
(7.92 -3 0.1)
(7.98 -3 0.1)
(8.04 -3 0.1)
(8.1 -3 0.1)
(8.16 -3 0.1)
(8.22 -3 0.1)
(8.28 -3 0.1)
(8.34 -3 0.1)
(8.4 -3 0.1)
(8.46 -3 0.1)
(8.52 -3 0.1)
(8.58 -3 0.1)
(8.64 -3 0.1)
(8.7 -3 0.1)
(8.76 -3 0.1)
(8.82 -3 0.1)
(8.88 -3 0.1)
(8.94 -3 0.1)
(9 -3 0.1)
(9.06 -3 0.1)
(9.12 -3 0.1)
(9.18 -3 0.1)
(9.24 -3 0.1)
(9.3 -3 0.1)
(9.36 -3 0.1)
(9.42 -3 0.1)
(9.48 -3 0.1)
(9.54 -3 0.1)
(9.6 -3 0.1)
(9.66 -3 0.1)
(9.72 -3 0.1)
(9.78 -3 0.1)
(9.84 -3 0.1)
(9.9 -3 0.1)
(9.96 -3 0.1)
(10.02 -3 0.1)
(10.08 -3 0.1)
(10.14 -3 0.1)
(10.2 -3 0.1)
(10.26 -3 0.1)
(10.32 -3 0.1)
(10.38 -3 0.1)
(10.44 -3 0.1)
(10.5 -3 0.1)
(10.56 -3 0.1)
(10.62 -3 0.1)
(10.68 -3 0.1)
(10.74 -3 0.1)
(10.8 -3 0.1)
(10.86 -3 0.1)
(10.92 -3 0.1)
(10.98 -3 0.1)
(11.04 -3 0.1)
(11.1 -3 0.1)
(11.16 -3 0.1)
(11.22 -3 0.1)
(11.28 -3 0.1)
(11.34 -3 0.1)
(11.4 -3 0.1)
(11.46 -3 0.1)
(11.52 -3 0.1)
(11.58 -3 0.1)
(11.64 -3 0.1)
(11.7 -3 0.1)
(11.76 -3 0.1)
(11.82 -3 0.1)
(11.88 -3 0.1)
(11.94 -3 0.1)
(12 -3 0.1)
(12.06 -3 0.1)
(12.12 -3 0.1)
(12.18 -3 0.1)
(12.24 -3 0.1)
(12.3 -3 0.1)
(12.36 -3 0.1)
(12.42 -3 0.1)
(12.48 -3 0.1)
(12.54 -3 0.1)
(12.6 -3 0.1)
(12.66 -3 0.1)
(12.72 -3 0.1)
(12.78 -3 0.1)
(12.84 -3 0.1)
(12.9 -3 0.1)
(12.96 -3 0.1)
(13.02 -3 0.1)
(13.08 -3 0.1)
(13.14 -3 0.1)
(13.2 -3 0.1)
(13.26 -3 0.1)
(13.32 -3 0.1)
(13.38 -3 0.1)
(13.44 -3 0.1)
(13.5 -3 0.1)
(13.56 -3 0.1)
(13.62 -3 0.1)
(13.68 -3 0.1)
(13.74 -3 0.1)
(13.8 -3 0.1)
(13.86 -3 0.1)
(13.92 -3 0.1)
(13.98 -3 0.1)
(14.04 -3 0.1)
(14.1 -3 0.1)
(14.16 -3 0.1)
(14.22 -3 0.1)
(14.28 -3 0.1)
(14.34 -3 0.1)
(14.4 -3 0.1)
(14.46 -3 0.1)
(14.52 -3 0.1)
(14.58 -3 0.1)
(14.64 -3 0.1)
(14.7 -3 0.1)
(14.76 -3 0.1)
(14.82 -3 0.1)
(14.88 -3 0.1)
(14.94 -3 0.1)
(15 -3 0.1)
(15.06 -3 0.1)
(15.12 -3 0.1)
(15.18 -3 0.1)
(15.24 -3 0.1)
(15.3 -3 0.1)
(15.36 -3 0.1)
(15.42 -3 0.1)
(15.48 -3 0.1)
(15.54 -3 0.1)
(15.6 -3 0.1)
(15.66 -3 0.1)
(15.72 -3 0.1)
(15.78 -3 0.1)
(15.84 -3 0.1)
(15.9 -3 0.1)
(15.96 -3 0.1)
(16.02 -3 0.1)
(16.08 -3 0.1)
(16.14 -3 0.1)
(16.2 -3 0.1)
(16.26 -3 0.1)
(16.32 -3 0.1)
(16.38 -3 0.1)
(16.44 -3 0.1)
(16.5 -3 0.1)
(16.56 -3 0.1)
(16.62 -3 0.1)
(16.68 -3 0.1)
(16.74 -3 0.1)
(16.8 -3 0.1)
(16.86 -3 0.1)
(16.92 -3 0.1)
(16.98 -3 0.1)
(17.04 -3 0.1)
(17.1 -3 0.1)
(17.16 -3 0.1)
(17.22 -3 0.1)
(17.28 -3 0.1)
(17.34 -3 0.1)
(17.4 -3 0.1)
(17.46 -3 0.1)
(17.52 -3 0.1)
(17.58 -3 0.1)
(17.64 -3 0.1)
(17.7 -3 0.1)
(17.76 -3 0.1)
(17.82 -3 0.1)
(17.88 -3 0.1)
(17.94 -3 0.1)
(18 -3 0.1)
(18.06 -3 0.1)
(18.12 -3 0.1)
(18.18 -3 0.1)
(18.24 -3 0.1)
(18.3 -3 0.1)
(18.36 -3 0.1)
(18.42 -3 0.1)
(18.48 -3 0.1)
(18.54 -3 0.1)
(18.6 -3 0.1)
(18.66 -3 0.1)
(18.72 -3 0.1)
(18.78 -3 0.1)
(18.84 -3 0.1)
(18.9 -3 0.1)
(18.96 -3 0.1)
(19.02 -3 0.1)
(19.08 -3 0.1)
(19.14 -3 0.1)
(19.2 -3 0.1)
(19.26 -3 0.1)
(19.32 -3 0.1)
(19.38 -3 0.1)
(19.44 -3 0.1)
(19.5 -3 0.1)
(19.56 -3 0.1)
(19.62 -3 0.1)
(19.68 -3 0.1)
(19.74 -3 0.1)
(19.8 -3 0.1)
(19.86 -3 0.1)
(19.92 -3 0.1)
(19.98 -3 0.1)
(20.04 -3 0.1)
(20.1 -3 0.1)
(20.16 -3 0.1)
(20.22 -3 0.1)
(20.28 -3 0.1)
(20.34 -3 0.1)
(20.4 -3 0.1)
(20.46 -3 0.1)
(20.52 -3 0.1)
(20.58 -3 0.1)
(20.64 -3 0.1)
(20.7 -3 0.1)
(20.76 -3 0.1)
(20.82 -3 0.1)
(20.88 -3 0.1)
(20.94 -3 0.1)
(21 -3 0.1)
(21.06 -3 0.1)
(21.12 -3 0.1)
(21.18 -3 0.1)
(21.24 -3 0.1)
(21.3 -3 0.1)
(21.36 -3 0.1)
(21.42 -3 0.1)
(21.48 -3 0.1)
(21.54 -3 0.1)
(21.6 -3 0.1)
(21.66 -3 0.1)
(21.72 -3 0.1)
(21.78 -3 0.1)
(21.84 -3 0.1)
(21.9 -3 0.1)
(21.96 -3 0.1)
(22.02 -3 0.1)
(22.08 -3 0.1)
(22.14 -3 0.1)
(22.2 -3 0.1)
(22.26 -3 0.1)
(22.32 -3 0.1)
(22.38 -3 0.1)
(22.44 -3 0.1)
(22.5 -3 0.1)
(22.56 -3 0.1)
(22.62 -3 0.1)
(22.68 -3 0.1)
(22.74 -3 0.1)
(22.8 -3 0.1)
(22.86 -3 0.1)
(22.92 -3 0.1)
(22.98 -3 0.1)
(23.04 -3 0.1)
(23.1 -3 0.1)
(23.16 -3 0.1)
(23.22 -3 0.1)
(23.28 -3 0.1)
(23.34 -3 0.1)
(23.4 -3 0.1)
(23.46 -3 0.1)
(23.52 -3 0.1)
(23.58 -3 0.1)
(23.64 -3 0.1)
(23.7 -3 0.1)
(23.76 -3 0.1)
(23.82 -3 0.1)
(23.88 -3 0.1)
(23.94 -3 0.1)
(24 -3 0.1)
(24.06 -3 0.1)
(24.12 -3 0.1)
(24.18 -3 0.1)
(24.24 -3 0.1)
(24.3 -3 0.1)
(24.36 -3 0.1)
(24.42 -3 0.1)
(24.48 -3 0.1)
(24.54 -3 0.1)
(24.6 -3 0.1)
(24.66 -3 0.1)
(24.72 -3 0.1)
(24.78 -3 0.1)
(24.84 -3 0.1)
(24.9 -3 0.1)
(24.96 -3 0.1)
(25.02 -3 0.1)
(25.08 -3 0.1)
(25.14 -3 0.1)
(25.2 -3 0.1)
(25.26 -3 0.1)
(25.32 -3 0.1)
(25.38 -3 0.1)
(25.44 -3 0.1)
(25.5 -3 0.1)
(25.56 -3 0.1)
(25.62 -3 0.1)
(25.68 -3 0.1)
(25.74 -3 0.1)
(25.8 -3 0.1)
(25.86 -3 0.1)
(25.92 -3 0.1)
(25.98 -3 0.1)
(26.04 -3 0.1)
(26.1 -3 0.1)
(26.16 -3 0.1)
(26.22 -3 0.1)
(26.28 -3 0.1)
(26.34 -3 0.1)
(26.4 -3 0.1)
(26.46 -3 0.1)
(26.52 -3 0.1)
(26.58 -3 0.1)
(26.64 -3 0.1)
(26.7 -3 0.1)
(26.76 -3 0.1)
(26.82 -3 0.1)
(26.88 -3 0.1)
(26.94 -3 0.1)
(27 -3 0.1)
(27.06 -3 0.1)
(27.12 -3 0.1)
(27.18 -3 0.1)
(27.24 -3 0.1)
(27.3 -3 0.1)
(27.36 -3 0.1)
(27.42 -3 0.1)
(27.48 -3 0.1)
(27.54 -3 0.1)
(27.6 -3 0.1)
(27.66 -3 0.1)
(27.72 -3 0.1)
(27.78 -3 0.1)
(27.84 -3 0.1)
(27.9 -3 0.1)
(27.96 -3 0.1)
(28.02 -3 0.1)
(28.08 -3 0.1)
(28.14 -3 0.1)
(28.2 -3 0.1)
(28.26 -3 0.1)
(28.32 -3 0.1)
(28.38 -3 0.1)
(28.44 -3 0.1)
(28.5 -3 0.1)
(28.56 -3 0.1)
(28.62 -3 0.1)
(28.68 -3 0.1)
(28.74 -3 0.1)
(28.8 -3 0.1)
(28.86 -3 0.1)
(28.92 -3 0.1)
(28.98 -3 0.1)
(29.04 -3 0.1)
(29.1 -3 0.1)
(29.16 -3 0.1)
(29.22 -3 0.1)
(29.28 -3 0.1)
(29.34 -3 0.1)
(29.4 -3 0.1)
(29.46 -3 0.1)
(29.52 -3 0.1)
(29.58 -3 0.1)
(29.64 -3 0.1)
(29.7 -3 0.1)
(29.76 -3 0.1)
(29.82 -3 0.1)
(29.88 -3 0.1)
(29.94 -3 0.1)
(30 -3 0.1)
(30.06 -3 0.1)
(30.12 -3 0.1)
(30.18 -3 0.1)
(30.24 -3 0.1)
(30.3 -3 0.1)
(30.36 -3 0.1)
(30.42 -3 0.1)
(30.48 -3 0.1)
(30.54 -3 0.1)
(30.6 -3 0.1)
(30.66 -3 0.1)
(30.72 -3 0.1)
(30.78 -3 0.1)
(30.84 -3 0.1)
(30.9 -3 0.1)
(30.96 -3 0.1)
(31.02 -3 0.1)
(31.08 -3 0.1)
(31.14 -3 0.1)
(31.2 -3 0.1)
(31.26 -3 0.1)
(31.32 -3 0.1)
(31.38 -3 0.1)
(31.44 -3 0.1)
(31.5 -3 0.1)
(31.56 -3 0.1)
(31.62 -3 0.1)
(31.68 -3 0.1)
(31.74 -3 0.1)
(31.8 -3 0.1)
(31.86 -3 0.1)
(31.92 -3 0.1)
(31.98 -3 0.1)
(32.04 -3 0.1)
(32.1 -3 0.1)
(32.16 -3 0.1)
(32.22 -3 0.1)
(32.28 -3 0.1)
(32.34 -3 0.1)
(32.4 -3 0.1)
(32.46 -3 0.1)
(32.52 -3 0.1)
(32.58 -3 0.1)
(32.64 -3 0.1)
(32.7 -3 0.1)
(32.76 -3 0.1)
(32.82 -3 0.1)
(32.88 -3 0.1)
(32.94 -3 0.1)
(33 -3 0.1)
(33.06 -3 0.1)
(33.12 -3 0.1)
(33.18 -3 0.1)
(33.24 -3 0.1)
(33.3 -3 0.1)
(33.36 -3 0.1)
(33.42 -3 0.1)
(33.48 -3 0.1)
(33.54 -3 0.1)
(33.6 -3 0.1)
(33.66 -3 0.1)
(33.72 -3 0.1)
(33.78 -3 0.1)
(33.84 -3 0.1)
(33.9 -3 0.1)
(33.96 -3 0.1)
(34.02 -3 0.1)
(34.08 -3 0.1)
(34.14 -3 0.1)
(34.2 -3 0.1)
(34.26 -3 0.1)
(34.32 -3 0.1)
(34.38 -3 0.1)
(34.44 -3 0.1)
(34.5 -3 0.1)
(34.56 -3 0.1)
(34.62 -3 0.1)
(34.68 -3 0.1)
(34.74 -3 0.1)
(34.8 -3 0.1)
(34.86 -3 0.1)
(34.92 -3 0.1)
(34.98 -3 0.1)
(35.04 -3 0.1)
(35.1 -3 0.1)
(35.16 -3 0.1)
(35.22 -3 0.1)
(35.28 -3 0.1)
(35.34 -3 0.1)
(35.4 -3 0.1)
(35.46 -3 0.1)
(35.52 -3 0.1)
(35.58 -3 0.1)
(35.64 -3 0.1)
(35.7 -3 0.1)
(35.76 -3 0.1)
(35.82 -3 0.1)
(35.88 -3 0.1)
(35.94 -3 0.1)
(36 -3 0.1)
)
