FoamFile
{
    version     2.0;
    format      ascii;
    class       scalarAverageField;
    object      values;
}
// **********************************************************************//
0.0

1202
(
73.7587
69.6649
73.7587
83.3752
95.0075
107.224
119.301
131.045
142.351
153.142
163.36
172.956
181.889
190.12
197.619
204.356
210.306
215.447
219.76
223.23
225.844
227.592
228.464
228.465
227.601
225.868
223.264
219.792
215.458
210.273
204.25
197.4
189.739
181.285
172.053
162.065
151.339
139.894
127.754
114.942
101.487
87.5418
73.4988
55.9664
37.3695
21.0081
4.36547
-12.3116
-29.0185
-45.7274
-62.4018
-79.0015
-95.4831
-111.802
-127.91
-143.762
-159.307
-174.499
-189.29
-203.632
-217.477
-230.783
-243.503
-255.596
-267.022
-277.741
-287.719
-296.921
-305.317
-312.878
-319.579
-325.399
-330.315
-334.312
-337.389
-339.548
-340.757
-340.986
-340.242
-338.541
-335.893
-332.312
-327.812
-322.413
-316.136
-309.007
-301.052
-292.302
-282.793
-272.56
-261.64
-250.076
-237.91
-225.184
-211.942
-198.23
-184.094
-169.58
-154.737
-139.615
-124.263
-108.732
-93.0726
-77.3356
-61.5721
-45.8331
-30.1692
-14.6305
0.73333
15.8736
30.7423
45.2926
59.4787
73.2564
86.5829
99.4165
111.718
123.449
134.575
145.06
154.873
163.983
172.365
179.994
186.845
192.898
198.137
202.546
206.111
208.824
210.675
211.661
211.784
211.039
209.431
206.966
203.653
199.503
194.531
188.754
182.188
174.859
166.788
158.003
148.531
138.405
127.657
116.322
104.438
92.0431
79.1774
65.8834
52.2045
38.185
23.8711
9.31187
-5.44493
-20.3518
-35.3593
-50.4179
-65.4778
-80.4891
-95.4017
-110.167
-124.735
-139.056
-153.084
-166.773
-180.075
-192.946
-205.345
-217.227
-228.556
-239.292
-249.399
-258.844
-267.594
-275.621
-282.898
-289.401
-295.108
-300
-304.06
-307.278
-309.642
-311.14
-311.769
-311.532
-310.427
-308.458
-305.633
-301.961
-297.453
-292.127
-286
-279.091
-271.426
-263.029
-253.928
-244.155
-233.74
-222.719
-211.126
-199.001
-186.384
-173.314
-159.834
-145.989
-131.821
-117.378
-102.704
-87.8473
-72.8541
-57.7721
-42.6487
-27.5314
-12.4677
2.49569
17.3122
31.9359
46.3213
60.4245
74.202
87.6118
100.613
113.166
125.232
136.776
147.762
158.157
167.93
177.052
185.494
193.234
200.247
206.512
212.011
216.728
220.649
223.762
226.059
227.532
228.181
228.002
226.993
225.162
222.512
219.053
214.796
209.755
203.944
197.382
190.088
182.088
173.404
164.065
154.098
143.536
132.41
120.756
108.608
96.0003
82.9594
69.5404
55.807
41.7918
27.5306
13.0673
-1.55301
-16.2845
-31.0811
-45.8961
-60.6832
-75.396
-89.9881
-104.414
-118.627
-132.585
-146.243
-159.558
-172.488
-184.992
-197.032
-208.57
-219.57
-229.998
-239.82
-249.007
-257.53
-265.363
-272.482
-278.865
-284.493
-289.347
-293.417
-296.689
-299.149
-300.793
-301.621
-301.629
-300.816
-299.188
-296.75
-293.511
-289.483
-284.68
-279.118
-272.814
-265.791
-258.072
-249.682
-240.649
-231.001
-220.77
-209.99
-198.695
-186.921
-174.705
-162.088
-149.11
-135.811
-122.235
-108.424
-94.4218
-80.2734
-66.0234
-51.7172
-37.4001
-23.1173
-8.91432
5.16373
19.0718
32.7658
46.2023
59.338
72.1309
84.5395
96.5238
108.044
119.064
129.547
139.457
148.762
157.43
165.431
172.738
179.324
185.166
190.243
194.533
198.022
200.692
202.533
203.534
203.688
202.989
201.435
199.026
195.764
191.656
186.709
180.933
174.341
166.951
158.779
149.846
140.177
129.796
118.732
107.015
94.6773
81.754
68.2813
54.297
39.8424
24.9612
9.6968
-5.9063
-21.8019
-37.9427
-54.2803
-70.7654
-87.3482
-103.978
-120.606
-137.178
-153.646
-169.96
-186.067
-201.919
-217.469
-232.666
-247.464
-261.819
-275.686
-289.022
-301.787
-313.941
-325.448
-336.273
-346.384
-355.749
-364.342
-372.138
-379.113
-385.252
-390.536
-394.945
-398.474
-401.118
-402.868
-403.723
-403.685
-402.758
-400.948
-398.267
-394.728
-390.347
-385.143
-379.138
-372.358
-364.828
-356.58
-347.646
-338.059
-327.857
-317.079
-305.765
-293.959
-281.706
-269.05
-256.039
-242.722
-229.148
-215.367
-201.431
-187.392
-173.301
-159.212
-145.174
-131.242
-117.463
-103.893
-90.5841
-77.5838
-64.9405
-52.7018
-40.9138
-29.6215
-18.8677
-8.69409
0.859885
9.75673
17.9611
25.4398
32.1621
38.0998
43.2269
47.5202
50.9593
53.5264
55.2066
55.9878
55.8606
54.8187
52.8586
49.9788
46.1833
41.4784
35.87
29.3688
21.9886
13.7462
4.66043
-5.24728
-15.953
-27.4303
-39.6508
-52.5837
-66.1964
-80.4543
-95.3211
-110.759
-126.728
-143.189
-160.098
-177.414
-195.094
-213.093
-231.366
-249.87
-268.558
-287.388
-306.313
-325.292
-344.28
-363.235
-382.117
-400.888
-419.51
-437.948
-456.012
-473.805
-491.447
-508.75
-525.668
-542.164
-558.214
-573.797
-588.901
-603.506
-617.596
-631.157
-644.17
-656.626
-668.514
-679.822
-690.53
-700.623
-710.103
-718.974
-727.234
-734.888
-741.941
-748.399
-754.265
-759.543
-764.248
-768.409
-772.04
-775.152
-777.753
-779.852
-781.46
-782.586
-783.24
-783.436
-783.183
-782.498
-781.393
-779.878
-777.959
-775.655
-772.982
-769.953
-766.587
-762.898
-758.902
-754.618
-750.061
-745.249
-740.199
-734.928
-729.454
-723.793
-717.964
-711.982
-705.864
-699.626
-693.286
-686.858
-680.357
-673.8
-667.199
-660.57
-653.927
-647.282
-640.649
-634.041
-627.469
-620.944
-614.479
-608.084
-601.769
-595.546
-589.424
-583.411
-577.518
-571.754
-566.128
-560.647
-555.32
-550.156
-545.163
-540.349
-535.721
-531.288
-527.059
-523.042
-519.244
-515.675
-512.344
-509.262
-506.438
-503.883
-501.609
-499.632
-497.965
-496.627
-495.639
-495.027
73.7587
73.7587
83.3752
95.0075
107.224
119.301
131.045
142.351
153.142
163.36
172.956
181.889
190.12
197.619
204.356
210.306
215.447
219.76
223.23
225.844
227.592
228.464
228.465
227.601
225.868
223.264
219.792
215.458
210.273
204.25
197.4
189.739
181.285
172.053
162.065
151.339
139.894
127.754
114.942
101.487
87.5418
73.4988
55.9664
37.3695
21.0081
4.36547
-12.3116
-29.0185
-45.7274
-62.4018
-79.0015
-95.4831
-111.802
-127.91
-143.762
-159.307
-174.499
-189.29
-203.632
-217.477
-230.783
-243.503
-255.596
-267.022
-277.741
-287.719
-296.921
-305.317
-312.878
-319.579
-325.399
-330.315
-334.312
-337.389
-339.548
-340.757
-340.986
-340.242
-338.541
-335.893
-332.312
-327.812
-322.413
-316.136
-309.007
-301.052
-292.302
-282.793
-272.56
-261.64
-250.076
-237.91
-225.184
-211.942
-198.23
-184.094
-169.58
-154.737
-139.615
-124.263
-108.732
-93.0726
-77.3356
-61.5721
-45.8331
-30.1692
-14.6305
0.73333
15.8736
30.7423
45.2926
59.4787
73.2564
86.5829
99.4165
111.718
123.449
134.575
145.06
154.873
163.983
172.365
179.994
186.845
192.898
198.137
202.546
206.111
208.824
210.675
211.661
211.784
211.039
209.431
206.966
203.653
199.503
194.531
188.754
182.188
174.859
166.788
158.003
148.531
138.405
127.657
116.322
104.438
92.0431
79.1774
65.8834
52.2045
38.185
23.8711
9.31187
-5.44493
-20.3518
-35.3593
-50.4179
-65.4778
-80.4891
-95.4017
-110.167
-124.735
-139.056
-153.084
-166.773
-180.075
-192.946
-205.345
-217.227
-228.556
-239.292
-249.399
-258.844
-267.594
-275.621
-282.898
-289.401
-295.108
-300
-304.06
-307.278
-309.642
-311.14
-311.769
-311.532
-310.427
-308.458
-305.633
-301.961
-297.453
-292.127
-286
-279.091
-271.426
-263.029
-253.928
-244.155
-233.74
-222.719
-211.126
-199.001
-186.384
-173.314
-159.834
-145.989
-131.821
-117.378
-102.704
-87.8473
-72.8541
-57.7721
-42.6487
-27.5314
-12.4677
2.49569
17.3122
31.9359
46.3213
60.4245
74.202
87.6118
100.613
113.166
125.232
136.776
147.762
158.157
167.93
177.052
185.494
193.234
200.247
206.512
212.011
216.728
220.649
223.762
226.059
227.532
228.181
228.002
226.993
225.162
222.512
219.053
214.796
209.755
203.944
197.382
190.088
182.088
173.404
164.065
154.098
143.536
132.41
120.756
108.608
96.0003
82.9594
69.5404
55.807
41.7918
27.5306
13.0673
-1.55301
-16.2845
-31.0811
-45.8961
-60.6832
-75.396
-89.9881
-104.414
-118.627
-132.585
-146.243
-159.558
-172.488
-184.992
-197.032
-208.57
-219.57
-229.998
-239.82
-249.007
-257.53
-265.363
-272.482
-278.865
-284.493
-289.347
-293.417
-296.689
-299.149
-300.793
-301.621
-301.629
-300.816
-299.188
-296.75
-293.511
-289.483
-284.68
-279.118
-272.814
-265.791
-258.072
-249.682
-240.649
-231.001
-220.77
-209.99
-198.695
-186.921
-174.705
-162.088
-149.11
-135.811
-122.235
-108.424
-94.4218
-80.2734
-66.0234
-51.7172
-37.4001
-23.1173
-8.91432
5.16373
19.0718
32.7658
46.2023
59.338
72.1309
84.5395
96.5238
108.044
119.064
129.547
139.457
148.762
157.43
165.431
172.738
179.324
185.166
190.243
194.533
198.022
200.692
202.533
203.534
203.688
202.989
201.435
199.026
195.764
191.656
186.709
180.933
174.341
166.951
158.779
149.846
140.177
129.796
118.732
107.015
94.6773
81.754
68.2813
54.297
39.8424
24.9612
9.6968
-5.9063
-21.8019
-37.9427
-54.2803
-70.7654
-87.3482
-103.978
-120.606
-137.178
-153.646
-169.96
-186.067
-201.919
-217.469
-232.666
-247.464
-261.819
-275.686
-289.022
-301.787
-313.941
-325.448
-336.273
-346.384
-355.749
-364.342
-372.138
-379.113
-385.252
-390.536
-394.945
-398.474
-401.118
-402.868
-403.723
-403.685
-402.758
-400.948
-398.267
-394.728
-390.347
-385.143
-379.138
-372.358
-364.828
-356.58
-347.646
-338.059
-327.857
-317.079
-305.765
-293.959
-281.706
-269.05
-256.039
-242.722
-229.148
-215.367
-201.431
-187.392
-173.301
-159.212
-145.174
-131.242
-117.463
-103.893
-90.5841
-77.5838
-64.9405
-52.7018
-40.9138
-29.6215
-18.8677
-8.69409
0.859885
9.75673
17.9611
25.4398
32.1621
38.0998
43.2269
47.5202
50.9593
53.5264
55.2066
55.9878
55.8606
54.8187
52.8586
49.9788
46.1833
41.4784
35.87
29.3688
21.9886
13.7462
4.66043
-5.24728
-15.953
-27.4303
-39.6508
-52.5837
-66.1964
-80.4543
-95.3211
-110.759
-126.728
-143.189
-160.098
-177.414
-195.094
-213.093
-231.366
-249.87
-268.558
-287.388
-306.313
-325.292
-344.28
-363.235
-382.117
-400.888
-419.51
-437.948
-456.012
-473.805
-491.447
-508.75
-525.668
-542.164
-558.214
-573.797
-588.901
-603.506
-617.596
-631.157
-644.17
-656.626
-668.514
-679.822
-690.53
-700.623
-710.103
-718.974
-727.234
-734.888
-741.941
-748.399
-754.265
-759.543
-764.248
-768.409
-772.04
-775.152
-777.753
-779.852
-781.46
-782.586
-783.24
-783.436
-783.183
-782.498
-781.393
-779.878
-777.959
-775.655
-772.982
-769.953
-766.587
-762.898
-758.902
-754.618
-750.061
-745.249
-740.199
-734.928
-729.454
-723.793
-717.964
-711.982
-705.864
-699.626
-693.286
-686.858
-680.357
-673.8
-667.199
-660.57
-653.927
-647.282
-640.649
-634.041
-627.469
-620.944
-614.479
-608.084
-601.769
-595.546
-589.424
-583.411
-577.518
-571.754
-566.128
-560.647
-555.32
-550.156
-545.163
-540.349
-535.721
-531.288
-527.059
-523.042
-519.244
-515.675
-512.344
-509.262
-506.438
-503.883
-501.609
-499.632
-497.965
-496.627
-495.639
-495.027
-494.819
)
