FoamFile
{
    version     2.0;
    format      ascii;
    class       scalarAverageField;
    object      values;
}
// **********************************************************************//
0.0

1202
(
-102.669
-95.5234
-102.669
-116.801
-130.596
-144.014
-157.002
-169.513
-181.502
-192.924
-203.738
-213.902
-223.381
-232.141
-240.149
-247.377
-253.799
-259.394
-264.14
-268.021
-271.025
-273.143
-274.355
-274.582
-273.816
-272.119
-269.509
-266.001
-261.611
-256.357
-250.259
-243.34
-235.629
-227.153
-217.945
-208.042
-197.48
-186.299
-174.543
-162.255
-149.484
-136.278
-122.686
-108.761
-94.5537
-80.1176
-65.5049
-50.7675
-35.9563
-21.1204
-6.30673
8.44022
23.0783
37.5742
51.9274
66.0804
77.8946
89.0302
101.607
113.98
126.039
137.672
148.813
159.411
169.423
178.811
187.543
195.585
202.908
209.488
215.3
220.325
224.544
227.944
230.51
232.235
233.106
233.142
232.351
230.716
228.24
224.929
220.793
215.844
210.096
203.567
196.276
188.247
179.502
170.071
159.986
149.276
137.977
126.127
113.763
100.924
87.6516
73.9886
59.9731
45.6594
31.1062
16.3544
1.44878
-13.5603
-28.6228
-43.6882
-58.7058
-73.625
-88.3953
-102.966
-117.29
-131.316
-144.996
-158.285
-171.137
-183.507
-195.355
-206.637
-217.318
-227.36
-236.727
-245.389
-253.316
-260.481
-266.859
-272.429
-277.172
-281.072
-284.119
-286.301
-287.608
-288.037
-287.591
-286.272
-284.083
-281.033
-277.132
-272.396
-266.841
-260.485
-253.352
-245.467
-236.857
-227.552
-217.582
-206.983
-195.791
-184.043
-171.778
-159.038
-145.866
-132.304
-118.399
-104.196
-89.7408
-75.0814
-60.2654
-45.3408
-30.3559
-15.3588
-0.39736
14.4804
29.2275
43.7971
58.1435
72.2215
85.9872
99.3978
112.411
124.989
137.091
148.68
159.722
170.183
180.03
189.236
197.773
205.614
212.737
219.121
224.749
229.603
233.669
236.938
239.399
241.046
241.876
241.89
241.088
239.47
237.046
233.824
229.815
225.032
219.493
213.215
206.219
198.529
190.168
181.164
171.547
161.347
150.598
139.335
127.593
115.41
102.827
89.8844
76.6222
63.0843
49.3165
35.3633
21.2687
7.07907
-7.15948
-21.4006
-35.5976
-49.704
-63.6736
-77.461
-91.0205
-104.308
-117.279
-129.892
-142.105
-153.877
-165.17
-175.947
-186.173
-195.813
-204.835
-213.211
-220.911
-227.913
-234.191
-239.727
-244.5
-248.496
-251.702
-254.11
-255.711
-256.494
-256.46
-255.615
-253.957
-251.493
-248.23
-244.179
-239.354
-233.77
-227.447
-220.404
-212.663
-204.251
-195.195
-185.523
-175.266
-164.457
-153.13
-141.322
-129.069
-116.41
-103.385
-90.0344
-76.4001
-62.5243
-48.4501
-34.2211
-19.8811
-5.47433
8.95507
23.363
37.7054
51.9385
66.0189
79.9034
93.5502
106.918
119.968
132.657
144.949
156.807
168.194
179.075
189.418
199.191
208.364
216.909
224.799
232.01
238.519
244.305
249.35
253.636
257.15
259.879
261.812
262.942
263.264
262.775
261.472
259.356
256.432
252.704
248.182
242.875
236.796
229.96
222.384
214.087
205.09
195.417
185.094
174.147
162.605
150.501
137.867
124.736
111.139
97.1177
82.7202
67.9862
52.9508
37.6569
22.1478
6.46759
-9.33896
-25.2266
-41.1497
-57.0623
-72.9186
-88.6726
-104.279
-119.692
-134.867
-149.759
-164.326
-178.525
-192.314
-205.656
-218.509
-230.835
-242.602
-253.774
-264.319
-274.207
-283.41
-291.903
-299.661
-306.663
-312.895
-318.335
-322.966
-326.783
-329.778
-331.942
-333.273
-333.77
-333.435
-332.272
-330.29
-327.498
-323.909
-319.538
-314.402
-308.523
-301.923
-294.625
-286.659
-278.052
-268.836
-259.044
-248.712
-237.877
-226.576
-214.85
-202.74
-190.29
-177.542
-164.541
-151.333
-137.964
-124.482
-110.932
-97.3639
-83.8235
-70.3591
-57.0179
-43.8468
-30.8923
-18.2003
-5.81596
6.21669
17.8545
29.0556
39.7796
49.9874
59.6418
68.7072
77.1499
84.9381
92.0423
98.4349
104.091
108.988
113.106
116.428
118.937
120.622
121.473
121.485
120.654
118.977
116.458
113.1
108.913
103.906
98.0941
91.4922
84.12
75.9995
67.1555
57.6152
47.4083
36.5672
25.1263
13.1225
0.594615
-12.4163
-25.8677
-39.7155
-53.9164
-68.4185
-83.1679
-98.1173
-113.216
-128.414
-143.657
-158.892
-174.068
-189.128
-204.021
-218.692
-233.09
-247.161
-260.855
-274.12
-286.909
-299.171
-310.86
-321.933
-332.344
-342.053
-351.021
-359.209
-366.583
-373.112
-378.765
-383.513
-387.333
-390.203
-392.104
-393.019
-392.937
-391.845
-389.739
-386.614
-382.463
-377.295
-371.12
-363.935
-355.756
-346.595
-336.471
-325.4
-313.407
-300.516
-286.753
-272.149
-256.735
-240.544
-223.613
-205.979
-187.681
-168.76
-149.26
-129.223
-108.693
-87.7164
-66.3396
-44.6093
-22.5729
-0.27785
22.2283
44.898
67.6839
90.539
113.417
136.271
159.057
181.73
204.248
226.568
248.649
270.45
291.933
313.057
333.784
354.075
373.895
393.211
411.31
428.684
446.026
462.822
479.027
494.601
509.508
523.727
537.246
550.057
562.154
573.532
584.185
594.106
603.282
611.721
619.469
626.631
633.275
639.378
644.911
649.87
654.259
658.087
661.369
664.116
666.345
668.071
669.307
670.07
670.374
670.236
669.673
668.699
667.335
665.601
663.51
661.075
658.318
655.257
651.909
648.295
644.433
640.34
636.034
631.534
626.857
622.021
617.043
611.938
606.725
601.418
596.033
590.585
585.089
579.557
574.004
568.445
562.89
557.352
551.843
546.374
540.957
535.601
530.316
525.114
520.004
514.993
510.092
505.31
500.654
496.132
491.754
487.526
483.458
479.557
475.831
472.287
468.934
465.782
462.838
460.111
457.611
455.348
453.333
451.581
450.102
448.916
448.039
447.496
-102.669
-102.669
-116.801
-130.596
-144.014
-157.002
-169.513
-181.502
-192.924
-203.738
-213.902
-223.381
-232.141
-240.149
-247.377
-253.799
-259.394
-264.14
-268.021
-271.025
-273.143
-274.355
-274.582
-273.816
-272.119
-269.509
-266.001
-261.611
-256.357
-250.259
-243.34
-235.629
-227.153
-217.945
-208.042
-197.48
-186.299
-174.543
-162.255
-149.484
-136.278
-122.686
-108.761
-94.5537
-80.1176
-65.5049
-50.7675
-35.9563
-21.1204
-6.30673
8.44022
23.0783
37.5742
51.9274
66.0804
77.8946
89.0302
101.607
113.98
126.039
137.672
148.813
159.411
169.423
178.811
187.543
195.585
202.908
209.488
215.3
220.325
224.544
227.944
230.51
232.235
233.106
233.142
232.351
230.716
228.24
224.929
220.793
215.844
210.096
203.567
196.276
188.247
179.502
170.071
159.986
149.276
137.977
126.127
113.763
100.924
87.6516
73.9886
59.9731
45.6594
31.1062
16.3544
1.44878
-13.5603
-28.6228
-43.6882
-58.7058
-73.625
-88.3953
-102.966
-117.29
-131.316
-144.996
-158.285
-171.137
-183.507
-195.355
-206.637
-217.318
-227.36
-236.727
-245.389
-253.316
-260.481
-266.859
-272.429
-277.172
-281.072
-284.119
-286.301
-287.608
-288.037
-287.591
-286.272
-284.083
-281.033
-277.132
-272.396
-266.841
-260.485
-253.352
-245.467
-236.857
-227.552
-217.582
-206.983
-195.791
-184.043
-171.778
-159.038
-145.866
-132.304
-118.399
-104.196
-89.7408
-75.0814
-60.2654
-45.3408
-30.3559
-15.3588
-0.39736
14.4804
29.2275
43.7971
58.1435
72.2215
85.9872
99.3978
112.411
124.989
137.091
148.68
159.722
170.183
180.03
189.236
197.773
205.614
212.737
219.121
224.749
229.603
233.669
236.938
239.399
241.046
241.876
241.89
241.088
239.47
237.046
233.824
229.815
225.032
219.493
213.215
206.219
198.529
190.168
181.164
171.547
161.347
150.598
139.335
127.593
115.41
102.827
89.8844
76.6222
63.0843
49.3165
35.3633
21.2687
7.07907
-7.15948
-21.4006
-35.5976
-49.704
-63.6736
-77.461
-91.0205
-104.308
-117.279
-129.892
-142.105
-153.877
-165.17
-175.947
-186.173
-195.813
-204.835
-213.211
-220.911
-227.913
-234.191
-239.727
-244.5
-248.496
-251.702
-254.11
-255.711
-256.494
-256.46
-255.615
-253.957
-251.493
-248.23
-244.179
-239.354
-233.77
-227.447
-220.404
-212.663
-204.251
-195.195
-185.523
-175.266
-164.457
-153.13
-141.322
-129.069
-116.41
-103.385
-90.0344
-76.4001
-62.5243
-48.4501
-34.2211
-19.8811
-5.47433
8.95507
23.363
37.7054
51.9385
66.0189
79.9034
93.5502
106.918
119.968
132.657
144.949
156.807
168.194
179.075
189.418
199.191
208.364
216.909
224.799
232.01
238.519
244.305
249.35
253.636
257.15
259.879
261.812
262.942
263.264
262.775
261.472
259.356
256.432
252.704
248.182
242.875
236.796
229.96
222.384
214.087
205.09
195.417
185.094
174.147
162.605
150.501
137.867
124.736
111.139
97.1177
82.7202
67.9862
52.9508
37.6569
22.1478
6.46759
-9.33896
-25.2266
-41.1497
-57.0623
-72.9186
-88.6726
-104.279
-119.692
-134.867
-149.759
-164.326
-178.525
-192.314
-205.656
-218.509
-230.835
-242.602
-253.774
-264.319
-274.207
-283.41
-291.903
-299.661
-306.663
-312.895
-318.335
-322.966
-326.783
-329.778
-331.942
-333.273
-333.77
-333.435
-332.272
-330.29
-327.498
-323.909
-319.538
-314.402
-308.523
-301.923
-294.625
-286.659
-278.052
-268.836
-259.044
-248.712
-237.877
-226.576
-214.85
-202.74
-190.29
-177.542
-164.541
-151.333
-137.964
-124.482
-110.932
-97.3639
-83.8235
-70.3591
-57.0179
-43.8468
-30.8923
-18.2003
-5.81596
6.21669
17.8545
29.0556
39.7796
49.9874
59.6418
68.7072
77.1499
84.9381
92.0423
98.4349
104.091
108.988
113.106
116.428
118.937
120.622
121.473
121.485
120.654
118.977
116.458
113.1
108.913
103.906
98.0941
91.4922
84.12
75.9995
67.1555
57.6152
47.4083
36.5672
25.1263
13.1225
0.594615
-12.4163
-25.8677
-39.7155
-53.9164
-68.4185
-83.1679
-98.1173
-113.216
-128.414
-143.657
-158.892
-174.068
-189.128
-204.021
-218.692
-233.09
-247.161
-260.855
-274.12
-286.909
-299.171
-310.86
-321.933
-332.344
-342.053
-351.021
-359.209
-366.583
-373.112
-378.765
-383.513
-387.333
-390.203
-392.104
-393.019
-392.937
-391.845
-389.739
-386.614
-382.463
-377.295
-371.12
-363.935
-355.756
-346.595
-336.471
-325.4
-313.407
-300.516
-286.753
-272.149
-256.735
-240.544
-223.613
-205.979
-187.681
-168.76
-149.26
-129.223
-108.693
-87.7164
-66.3396
-44.6093
-22.5729
-0.27785
22.2283
44.898
67.6839
90.539
113.417
136.271
159.057
181.73
204.248
226.568
248.649
270.45
291.933
313.057
333.784
354.075
373.895
393.211
411.31
428.684
446.026
462.822
479.027
494.601
509.508
523.727
537.246
550.057
562.154
573.532
584.185
594.106
603.282
611.721
619.469
626.631
633.275
639.378
644.911
649.87
654.259
658.087
661.369
664.116
666.345
668.071
669.307
670.07
670.374
670.236
669.673
668.699
667.335
665.601
663.51
661.075
658.318
655.257
651.909
648.295
644.433
640.34
636.034
631.534
626.857
622.021
617.043
611.938
606.725
601.418
596.033
590.585
585.089
579.557
574.004
568.445
562.89
557.352
551.843
546.374
540.957
535.601
530.316
525.114
520.004
514.993
510.092
505.31
500.654
496.132
491.754
487.526
483.458
479.557
475.831
472.287
468.934
465.782
462.838
460.111
457.611
455.348
453.333
451.581
450.102
448.916
448.039
447.496
447.312
)
