FoamFile
{
    version     2.0;
    format      ascii;
    class       scalarAverageField;
    object      values;
}
// **********************************************************************//
0.0

1202
(
86.2391
81.8269
86.2391
96.3417
108.256
120.684
132.947
144.865
156.337
167.291
177.669
187.425
196.519
204.914
212.579
219.487
225.613
230.937
235.44
239.108
241.93
243.894
244.993
245.222
244.582
243.077
240.712
237.493
233.431
228.539
222.834
216.331
209.05
201.015
192.248
182.775
172.623
161.818
150.387
138.355
125.746
112.634
98.9938
82.9581
66.2167
50.8975
35.5804
20.1788
4.68578
-10.8725
-26.4556
-42.0171
-57.5082
-72.8785
-88.0777
-103.055
-117.76
-132.144
-146.157
-159.751
-172.879
-185.496
-197.559
-209.024
-219.851
-230.004
-239.445
-248.141
-256.061
-263.178
-269.467
-274.904
-279.472
-283.15
-285.935
-287.829
-288.816
-288.883
-288.034
-286.279
-283.629
-280.094
-275.688
-270.43
-264.343
-257.451
-249.781
-241.364
-232.233
-222.421
-211.968
-200.909
-189.288
-177.146
-164.527
-151.476
-138.039
-124.264
-110.201
-95.8994
-81.4083
-66.7791
-52.0628
-37.3103
-22.5729
-7.90139
6.65391
21.0431
35.2169
49.127
62.7263
75.9685
88.8088
101.204
113.112
124.492
135.308
145.522
155.098
164.006
172.216
179.698
186.428
192.383
197.542
201.886
205.401
208.073
209.892
210.851
210.946
210.171
208.529
206.027
202.666
198.456
193.407
187.535
180.857
173.392
165.159
156.186
146.497
136.121
125.091
113.438
101.199
88.4103
75.1111
61.3424
47.1466
32.5675
17.6494
2.43439
-13.0486
-28.7288
-44.533
-60.4292
-76.373
-92.3148
-108.204
-123.99
-139.623
-155.053
-170.23
-185.106
-199.633
-213.765
-227.456
-240.663
-253.342
-265.454
-276.959
-287.819
-298.001
-307.471
-316.199
-324.156
-331.318
-337.661
-343.166
-347.814
-351.591
-354.485
-356.49
-357.598
-357.8
-357.103
-355.511
-353.027
-349.66
-345.422
-340.327
-334.394
-327.642
-320.092
-311.772
-302.709
-292.932
-282.474
-271.37
-259.655
-247.369
-234.551
-221.243
-207.488
-193.331
-178.818
-163.994
-148.908
-133.608
-118.141
-102.558
-86.9079
-71.2399
-55.6033
-40.0473
-24.6205
-9.37075
5.65426
20.4076
34.844
48.9188
62.5887
75.8116
88.5472
100.757
112.403
123.45
133.864
143.615
152.673
161.01
168.602
175.425
181.461
186.69
191.096
194.669
197.397
199.272
200.289
200.446
199.745
198.185
195.774
192.519
188.431
183.523
177.812
171.314
164.051
156.046
147.324
137.914
127.844
117.146
105.854
94.0052
81.6351
68.7836
55.491
41.7982
27.75
13.3932
-1.22735
-16.0659
-31.0754
-46.2082
-61.4159
-76.65
-91.8619
-107.003
-122.025
-136.879
-151.518
-165.895
-179.964
-193.679
-206.997
-219.875
-232.271
-244.145
-255.459
-266.176
-276.263
-285.686
-294.416
-302.423
-309.683
-316.172
-321.868
-326.755
-330.816
-334.038
-336.415
-337.93
-338.584
-338.377
-337.309
-335.382
-332.603
-328.982
-324.53
-319.263
-313.198
-306.354
-298.755
-290.424
-281.389
-271.679
-261.327
-250.365
-238.83
-226.758
-214.188
-201.162
-187.721
-173.908
-159.769
-145.347
-130.691
-115.846
-100.86
-85.7806
-70.6567
-55.5365
-40.4679
-25.4991
-10.6779
3.94851
18.3337
32.4317
46.1977
59.5877
72.5592
85.0706
97.0821
108.555
119.453
129.74
139.384
148.353
156.618
164.152
170.93
176.93
182.131
186.515
190.067
192.776
194.627
195.618
195.742
194.995
193.379
190.895
187.55
183.352
178.313
172.445
165.765
158.291
150.046
141.052
131.335
120.925
109.851
98.1464
85.8464
72.9873
59.608
45.749
31.4464
16.7516
1.71458
-13.6261
-29.2223
-45.0256
-60.9873
-77.0577
-93.1869
-109.325
-125.42
-141.423
-157.284
-172.952
-188.38
-203.518
-218.318
-232.735
-246.724
-260.24
-273.24
-285.687
-297.54
-308.762
-319.32
-329.18
-338.313
-346.693
-354.293
-361.092
-367.07
-372.212
-376.503
-379.928
-382.485
-384.169
-384.976
-384.907
-383.967
-382.163
-379.506
-376.007
-371.683
-366.554
-360.639
-353.964
-346.556
-338.443
-329.658
-320.235
-310.209
-299.62
-288.507
-276.912
-264.88
-252.455
-239.685
-226.616
-213.298
-199.78
-186.114
-172.35
-158.54
-144.735
-130.987
-117.347
-103.867
-90.5987
-77.5921
-64.8965
-52.5605
-40.6316
-29.1562
-18.1789
-7.74309
2.10951
11.3391
19.9079
27.7798
34.9214
41.3015
46.8908
51.663
55.5942
58.6632
60.8514
62.1431
62.5253
61.988
60.5241
58.1285
54.8005
50.5434
45.3598
39.2563
32.2441
24.3361
15.5481
5.89856
-4.59164
-15.8988
-27.9971
-40.8582
-54.4513
-68.7441
-83.7018
-99.2883
-115.465
-132.193
-149.432
-167.138
-185.269
-203.781
-222.629
-241.769
-261.155
-280.741
-300.483
-320.332
-340.245
-360.184
-380.102
-399.957
-419.707
-439.313
-458.737
-477.942
-496.893
-515.557
-533.902
-551.899
-569.516
-586.721
-603.483
-619.768
-635.552
-650.812
-665.526
-679.676
-693.247
-706.222
-718.59
-730.335
-741.449
-751.923
-761.75
-770.926
-779.447
-787.317
-794.535
-801.109
-807.044
-812.352
-817.041
-821.125
-824.619
-827.534
-829.888
-831.692
-832.965
-833.72
-833.97
-833.732
-833.021
-831.851
-830.239
-828.199
-825.746
-822.898
-819.67
-816.08
-812.143
-807.878
-803.302
-798.433
-793.289
-787.887
-782.246
-776.384
-770.318
-764.067
-757.647
-751.078
-744.375
-737.555
-730.635
-723.631
-716.559
-709.434
-702.271
-695.083
-687.887
-680.694
-673.518
-666.372
-659.267
-652.216
-645.23
-638.32
-631.497
-624.77
-618.149
-611.645
-605.266
-599.021
-592.92
-586.971
-581.181
-575.56
-570.114
-564.853
-559.784
-554.916
-550.255
-545.811
-541.591
-537.604
-533.859
-530.366
-527.135
-524.175
-521.498
-519.117
-517.046
-515.3
-513.899
-512.865
-512.225
86.2391
86.2391
96.3417
108.256
120.684
132.947
144.865
156.337
167.291
177.669
187.425
196.519
204.914
212.579
219.487
225.613
230.937
235.44
239.108
241.93
243.894
244.993
245.222
244.582
243.077
240.712
237.493
233.431
228.539
222.834
216.331
209.05
201.015
192.248
182.775
172.623
161.818
150.387
138.355
125.746
112.634
98.9938
82.9581
66.2167
50.8975
35.5804
20.1788
4.68578
-10.8725
-26.4556
-42.0171
-57.5082
-72.8785
-88.0777
-103.055
-117.76
-132.144
-146.157
-159.751
-172.879
-185.496
-197.559
-209.024
-219.851
-230.004
-239.445
-248.141
-256.061
-263.178
-269.467
-274.904
-279.472
-283.15
-285.935
-287.829
-288.816
-288.883
-288.034
-286.279
-283.629
-280.094
-275.688
-270.43
-264.343
-257.451
-249.781
-241.364
-232.233
-222.421
-211.968
-200.909
-189.288
-177.146
-164.527
-151.476
-138.039
-124.264
-110.201
-95.8994
-81.4083
-66.7791
-52.0628
-37.3103
-22.5729
-7.90139
6.65391
21.0431
35.2169
49.127
62.7263
75.9685
88.8088
101.204
113.112
124.492
135.308
145.522
155.098
164.006
172.216
179.698
186.428
192.383
197.542
201.886
205.401
208.073
209.892
210.851
210.946
210.171
208.529
206.027
202.666
198.456
193.407
187.535
180.857
173.392
165.159
156.186
146.497
136.121
125.091
113.438
101.199
88.4103
75.1111
61.3424
47.1466
32.5675
17.6494
2.43439
-13.0486
-28.7288
-44.533
-60.4292
-76.373
-92.3148
-108.204
-123.99
-139.623
-155.053
-170.23
-185.106
-199.633
-213.765
-227.456
-240.663
-253.342
-265.454
-276.959
-287.819
-298.001
-307.471
-316.199
-324.156
-331.318
-337.661
-343.166
-347.814
-351.591
-354.485
-356.49
-357.598
-357.8
-357.103
-355.511
-353.027
-349.66
-345.422
-340.327
-334.394
-327.642
-320.092
-311.772
-302.709
-292.932
-282.474
-271.37
-259.655
-247.369
-234.551
-221.243
-207.488
-193.331
-178.818
-163.994
-148.908
-133.608
-118.141
-102.558
-86.9079
-71.2399
-55.6033
-40.0473
-24.6205
-9.37075
5.65426
20.4076
34.844
48.9188
62.5887
75.8116
88.5472
100.757
112.403
123.45
133.864
143.615
152.673
161.01
168.602
175.425
181.461
186.69
191.096
194.669
197.397
199.272
200.289
200.446
199.745
198.185
195.774
192.519
188.431
183.523
177.812
171.314
164.051
156.046
147.324
137.914
127.844
117.146
105.854
94.0052
81.6351
68.7836
55.491
41.7982
27.75
13.3932
-1.22735
-16.0659
-31.0754
-46.2082
-61.4159
-76.65
-91.8619
-107.003
-122.025
-136.879
-151.518
-165.895
-179.964
-193.679
-206.997
-219.875
-232.271
-244.145
-255.459
-266.176
-276.263
-285.686
-294.416
-302.423
-309.683
-316.172
-321.868
-326.755
-330.816
-334.038
-336.415
-337.93
-338.584
-338.377
-337.309
-335.382
-332.603
-328.982
-324.53
-319.263
-313.198
-306.354
-298.755
-290.424
-281.389
-271.679
-261.327
-250.365
-238.83
-226.758
-214.188
-201.162
-187.721
-173.908
-159.769
-145.347
-130.691
-115.846
-100.86
-85.7806
-70.6567
-55.5365
-40.4679
-25.4991
-10.6779
3.94851
18.3337
32.4317
46.1977
59.5877
72.5592
85.0706
97.0821
108.555
119.453
129.74
139.384
148.353
156.618
164.152
170.93
176.93
182.131
186.515
190.067
192.776
194.627
195.618
195.742
194.995
193.379
190.895
187.55
183.352
178.313
172.445
165.765
158.291
150.046
141.052
131.335
120.925
109.851
98.1464
85.8464
72.9873
59.608
45.749
31.4464
16.7516
1.71458
-13.6261
-29.2223
-45.0256
-60.9873
-77.0577
-93.1869
-109.325
-125.42
-141.423
-157.284
-172.952
-188.38
-203.518
-218.318
-232.735
-246.724
-260.24
-273.24
-285.687
-297.54
-308.762
-319.32
-329.18
-338.313
-346.693
-354.293
-361.092
-367.07
-372.212
-376.503
-379.928
-382.485
-384.169
-384.976
-384.907
-383.967
-382.163
-379.506
-376.007
-371.683
-366.554
-360.639
-353.964
-346.556
-338.443
-329.658
-320.235
-310.209
-299.62
-288.507
-276.912
-264.88
-252.455
-239.685
-226.616
-213.298
-199.78
-186.114
-172.35
-158.54
-144.735
-130.987
-117.347
-103.867
-90.5987
-77.5921
-64.8965
-52.5605
-40.6316
-29.1562
-18.1789
-7.74309
2.10951
11.3391
19.9079
27.7798
34.9214
41.3015
46.8908
51.663
55.5942
58.6632
60.8514
62.1431
62.5253
61.988
60.5241
58.1285
54.8005
50.5434
45.3598
39.2563
32.2441
24.3361
15.5481
5.89856
-4.59164
-15.8988
-27.9971
-40.8582
-54.4513
-68.7441
-83.7018
-99.2883
-115.465
-132.193
-149.432
-167.138
-185.269
-203.781
-222.629
-241.769
-261.155
-280.741
-300.483
-320.332
-340.245
-360.184
-380.102
-399.957
-419.707
-439.313
-458.737
-477.942
-496.893
-515.557
-533.902
-551.899
-569.516
-586.721
-603.483
-619.768
-635.552
-650.812
-665.526
-679.676
-693.247
-706.222
-718.59
-730.335
-741.449
-751.923
-761.75
-770.926
-779.447
-787.317
-794.535
-801.109
-807.044
-812.352
-817.041
-821.125
-824.619
-827.534
-829.888
-831.692
-832.965
-833.72
-833.97
-833.732
-833.021
-831.851
-830.239
-828.199
-825.746
-822.898
-819.67
-816.08
-812.143
-807.878
-803.302
-798.433
-793.289
-787.887
-782.246
-776.384
-770.318
-764.067
-757.647
-751.078
-744.375
-737.555
-730.635
-723.631
-716.559
-709.434
-702.271
-695.083
-687.887
-680.694
-673.518
-666.372
-659.267
-652.216
-645.23
-638.32
-631.497
-624.77
-618.149
-611.645
-605.266
-599.021
-592.92
-586.971
-581.181
-575.56
-570.114
-564.853
-559.784
-554.916
-550.255
-545.811
-541.591
-537.604
-533.859
-530.366
-527.135
-524.175
-521.498
-519.117
-517.046
-515.3
-513.899
-512.865
-512.225
-512.007
)
