FoamFile
{
    version     2.0;
    format      ascii;
    class       scalarAverageField;
    object      values;
}
// **********************************************************************//
0.0

1202
(
-97.4591
-90.3162
-97.4591
-111.584
-125.374
-138.788
-151.776
-164.292
-176.289
-187.724
-198.554
-208.741
-218.248
-227.041
-235.088
-242.36
-248.831
-254.477
-259.28
-263.22
-266.285
-268.462
-269.733
-270.057
-269.434
-267.898
-265.462
-262.138
-257.941
-252.887
-246.995
-240.287
-232.788
-224.525
-215.528
-205.832
-195.47
-184.481
-172.906
-160.785
-148.165
-135.091
-121.609
-107.77
-93.6225
-79.2181
-64.6089
-49.8479
-34.9889
-20.0855
-5.19219
9.63441
24.3361
38.8545
53.1358
67.1458
80.7252
93.8753
106.721
119.221
131.316
142.934
154.017
164.516
174.389
183.599
192.111
199.894
206.92
213.163
218.603
223.219
226.994
229.916
231.974
233.159
233.464
232.885
231.431
229.109
225.918
221.866
216.964
211.224
204.666
197.306
189.17
180.28
170.663
160.349
149.37
137.757
125.547
112.778
99.4885
85.7206
71.5161
56.9194
41.9715
26.7259
11.2379
-4.44895
-20.2857
-36.2216
-52.2049
-68.1838
-84.1063
-99.9206
-115.575
-131.019
-146.2
-161.07
-175.578
-189.679
-203.325
-216.471
-229.073
-241.09
-252.483
-263.215
-273.25
-282.553
-291.097
-298.854
-305.797
-311.904
-317.156
-321.538
-325.036
-327.641
-329.34
-330.132
-330.019
-329
-327.081
-324.269
-320.576
-316.015
-310.604
-304.362
-297.313
-289.48
-280.892
-271.579
-261.573
-250.909
-239.623
-227.754
-215.343
-202.431
-189.062
-175.281
-161.134
-146.668
-131.93
-116.97
-101.837
-86.5794
-71.2479
-55.892
-40.5614
-25.3056
-10.1736
4.78623
19.5262
33.9993
48.1597
61.9628
75.365
88.3245
100.801
112.754
124.148
134.947
145.118
154.629
163.451
171.557
178.922
185.524
191.343
196.361
200.563
203.936
206.471
208.159
208.997
208.984
208.118
206.402
203.842
200.447
196.228
191.2
185.375
178.775
171.42
163.333
154.54
145.069
134.949
124.213
112.896
101.033
88.6614
75.821
62.552
48.8913
34.8889
20.5961
6.05351
-8.69319
-23.5967
-38.609
-53.6815
-68.7655
-83.812
-98.7724
-113.598
-128.241
-142.653
-156.787
-170.598
-184.041
-197.071
-209.646
-221.726
-233.27
-244.241
-254.604
-264.325
-273.37
-281.713
-289.326
-296.183
-302.264
-307.547
-312.016
-315.657
-318.462
-320.418
-321.516
-321.756
-321.141
-319.671
-317.35
-314.187
-310.192
-305.379
-299.762
-293.363
-286.199
-278.295
-269.676
-260.371
-250.409
-239.821
-228.642
-216.907
-204.653
-191.918
-178.743
-165.169
-151.239
-136.995
-122.482
-107.745
-92.8297
-77.7821
-62.6482
-47.4745
-32.3075
-17.1936
-2.17875
12.6911
27.3706
41.8156
55.9824
69.8281
83.3107
96.3895
109.025
121.18
132.816
143.899
154.396
164.275
173.506
182.06
189.914
197.042
203.423
209.037
213.868
217.9
221.12
223.518
225.087
225.825
225.724
224.784
223.009
220.404
216.975
212.732
207.686
201.853
195.25
187.894
179.808
171.016
161.543
151.417
140.668
129.328
117.431
105.012
92.1073
78.7563
65.0012
50.8829
36.4438
21.7271
6.77773
-8.35907
-23.6372
-39.0099
-54.4303
-69.8512
-85.2254
-100.505
-115.645
-130.598
-145.317
-159.757
-173.875
-187.628
-200.971
-213.866
-226.272
-238.152
-249.469
-260.19
-270.281
-279.713
-288.457
-296.486
-303.78
-310.314
-316.072
-321.039
-325.195
-328.533
-331.049
-332.732
-333.582
-333.598
-332.783
-331.142
-328.683
-325.418
-321.36
-316.523
-310.928
-304.595
-297.547
-289.81
-281.412
-272.383
-262.754
-252.56
-241.836
-230.619
-218.949
-206.866
-194.41
-181.626
-168.558
-155.25
-141.748
-128.097
-114.345
-100.539
-86.7268
-72.9544
-59.2699
-45.7208
-32.3531
-19.2126
-6.34504
6.20476
18.3932
30.1775
41.5162
52.3694
62.6983
72.466
81.6375
90.1791
98.0598
105.25
111.722
117.452
122.417
126.597
129.974
132.534
134.264
135.155
135.203
134.401
132.748
130.247
126.902
122.722
117.718
111.902
105.292
97.9059
89.7668
80.8991
71.3305
61.0912
50.2139
38.734
26.6893
14.1206
1.07062
-12.4208
-26.3932
-40.7154
-55.2539
-70.0433
-85.037
-100.181
-115.422
-130.706
-145.977
-161.18
-176.263
-191.168
-205.843
-220.232
-234.284
-247.944
-261.161
-273.885
-286.068
-297.66
-308.616
-318.893
-328.446
-337.236
-345.227
-352.381
-358.666
-364.052
-368.51
-372.016
-374.548
-376.087
-376.615
-376.123
-374.6
-372.034
-368.424
-363.774
-358.083
-351.357
-343.604
-334.837
-325.069
-314.32
-302.608
-289.958
-276.394
-261.945
-246.643
-230.52
-213.61
-195.952
-177.584
-158.547
-138.883
-118.636
-97.8513
-76.5735
-54.8501
-32.7287
-10.2572
12.5159
35.5424
58.7736
82.1612
105.658
129.215
152.787
176.327
199.792
223.138
246.323
269.304
292.029
314.315
336.256
357.963
379.267
400.11
420.455
440.275
459.545
478.236
496.322
513.778
530.577
546.69
562.093
576.77
590.705
603.887
616.31
627.969
638.865
649
658.384
667.027
674.941
682.142
688.648
694.477
699.649
704.183
708.1
711.418
714.16
716.336
717.948
719.008
719.545
719.596
719.182
718.32
717.027
715.322
713.222
710.746
707.914
704.744
701.256
697.469
693.402
689.074
684.505
679.714
674.718
669.538
664.189
658.69
653.058
647.311
641.464
635.534
629.535
623.484
617.394
611.279
605.153
599.029
592.92
586.837
580.793
574.798
568.863
562.999
557.216
551.522
545.928
540.443
535.075
529.833
524.726
519.76
514.945
510.288
505.797
501.478
497.342
493.394
489.643
486.097
482.765
479.654
476.775
474.137
471.75
469.626
467.779
466.222
464.971
464.048
463.476
-97.4591
-97.4591
-111.584
-125.374
-138.788
-151.776
-164.292
-176.289
-187.724
-198.554
-208.741
-218.248
-227.041
-235.088
-242.36
-248.831
-254.477
-259.28
-263.22
-266.285
-268.462
-269.733
-270.057
-269.434
-267.898
-265.462
-262.138
-257.941
-252.887
-246.995
-240.287
-232.788
-224.525
-215.528
-205.832
-195.47
-184.481
-172.906
-160.785
-148.165
-135.091
-121.609
-107.77
-93.6225
-79.2181
-64.6089
-49.8479
-34.9889
-20.0855
-5.19219
9.63441
24.3361
38.8545
53.1358
67.1458
80.7252
93.8753
106.721
119.221
131.316
142.934
154.017
164.516
174.389
183.599
192.111
199.894
206.92
213.163
218.603
223.219
226.994
229.916
231.974
233.159
233.464
232.885
231.431
229.109
225.918
221.866
216.964
211.224
204.666
197.306
189.17
180.28
170.663
160.349
149.37
137.757
125.547
112.778
99.4885
85.7206
71.5161
56.9194
41.9715
26.7259
11.2379
-4.44895
-20.2857
-36.2216
-52.2049
-68.1838
-84.1063
-99.9206
-115.575
-131.019
-146.2
-161.07
-175.578
-189.679
-203.325
-216.471
-229.073
-241.09
-252.483
-263.215
-273.25
-282.553
-291.097
-298.854
-305.797
-311.904
-317.156
-321.538
-325.036
-327.641
-329.34
-330.132
-330.019
-329
-327.081
-324.269
-320.576
-316.015
-310.604
-304.362
-297.313
-289.48
-280.892
-271.579
-261.573
-250.909
-239.623
-227.754
-215.343
-202.431
-189.062
-175.281
-161.134
-146.668
-131.93
-116.97
-101.837
-86.5794
-71.2479
-55.892
-40.5614
-25.3056
-10.1736
4.78623
19.5262
33.9993
48.1597
61.9628
75.365
88.3245
100.801
112.754
124.148
134.947
145.118
154.629
163.451
171.557
178.922
185.524
191.343
196.361
200.563
203.936
206.471
208.159
208.997
208.984
208.118
206.402
203.842
200.447
196.228
191.2
185.375
178.775
171.42
163.333
154.54
145.069
134.949
124.213
112.896
101.033
88.6614
75.821
62.552
48.8913
34.8889
20.5961
6.05351
-8.69319
-23.5967
-38.609
-53.6815
-68.7655
-83.812
-98.7724
-113.598
-128.241
-142.653
-156.787
-170.598
-184.041
-197.071
-209.646
-221.726
-233.27
-244.241
-254.604
-264.325
-273.37
-281.713
-289.326
-296.183
-302.264
-307.547
-312.016
-315.657
-318.462
-320.418
-321.516
-321.756
-321.141
-319.671
-317.35
-314.187
-310.192
-305.379
-299.762
-293.363
-286.199
-278.295
-269.676
-260.371
-250.409
-239.821
-228.642
-216.907
-204.653
-191.918
-178.743
-165.169
-151.239
-136.995
-122.482
-107.745
-92.8297
-77.7821
-62.6482
-47.4745
-32.3075
-17.1936
-2.17875
12.6911
27.3706
41.8156
55.9824
69.8281
83.3107
96.3895
109.025
121.18
132.816
143.899
154.396
164.275
173.506
182.06
189.914
197.042
203.423
209.037
213.868
217.9
221.12
223.518
225.087
225.825
225.724
224.784
223.009
220.404
216.975
212.732
207.686
201.853
195.25
187.894
179.808
171.016
161.543
151.417
140.668
129.328
117.431
105.012
92.1073
78.7563
65.0012
50.8829
36.4438
21.7271
6.77773
-8.35907
-23.6372
-39.0099
-54.4303
-69.8512
-85.2254
-100.505
-115.645
-130.598
-145.317
-159.757
-173.875
-187.628
-200.971
-213.866
-226.272
-238.152
-249.469
-260.19
-270.281
-279.713
-288.457
-296.486
-303.78
-310.314
-316.072
-321.039
-325.195
-328.533
-331.049
-332.732
-333.582
-333.598
-332.783
-331.142
-328.683
-325.418
-321.36
-316.523
-310.928
-304.595
-297.547
-289.81
-281.412
-272.383
-262.754
-252.56
-241.836
-230.619
-218.949
-206.866
-194.41
-181.626
-168.558
-155.25
-141.748
-128.097
-114.345
-100.539
-86.7268
-72.9544
-59.2699
-45.7208
-32.3531
-19.2126
-6.34504
6.20476
18.3932
30.1775
41.5162
52.3694
62.6983
72.466
81.6375
90.1791
98.0598
105.25
111.722
117.452
122.417
126.597
129.974
132.534
134.264
135.155
135.203
134.401
132.748
130.247
126.902
122.722
117.718
111.902
105.292
97.9059
89.7668
80.8991
71.3305
61.0912
50.2139
38.734
26.6893
14.1206
1.07062
-12.4208
-26.3932
-40.7154
-55.2539
-70.0433
-85.037
-100.181
-115.422
-130.706
-145.977
-161.18
-176.263
-191.168
-205.843
-220.232
-234.284
-247.944
-261.161
-273.885
-286.068
-297.66
-308.616
-318.893
-328.446
-337.236
-345.227
-352.381
-358.666
-364.052
-368.51
-372.016
-374.548
-376.087
-376.615
-376.123
-374.6
-372.034
-368.424
-363.774
-358.083
-351.357
-343.604
-334.837
-325.069
-314.32
-302.608
-289.958
-276.394
-261.945
-246.643
-230.52
-213.61
-195.952
-177.584
-158.547
-138.883
-118.636
-97.8513
-76.5735
-54.8501
-32.7287
-10.2572
12.5159
35.5424
58.7736
82.1612
105.658
129.215
152.787
176.327
199.792
223.138
246.323
269.304
292.029
314.315
336.256
357.963
379.267
400.11
420.455
440.275
459.545
478.236
496.322
513.778
530.577
546.69
562.093
576.77
590.705
603.887
616.31
627.969
638.865
649
658.384
667.027
674.941
682.142
688.648
694.477
699.649
704.183
708.1
711.418
714.16
716.336
717.948
719.008
719.545
719.596
719.182
718.32
717.027
715.322
713.222
710.746
707.914
704.744
701.256
697.469
693.402
689.074
684.505
679.714
674.718
669.538
664.189
658.69
653.058
647.311
641.464
635.534
629.535
623.484
617.394
611.279
605.153
599.029
592.92
586.837
580.793
574.798
568.863
562.999
557.216
551.522
545.928
540.443
535.075
529.833
524.726
519.76
514.945
510.288
505.797
501.478
497.342
493.394
489.643
486.097
482.765
479.654
476.775
474.137
471.75
469.626
467.779
466.222
464.971
464.048
463.476
463.282
)
