FoamFile
{
    version     2.0;
    format      ascii;
    class       scalarAverageField;
    object      values;
}
// **********************************************************************//
0.0

1202
(
246.613
251.399
246.613
236.692
226.096
214.861
202.993
190.461
177.19
162.961
146.288
126.773
107.596
89.9704
72.7024
55.5797
38.5268
21.5236
4.5785
-12.2838
-29.0288
-45.6163
-62.0031
-78.1435
-93.9912
-109.5
-124.624
-139.317
-153.534
-167.232
-180.37
-192.906
-204.802
-216.023
-226.532
-236.299
-245.294
-253.49
-260.862
-267.388
-273.049
-277.825
-281.712
-284.726
-286.846
-288.017
-288.232
-287.533
-285.936
-283.456
-280.11
-275.915
-270.895
-265.071
-258.469
-251.116
-243.04
-234.272
-224.842
-214.786
-204.138
-192.935
-181.214
-169.013
-156.374
-143.338
-129.949
-116.251
-102.289
-88.1089
-73.7577
-59.2811
-44.7225
-30.1159
-15.4705
-0.770385
13.8448
27.4666
40.4524
53.5847
66.4741
79.0306
91.1951
102.914
114.14
124.827
134.933
144.42
153.25
161.391
168.81
175.482
181.379
186.48
190.766
194.221
196.833
198.594
199.497
199.54
198.725
197.058
194.543
191.189
187.007
182.014
176.227
169.665
162.351
154.308
145.566
136.153
126.1
115.442
104.212
92.4499
80.1946
67.4871
54.3697
40.8867
27.0832
13.0052
-1.30036
-15.7828
-30.3925
-45.0813
-59.7993
-74.4965
-89.123
-103.629
-117.964
-132.079
-145.927
-159.459
-172.629
-185.391
-197.702
-209.519
-220.8
-231.507
-241.604
-251.055
-259.827
-267.889
-275.213
-281.776
-287.552
-292.523
-296.67
-299.98
-302.44
-304.045
-304.787
-304.661
-303.667
-301.813
-299.105
-295.549
-291.159
-285.948
-279.938
-273.145
-265.595
-257.313
-248.326
-238.667
-228.368
-217.462
-205.988
-193.984
-181.491
-168.551
-155.206
-141.503
-127.486
-113.202
-98.7
-84.0266
-69.2309
-54.3619
-39.4685
-24.5998
-9.8047
4.86845
19.3717
33.6577
47.6801
61.3932
74.7526
87.7151
100.239
112.284
123.811
134.782
145.164
154.923
164.027
172.447
180.157
187.13
193.346
198.785
203.428
207.26
210.269
212.447
213.783
214.275
213.918
212.715
210.671
207.789
204.077
199.546
194.21
188.085
181.189
173.543
165.171
156.097
146.349
135.957
124.953
113.37
101.244
88.613
75.515
61.9906
48.0817
33.8315
19.2837
4.48321
-10.5216
-25.6832
-40.9556
-56.2907
-71.6405
-86.9569
-102.191
-117.297
-132.225
-146.928
-161.359
-175.474
-189.228
-202.577
-215.479
-227.893
-239.779
-251.099
-261.819
-271.904
-281.322
-290.044
-298.041
-305.29
-311.767
-317.451
-322.325
-326.375
-329.587
-331.953
-333.467
-334.125
-333.922
-332.86
-330.948
-328.191
-324.598
-320.183
-314.961
-308.948
-302.167
-294.64
-286.392
-277.452
-267.848
-257.613
-246.782
-235.39
-223.476
-211.078
-198.237
-184.995
-171.397
-157.487
-143.31
-128.913
-114.344
-99.648
-84.8749
-70.0721
-55.2877
-40.5698
-25.9659
-11.5234
2.71121
16.6919
30.3737
43.7125
56.6654
69.1907
81.2484
92.7998
103.808
114.237
124.055
133.229
141.73
149.532
156.609
162.939
168.501
173.278
177.254
180.417
182.756
184.264
184.936
184.771
183.766
181.927
179.26
175.774
171.476
166.382
160.508
153.873
146.497
138.405
129.621
120.173
110.093
99.4124
88.1647
76.3864
64.1154
51.3913
38.2551
24.7492
10.9173
-3.19573
-17.5452
-32.0836
-46.7606
-61.5285
-76.3402
-91.1469
-105.899
-120.549
-135.048
-149.347
-163.398
-177.155
-190.57
-203.6
-216.2
-228.327
-239.94
-250.999
-261.466
-271.307
-280.486
-288.972
-296.734
-303.746
-309.983
-315.423
-320.045
-323.835
-326.776
-328.857
-330.071
-330.411
-329.877
-328.468
-326.182
-323.029
-319.022
-314.17
-308.486
-301.989
-294.7
-286.641
-277.837
-268.317
-258.112
-247.252
-235.775
-223.715
-211.113
-198.008
-184.444
-170.462
-156.109
-141.43
-126.472
-111.285
-95.9142
-80.4105
-64.8229
-49.2008
-33.5936
-18.0505
-2.62039
12.6485
27.7086
42.5131
57.0164
71.174
84.9424
98.2801
111.147
123.505
135.316
146.546
157.162
167.134
176.434
185.035
192.913
200.048
206.419
212.012
216.811
220.807
223.989
226.351
227.891
228.606
228.497
227.57
225.835
223.295
219.962
215.851
210.978
205.359
199.018
191.976
184.256
175.885
166.891
157.306
147.159
136.484
125.316
113.688
101.641
89.2099
76.4333
63.3503
50.0055
36.4433
22.7038
8.8287
-5.1399
-19.1598
-33.1886
-47.1842
-61.1044
-74.908
-88.5539
-102.002
-115.213
-128.148
-140.77
-153.043
-164.934
-176.408
-187.435
-197.984
-208.029
-217.544
-226.505
-234.89
-242.681
-249.861
-256.415
-262.331
-267.6
-272.216
-276.173
-279.471
-282.11
-284.093
-285.432
-286.132
-286.197
-285.648
-284.504
-282.781
-280.499
-277.683
-274.358
-270.55
-266.29
-261.609
-256.54
-251.117
-245.376
-239.354
-233.088
-226.617
-219.979
-213.214
-206.358
-199.443
-192.495
-185.531
-178.563
-171.597
-164.635
-157.676
-150.718
-143.757
-136.789
-129.806
-122.799
-115.761
-108.68
-101.548
-94.3584
-87.1044
-79.7823
-72.3914
-64.9341
-57.416
-49.8465
-42.2378
-34.6055
-26.9674
-19.3437
-11.7559
-4.22641
3.22217
10.5672
17.7868
24.8601
31.7674
38.4906
45.0136
51.3216
57.4021
63.2443
68.8396
74.1808
79.2627
84.0821
88.6372
92.9275
96.9543
100.72
104.228
107.484
110.492
113.259
115.793
118.101
120.191
122.073
123.755
125.246
126.557
127.696
128.673
129.498
130.179
130.729
131.165
131.467
131.654
131.76
131.777
131.713
131.575
131.371
131.11
130.798
130.442
130.048
129.623
129.173
128.704
128.221
127.728
127.232
126.738
126.25
125.772
125.309
124.865
124.445
124.052
123.689
123.361
123.072
122.826
122.626
122.477
122.386
246.613
246.613
236.692
226.096
214.861
202.993
190.461
177.19
162.961
146.288
126.773
107.596
89.9704
72.7024
55.5797
38.5268
21.5236
4.5785
-12.2838
-29.0288
-45.6163
-62.0031
-78.1435
-93.9912
-109.5
-124.624
-139.317
-153.534
-167.232
-180.37
-192.906
-204.802
-216.023
-226.532
-236.299
-245.294
-253.49
-260.862
-267.388
-273.049
-277.825
-281.712
-284.726
-286.846
-288.017
-288.232
-287.533
-285.936
-283.456
-280.11
-275.915
-270.895
-265.071
-258.469
-251.116
-243.04
-234.272
-224.842
-214.786
-204.138
-192.935
-181.214
-169.013
-156.374
-143.338
-129.949
-116.251
-102.289
-88.1089
-73.7577
-59.2811
-44.7225
-30.1159
-15.4705
-0.770385
13.8448
27.4666
40.4524
53.5847
66.4741
79.0306
91.1951
102.914
114.14
124.827
134.933
144.42
153.25
161.391
168.81
175.482
181.379
186.48
190.766
194.221
196.833
198.594
199.497
199.54
198.725
197.058
194.543
191.189
187.007
182.014
176.227
169.665
162.351
154.308
145.566
136.153
126.1
115.442
104.212
92.4499
80.1946
67.4871
54.3697
40.8867
27.0832
13.0052
-1.30036
-15.7828
-30.3925
-45.0813
-59.7993
-74.4965
-89.123
-103.629
-117.964
-132.079
-145.927
-159.459
-172.629
-185.391
-197.702
-209.519
-220.8
-231.507
-241.604
-251.055
-259.827
-267.889
-275.213
-281.776
-287.552
-292.523
-296.67
-299.98
-302.44
-304.045
-304.787
-304.661
-303.667
-301.813
-299.105
-295.549
-291.159
-285.948
-279.938
-273.145
-265.595
-257.313
-248.326
-238.667
-228.368
-217.462
-205.988
-193.984
-181.491
-168.551
-155.206
-141.503
-127.486
-113.202
-98.7
-84.0266
-69.2309
-54.3619
-39.4685
-24.5998
-9.8047
4.86845
19.3717
33.6577
47.6801
61.3932
74.7526
87.7151
100.239
112.284
123.811
134.782
145.164
154.923
164.027
172.447
180.157
187.13
193.346
198.785
203.428
207.26
210.269
212.447
213.783
214.275
213.918
212.715
210.671
207.789
204.077
199.546
194.21
188.085
181.189
173.543
165.171
156.097
146.349
135.957
124.953
113.37
101.244
88.613
75.515
61.9906
48.0817
33.8315
19.2837
4.48321
-10.5216
-25.6832
-40.9556
-56.2907
-71.6405
-86.9569
-102.191
-117.297
-132.225
-146.928
-161.359
-175.474
-189.228
-202.577
-215.479
-227.893
-239.779
-251.099
-261.819
-271.904
-281.322
-290.044
-298.041
-305.29
-311.767
-317.451
-322.325
-326.375
-329.587
-331.953
-333.467
-334.125
-333.922
-332.86
-330.948
-328.191
-324.598
-320.183
-314.961
-308.948
-302.167
-294.64
-286.392
-277.452
-267.848
-257.613
-246.782
-235.39
-223.476
-211.078
-198.237
-184.995
-171.397
-157.487
-143.31
-128.913
-114.344
-99.648
-84.8749
-70.0721
-55.2877
-40.5698
-25.9659
-11.5234
2.71121
16.6919
30.3737
43.7125
56.6654
69.1907
81.2484
92.7998
103.808
114.237
124.055
133.229
141.73
149.532
156.609
162.939
168.501
173.278
177.254
180.417
182.756
184.264
184.936
184.771
183.766
181.927
179.26
175.774
171.476
166.382
160.508
153.873
146.497
138.405
129.621
120.173
110.093
99.4124
88.1647
76.3864
64.1154
51.3913
38.2551
24.7492
10.9173
-3.19573
-17.5452
-32.0836
-46.7606
-61.5285
-76.3402
-91.1469
-105.899
-120.549
-135.048
-149.347
-163.398
-177.155
-190.57
-203.6
-216.2
-228.327
-239.94
-250.999
-261.466
-271.307
-280.486
-288.972
-296.734
-303.746
-309.983
-315.423
-320.045
-323.835
-326.776
-328.857
-330.071
-330.411
-329.877
-328.468
-326.182
-323.029
-319.022
-314.17
-308.486
-301.989
-294.7
-286.641
-277.837
-268.317
-258.112
-247.252
-235.775
-223.715
-211.113
-198.008
-184.444
-170.462
-156.109
-141.43
-126.472
-111.285
-95.9142
-80.4105
-64.8229
-49.2008
-33.5936
-18.0505
-2.62039
12.6485
27.7086
42.5131
57.0164
71.174
84.9424
98.2801
111.147
123.505
135.316
146.546
157.162
167.134
176.434
185.035
192.913
200.048
206.419
212.012
216.811
220.807
223.989
226.351
227.891
228.606
228.497
227.57
225.835
223.295
219.962
215.851
210.978
205.359
199.018
191.976
184.256
175.885
166.891
157.306
147.159
136.484
125.316
113.688
101.641
89.2099
76.4333
63.3503
50.0055
36.4433
22.7038
8.8287
-5.1399
-19.1598
-33.1886
-47.1842
-61.1044
-74.908
-88.5539
-102.002
-115.213
-128.148
-140.77
-153.043
-164.934
-176.408
-187.435
-197.984
-208.029
-217.544
-226.505
-234.89
-242.681
-249.861
-256.415
-262.331
-267.6
-272.216
-276.173
-279.471
-282.11
-284.093
-285.432
-286.132
-286.197
-285.648
-284.504
-282.781
-280.499
-277.683
-274.358
-270.55
-266.29
-261.609
-256.54
-251.117
-245.376
-239.354
-233.088
-226.617
-219.979
-213.214
-206.358
-199.443
-192.495
-185.531
-178.563
-171.597
-164.635
-157.676
-150.718
-143.757
-136.789
-129.806
-122.799
-115.761
-108.68
-101.548
-94.3584
-87.1044
-79.7823
-72.3914
-64.9341
-57.416
-49.8465
-42.2378
-34.6055
-26.9674
-19.3437
-11.7559
-4.22641
3.22217
10.5672
17.7868
24.8601
31.7674
38.4906
45.0136
51.3216
57.4021
63.2443
68.8396
74.1808
79.2627
84.0821
88.6372
92.9275
96.9543
100.72
104.228
107.484
110.492
113.259
115.793
118.101
120.191
122.073
123.755
125.246
126.557
127.696
128.673
129.498
130.179
130.729
131.165
131.467
131.654
131.76
131.777
131.713
131.575
131.371
131.11
130.798
130.442
130.048
129.623
129.173
128.704
128.221
127.728
127.232
126.738
126.25
125.772
125.309
124.865
124.445
124.052
123.689
123.361
123.072
122.826
122.626
122.477
122.386
122.354
)
