FoamFile
{
    version     2.0;
    format      ascii;
    class       scalarAverageField;
    object      values;
}
// **********************************************************************//
0.0

1202
(
298.815
299.275
298.815
297.475
295.289
292.254
288.374
283.656
278.109
271.744
264.575
256.618
247.884
238.387
228.135
217.13
205.361
192.789
179.325
164.758
148.979
130.14
108.337
87.2679
67.9377
49.361
31.1682
13.2277
-4.51988
-22.0933
-39.4877
-56.684
-73.6536
-90.3624
-106.772
-122.844
-138.533
-153.799
-168.601
-182.893
-196.636
-209.789
-222.313
-234.171
-245.325
-255.742
-265.39
-274.24
-282.264
-289.438
-295.739
-301.144
-305.634
-309.217
-311.909
-313.67
-314.455
-314.272
-313.145
-311.083
-308.097
-304.202
-299.412
-293.748
-287.23
-279.882
-271.731
-262.807
-253.14
-242.765
-231.72
-220.042
-207.775
-194.961
-181.646
-167.877
-153.705
-139.178
-124.349
-109.27
-93.9933
-78.5765
-63.0753
-47.5471
-32.0536
-16.6528
-1.37951
13.5061
28.0333
42.3651
56.3805
70.0486
83.313
96.1217
108.426
120.182
131.349
141.889
151.768
160.955
169.423
177.145
184.099
190.266
195.626
200.166
203.871
206.734
208.746
209.902
210.201
209.645
208.238
205.983
202.891
198.971
194.24
188.715
182.412
175.354
167.567
159.075
149.908
140.096
129.673
118.673
107.134
95.0949
82.5947
69.6761
56.3825
42.7587
28.8456
14.6954
0.362035
-14.1109
-28.6752
-43.2812
-57.8794
-72.4201
-86.8538
-101.131
-115.204
-129.023
-142.541
-155.713
-168.492
-180.835
-192.699
-204.043
-214.83
-225.02
-234.579
-243.474
-251.674
-259.151
-265.879
-271.835
-276.998
-281.35
-284.876
-287.564
-289.409
-290.399
-290.527
-289.8
-288.219
-285.788
-282.518
-278.416
-273.499
-267.783
-261.287
-254.034
-246.049
-237.357
-227.99
-217.979
-207.358
-196.161
-184.426
-172.195
-159.506
-146.403
-132.929
-119.129
-105.048
-90.7333
-76.2314
-61.5902
-46.8575
-32.0814
-17.3099
-2.59104
12.0278
26.4994
40.7774
54.8158
68.5699
81.9958
95.0512
107.695
119.886
131.587
142.761
153.373
163.39
172.781
181.516
189.569
196.915
203.531
209.396
214.494
218.809
222.327
225.038
226.933
228.008
228.258
227.685
226.292
224.081
221.058
217.236
212.627
207.242
201.102
194.225
186.633
178.349
169.401
159.816
149.623
138.856
127.548
115.736
103.456
90.7481
77.6515
64.208
50.4598
36.4509
22.2278
7.83593
-6.67967
-21.2725
-35.8959
-50.5029
-65.0465
-79.4799
-93.7567
-107.831
-121.656
-135.189
-148.385
-161.201
-173.596
-185.53
-196.963
-207.858
-218.18
-227.895
-236.972
-245.381
-253.095
-260.087
-266.336
-271.82
-276.523
-280.429
-283.524
-285.798
-287.246
-287.864
-287.643
-286.587
-284.703
-281.996
-278.474
-274.149
-269.034
-263.146
-256.506
-249.133
-241.053
-232.292
-222.879
-212.844
-202.218
-191.037
-179.338
-167.157
-154.534
-141.51
-128.127
-114.427
-100.454
-86.2527
-71.8683
-57.3464
-42.7331
-28.0745
-13.4166
1.19438
15.7128
30.0934
44.2913
58.2626
71.9643
85.354
98.3903
111.034
123.246
134.99
146.23
156.933
167.066
176.601
185.509
193.763
201.339
208.217
214.377
219.802
224.478
228.39
231.531
233.892
235.467
236.257
236.258
235.474
233.912
231.578
228.48
224.63
220.046
214.742
208.737
202.053
194.714
186.744
178.172
169.027
159.34
149.144
138.474
127.366
115.857
103.986
91.7932
79.3147
66.573
53.6358
40.5712
27.4027
14.1717
0.921895
-12.302
-25.4551
-38.4924
-51.3694
-64.0419
-76.4665
-88.6005
-100.402
-111.831
-122.847
-133.412
-143.489
-153.043
-162.041
-170.45
-178.241
-185.387
-191.862
-197.641
-202.705
-207.034
-210.612
-213.426
-215.464
-216.717
-217.18
-216.853
-215.731
-213.812
-211.108
-207.625
-203.373
-198.363
-192.611
-186.135
-178.955
-171.093
-162.573
-153.423
-143.671
-133.347
-122.486
-111.12
-99.287
-87.023
-74.3671
-61.3594
-48.0408
-34.4535
-20.6402
-6.64424
7.49046
21.7196
35.9987
50.2833
64.5289
78.691
92.7259
106.59
120.241
133.635
146.733
159.492
171.875
183.842
195.357
206.385
216.89
226.84
236.204
244.953
253.058
260.495
267.237
273.264
278.555
283.091
286.857
289.838
292.021
293.397
293.956
293.694
292.61
290.698
287.959
284.396
280.016
274.824
268.831
262.046
254.483
246.159
237.089
227.294
216.795
205.615
193.778
181.312
168.244
154.605
140.426
125.734
110.57
94.9736
78.978
62.6197
45.9367
28.9676
11.7519
-5.67081
-23.2605
-40.9768
-58.7796
-76.6288
-94.4851
-112.309
-130.062
-147.706
-165.205
-182.524
-199.627
-216.482
-233.058
-249.325
-265.255
-280.822
-296.003
-310.776
-325.12
-339.02
-352.459
-365.426
-377.911
-389.909
-401.409
-412.409
-422.911
-432.92
-442.438
-451.472
-460.032
-468.128
-475.773
-482.982
-489.77
-496.152
-502.139
-507.74
-512.958
-517.79
-522.233
-526.285
-529.944
-533.2
-536.048
-538.481
-540.487
-542.058
-543.184
-543.859
-544.076
-543.83
-543.12
-541.947
-540.313
-538.229
-535.704
-532.753
-529.392
-525.643
-521.527
-517.069
-512.294
-507.228
-501.898
-496.331
-490.552
-484.588
-478.462
-472.198
-465.82
-459.349
-452.805
-446.207
-439.574
-432.921
-426.265
-419.62
-413
-406.416
-399.88
-393.401
-386.99
-380.653
-374.4
-368.236
-362.166
-356.197
-350.332
-344.575
-338.93
-333.399
-327.986
-322.69
-317.515
-312.462
-307.53
-302.723
-298.039
-293.479
-289.043
-284.731
-280.545
-276.483
-272.545
-268.731
-265.042
-261.477
-258.036
-254.72
-251.529
-248.462
-245.519
-242.703
-240.013
-237.45
-235.015
-232.71
-230.535
-228.493
-226.586
-224.815
-223.185
-221.699
-220.359
-219.172
-218.142
-217.277
-216.584
-216.072
-215.757
298.815
298.815
297.475
295.289
292.254
288.374
283.656
278.109
271.744
264.575
256.618
247.884
238.387
228.135
217.13
205.361
192.789
179.325
164.758
148.979
130.14
108.337
87.2679
67.9377
49.361
31.1682
13.2277
-4.51988
-22.0933
-39.4877
-56.684
-73.6536
-90.3624
-106.772
-122.844
-138.533
-153.799
-168.601
-182.893
-196.636
-209.789
-222.313
-234.171
-245.325
-255.742
-265.39
-274.24
-282.264
-289.438
-295.739
-301.144
-305.634
-309.217
-311.909
-313.67
-314.455
-314.272
-313.145
-311.083
-308.097
-304.202
-299.412
-293.748
-287.23
-279.882
-271.731
-262.807
-253.14
-242.765
-231.72
-220.042
-207.775
-194.961
-181.646
-167.877
-153.705
-139.178
-124.349
-109.27
-93.9933
-78.5765
-63.0753
-47.5471
-32.0536
-16.6528
-1.37951
13.5061
28.0333
42.3651
56.3805
70.0486
83.313
96.1217
108.426
120.182
131.349
141.889
151.768
160.955
169.423
177.145
184.099
190.266
195.626
200.166
203.871
206.734
208.746
209.902
210.201
209.645
208.238
205.983
202.891
198.971
194.24
188.715
182.412
175.354
167.567
159.075
149.908
140.096
129.673
118.673
107.134
95.0949
82.5947
69.6761
56.3825
42.7587
28.8456
14.6954
0.362035
-14.1109
-28.6752
-43.2812
-57.8794
-72.4201
-86.8538
-101.131
-115.204
-129.023
-142.541
-155.713
-168.492
-180.835
-192.699
-204.043
-214.83
-225.02
-234.579
-243.474
-251.674
-259.151
-265.879
-271.835
-276.998
-281.35
-284.876
-287.564
-289.409
-290.399
-290.527
-289.8
-288.219
-285.788
-282.518
-278.416
-273.499
-267.783
-261.287
-254.034
-246.049
-237.357
-227.99
-217.979
-207.358
-196.161
-184.426
-172.195
-159.506
-146.403
-132.929
-119.129
-105.048
-90.7333
-76.2314
-61.5902
-46.8575
-32.0814
-17.3099
-2.59104
12.0278
26.4994
40.7774
54.8158
68.5699
81.9958
95.0512
107.695
119.886
131.587
142.761
153.373
163.39
172.781
181.516
189.569
196.915
203.531
209.396
214.494
218.809
222.327
225.038
226.933
228.008
228.258
227.685
226.292
224.081
221.058
217.236
212.627
207.242
201.102
194.225
186.633
178.349
169.401
159.816
149.623
138.856
127.548
115.736
103.456
90.7481
77.6515
64.208
50.4598
36.4509
22.2278
7.83593
-6.67967
-21.2725
-35.8959
-50.5029
-65.0465
-79.4799
-93.7567
-107.831
-121.656
-135.189
-148.385
-161.201
-173.596
-185.53
-196.963
-207.858
-218.18
-227.895
-236.972
-245.381
-253.095
-260.087
-266.336
-271.82
-276.523
-280.429
-283.524
-285.798
-287.246
-287.864
-287.643
-286.587
-284.703
-281.996
-278.474
-274.149
-269.034
-263.146
-256.506
-249.133
-241.053
-232.292
-222.879
-212.844
-202.218
-191.037
-179.338
-167.157
-154.534
-141.51
-128.127
-114.427
-100.454
-86.2527
-71.8683
-57.3464
-42.7331
-28.0745
-13.4166
1.19438
15.7128
30.0934
44.2913
58.2626
71.9643
85.354
98.3903
111.034
123.246
134.99
146.23
156.933
167.066
176.601
185.509
193.763
201.339
208.217
214.377
219.802
224.478
228.39
231.531
233.892
235.467
236.257
236.258
235.474
233.912
231.578
228.48
224.63
220.046
214.742
208.737
202.053
194.714
186.744
178.172
169.027
159.34
149.144
138.474
127.366
115.857
103.986
91.7932
79.3147
66.573
53.6358
40.5712
27.4027
14.1717
0.921895
-12.302
-25.4551
-38.4924
-51.3694
-64.0419
-76.4665
-88.6005
-100.402
-111.831
-122.847
-133.412
-143.489
-153.043
-162.041
-170.45
-178.241
-185.387
-191.862
-197.641
-202.705
-207.034
-210.612
-213.426
-215.464
-216.717
-217.18
-216.853
-215.731
-213.812
-211.108
-207.625
-203.373
-198.363
-192.611
-186.135
-178.955
-171.093
-162.573
-153.423
-143.671
-133.347
-122.486
-111.12
-99.287
-87.023
-74.3671
-61.3594
-48.0408
-34.4535
-20.6402
-6.64424
7.49046
21.7196
35.9987
50.2833
64.5289
78.691
92.7259
106.59
120.241
133.635
146.733
159.492
171.875
183.842
195.357
206.385
216.89
226.84
236.204
244.953
253.058
260.495
267.237
273.264
278.555
283.091
286.857
289.838
292.021
293.397
293.956
293.694
292.61
290.698
287.959
284.396
280.016
274.824
268.831
262.046
254.483
246.159
237.089
227.294
216.795
205.615
193.778
181.312
168.244
154.605
140.426
125.734
110.57
94.9736
78.978
62.6197
45.9367
28.9676
11.7519
-5.67081
-23.2605
-40.9768
-58.7796
-76.6288
-94.4851
-112.309
-130.062
-147.706
-165.205
-182.524
-199.627
-216.482
-233.058
-249.325
-265.255
-280.822
-296.003
-310.776
-325.12
-339.02
-352.459
-365.426
-377.911
-389.909
-401.409
-412.409
-422.911
-432.92
-442.438
-451.472
-460.032
-468.128
-475.773
-482.982
-489.77
-496.152
-502.139
-507.74
-512.958
-517.79
-522.233
-526.285
-529.944
-533.2
-536.048
-538.481
-540.487
-542.058
-543.184
-543.859
-544.076
-543.83
-543.12
-541.947
-540.313
-538.229
-535.704
-532.753
-529.392
-525.643
-521.527
-517.069
-512.294
-507.228
-501.898
-496.331
-490.552
-484.588
-478.462
-472.198
-465.82
-459.349
-452.805
-446.207
-439.574
-432.921
-426.265
-419.62
-413
-406.416
-399.88
-393.401
-386.99
-380.653
-374.4
-368.236
-362.166
-356.197
-350.332
-344.575
-338.93
-333.399
-327.986
-322.69
-317.515
-312.462
-307.53
-302.723
-298.039
-293.479
-289.043
-284.731
-280.545
-276.483
-272.545
-268.731
-265.042
-261.477
-258.036
-254.72
-251.529
-248.462
-245.519
-242.703
-240.013
-237.45
-235.015
-232.71
-230.535
-228.493
-226.586
-224.815
-223.185
-221.699
-220.359
-219.172
-218.142
-217.277
-216.584
-216.072
-215.757
-215.649
)
