FoamFile
{
    version     2.0;
    format      ascii;
    class       scalarAverageField;
    object      values;
}
// **********************************************************************//
0.0

1202
(
-125.456
-132.859
-125.456
-110.571
-95.5369
-80.389
-65.1803
-49.9642
-34.7977
-19.7409
-4.86201
9.75989
24.0516
37.6244
50.861
64.1783
77.1994
89.8247
101.973
113.584
124.607
135
144.724
153.749
162.041
169.575
176.325
182.269
187.388
191.666
195.09
197.647
199.33
200.129
200.083
199.21
197.477
194.881
191.427
187.12
181.971
175.99
169.192
161.593
153.213
144.073
134.2
123.624
112.378
100.5
88.0327
75.0422
61.7092
48.0883
31.2431
13.3986
-2.36594
-18.1122
-33.9118
-49.7612
-65.6282
-81.4684
-97.2334
-112.873
-128.335
-143.572
-158.531
-173.164
-187.421
-201.254
-214.615
-227.46
-239.745
-251.429
-262.471
-272.837
-282.489
-291.397
-299.529
-306.86
-313.364
-319.021
-323.811
-327.719
-330.736
-332.857
-334.073
-334.369
-333.743
-332.205
-329.764
-326.43
-322.218
-317.144
-311.227
-304.488
-296.951
-288.642
-279.588
-269.822
-259.379
-248.293
-236.604
-224.351
-211.576
-198.323
-184.638
-170.566
-156.156
-141.457
-126.517
-111.388
-96.1197
-80.764
-65.3714
-49.9932
-34.6804
-19.4836
-4.45265
10.363
24.9148
39.1555
53.0386
66.5193
79.5538
92.1002
104.118
115.569
126.415
136.623
146.161
154.996
163.101
170.451
177.022
182.791
187.743
191.862
195.132
197.543
199.089
199.764
199.564
198.49
196.548
193.741
190.076
185.566
180.225
174.067
167.113
159.384
150.903
141.697
131.793
121.224
110.021
98.2201
85.857
72.971
59.6024
45.7931
31.5864
17.0271
2.15924
-12.9679
-28.3041
-43.8019
-59.4125
-75.0864
-90.7734
-106.423
-121.986
-137.411
-152.648
-167.65
-182.366
-196.75
-210.754
-224.334
-237.446
-250.046
-262.094
-273.551
-284.378
-294.541
-304.007
-312.745
-320.727
-327.925
-334.319
-339.886
-344.609
-348.472
-351.463
-353.575
-354.8
-355.13
-354.568
-353.121
-350.789
-347.582
-343.511
-338.589
-332.834
-326.266
-318.907
-310.78
-301.915
-292.339
-282.086
-271.189
-259.685
-247.611
-235.007
-221.915
-208.377
-194.438
-180.144
-165.539
-150.673
-135.593
-120.348
-104.987
-89.5581
-74.1118
-58.6971
-43.3633
-28.1591
-13.1325
1.6687
16.1978
30.4089
44.2574
57.6996
70.6934
83.198
95.1745
106.585
117.394
127.567
137.073
145.882
153.966
161.299
167.86
173.626
178.58
182.706
185.99
188.422
189.994
190.699
190.535
189.503
187.605
184.843
181.227
176.767
171.476
165.368
158.463
150.779
142.34
133.171
123.298
112.752
101.563
89.7665
77.3962
64.4897
51.0861
37.2257
22.9502
8.30172
-6.67288
-21.9259
-37.4124
-53.0853
-68.8968
-84.7986
-100.742
-116.678
-132.557
-148.331
-163.951
-179.369
-194.536
-209.407
-223.936
-238.077
-251.787
-265.024
-277.746
-289.914
-301.491
-312.44
-322.73
-332.327
-341.203
-349.332
-356.686
-363.246
-368.991
-373.904
-377.971
-381.183
-383.529
-384.999
-385.593
-385.317
-384.166
-382.148
-379.271
-375.546
-370.986
-365.609
-359.433
-352.479
-344.773
-336.341
-327.212
-317.416
-306.988
-295.963
-284.377
-272.27
-259.683
-246.658
-233.24
-219.472
-205.4
-191.073
-176.537
-161.841
-147.033
-132.164
-117.283
-102.438
-87.6794
-73.0567
-58.618
-44.4114
-30.4843
-16.8828
-3.65244
9.16276
21.5199
33.3775
44.6959
55.437
65.5646
75.0443
83.8438
91.9331
99.2843
105.872
111.674
116.668
120.836
124.165
126.64
128.252
128.995
128.862
127.853
125.972
123.22
119.604
115.135
109.826
103.691
96.75
89.0228
80.5335
71.3082
61.3755
50.7665
39.5147
27.6556
15.2271
2.26882
-11.1775
-25.0687
-39.3595
-54.0045
-68.9663
-84.1865
-99.6021
-115.172
-130.848
-146.577
-162.307
-177.986
-193.563
-208.984
-224.197
-239.154
-253.801
-268.091
-281.976
-295.407
-308.34
-320.731
-332.538
-343.72
-354.24
-364.062
-373.152
-381.479
-389.015
-395.733
-401.612
-406.63
-410.771
-414.02
-416.367
-417.803
-418.325
-417.93
-416.615
-414.392
-411.267
-407.25
-402.355
-396.6
-390.004
-382.591
-374.387
-365.421
-355.723
-345.328
-334.272
-322.592
-310.331
-297.53
-284.236
-270.491
-256.346
-241.848
-227.049
-211.998
-196.749
-181.354
-165.864
-150.335
-134.819
-119.367
-104.035
-88.8741
-73.9361
-59.2685
-44.9234
-30.9529
-17.4016
-4.3148
8.26361
20.2915
31.7286
42.5367
52.6797
62.1241
70.8385
78.794
85.9643
92.3256
97.8571
102.541
106.36
109.304
111.361
112.526
112.793
112.162
110.636
108.216
104.912
100.733
95.6926
89.8047
83.0876
75.5614
67.2502
58.1795
48.3748
37.8653
26.6835
14.8623
2.43693
-10.5561
-24.0788
-38.0917
-52.554
-67.424
-82.6592
-98.2164
-114.052
-130.122
-146.38
-162.784
-179.288
-195.848
-212.42
-228.962
-245.431
-261.784
-277.982
-293.985
-309.755
-325.258
-340.459
-355.328
-369.838
-383.967
-397.696
-411.007
-423.885
-436.323
-448.312
-459.849
-470.929
-481.552
-491.718
-501.428
-510.686
-519.493
-527.853
-535.769
-543.24
-550.27
-556.859
-563.005
-568.71
-573.972
-578.793
-583.173
-587.13
-590.68
-593.815
-596.46
-598.616
-600.36
-601.703
-602.642
-603.183
-603.334
-603.107
-602.515
-601.569
-600.282
-598.67
-596.751
-594.539
-592.048
-589.294
-586.295
-583.067
-579.627
-575.991
-572.176
-568.199
-564.075
-559.822
-555.453
-550.985
-546.433
-541.812
-537.134
-532.415
-527.667
-522.904
-518.139
-513.382
-508.647
-503.945
-499.286
-494.68
-490.139
-485.671
-481.288
-476.998
-472.81
-468.732
-464.775
-460.947
-457.254
-453.706
-450.312
-447.079
-444.016
-441.131
-438.434
-435.933
-433.638
-431.559
-429.707
-428.094
-426.733
-425.639
-424.832
-424.332
-125.456
-125.456
-110.571
-95.5369
-80.389
-65.1803
-49.9642
-34.7977
-19.7409
-4.86201
9.75989
24.0516
37.6244
50.861
64.1783
77.1994
89.8247
101.973
113.584
124.607
135
144.724
153.749
162.041
169.575
176.325
182.269
187.388
191.666
195.09
197.647
199.33
200.129
200.083
199.21
197.477
194.881
191.427
187.12
181.971
175.99
169.192
161.593
153.213
144.073
134.2
123.624
112.378
100.5
88.0327
75.0422
61.7092
48.0883
31.2431
13.3986
-2.36594
-18.1122
-33.9118
-49.7612
-65.6282
-81.4684
-97.2334
-112.873
-128.335
-143.572
-158.531
-173.164
-187.421
-201.254
-214.615
-227.46
-239.745
-251.429
-262.471
-272.837
-282.489
-291.397
-299.529
-306.86
-313.364
-319.021
-323.811
-327.719
-330.736
-332.857
-334.073
-334.369
-333.743
-332.205
-329.764
-326.43
-322.218
-317.144
-311.227
-304.488
-296.951
-288.642
-279.588
-269.822
-259.379
-248.293
-236.604
-224.351
-211.576
-198.323
-184.638
-170.566
-156.156
-141.457
-126.517
-111.388
-96.1197
-80.764
-65.3714
-49.9932
-34.6804
-19.4836
-4.45265
10.363
24.9148
39.1555
53.0386
66.5193
79.5538
92.1002
104.118
115.569
126.415
136.623
146.161
154.996
163.101
170.451
177.022
182.791
187.743
191.862
195.132
197.543
199.089
199.764
199.564
198.49
196.548
193.741
190.076
185.566
180.225
174.067
167.113
159.384
150.903
141.697
131.793
121.224
110.021
98.2201
85.857
72.971
59.6024
45.7931
31.5864
17.0271
2.15924
-12.9679
-28.3041
-43.8019
-59.4125
-75.0864
-90.7734
-106.423
-121.986
-137.411
-152.648
-167.65
-182.366
-196.75
-210.754
-224.334
-237.446
-250.046
-262.094
-273.551
-284.378
-294.541
-304.007
-312.745
-320.727
-327.925
-334.319
-339.886
-344.609
-348.472
-351.463
-353.575
-354.8
-355.13
-354.568
-353.121
-350.789
-347.582
-343.511
-338.589
-332.834
-326.266
-318.907
-310.78
-301.915
-292.339
-282.086
-271.189
-259.685
-247.611
-235.007
-221.915
-208.377
-194.438
-180.144
-165.539
-150.673
-135.593
-120.348
-104.987
-89.5581
-74.1118
-58.6971
-43.3633
-28.1591
-13.1325
1.6687
16.1978
30.4089
44.2574
57.6996
70.6934
83.198
95.1745
106.585
117.394
127.567
137.073
145.882
153.966
161.299
167.86
173.626
178.58
182.706
185.99
188.422
189.994
190.699
190.535
189.503
187.605
184.843
181.227
176.767
171.476
165.368
158.463
150.779
142.34
133.171
123.298
112.752
101.563
89.7665
77.3962
64.4897
51.0861
37.2257
22.9502
8.30172
-6.67288
-21.9259
-37.4124
-53.0853
-68.8968
-84.7986
-100.742
-116.678
-132.557
-148.331
-163.951
-179.369
-194.536
-209.407
-223.936
-238.077
-251.787
-265.024
-277.746
-289.914
-301.491
-312.44
-322.73
-332.327
-341.203
-349.332
-356.686
-363.246
-368.991
-373.904
-377.971
-381.183
-383.529
-384.999
-385.593
-385.317
-384.166
-382.148
-379.271
-375.546
-370.986
-365.609
-359.433
-352.479
-344.773
-336.341
-327.212
-317.416
-306.988
-295.963
-284.377
-272.27
-259.683
-246.658
-233.24
-219.472
-205.4
-191.073
-176.537
-161.841
-147.033
-132.164
-117.283
-102.438
-87.6794
-73.0567
-58.618
-44.4114
-30.4843
-16.8828
-3.65244
9.16276
21.5199
33.3775
44.6959
55.437
65.5646
75.0443
83.8438
91.9331
99.2843
105.872
111.674
116.668
120.836
124.165
126.64
128.252
128.995
128.862
127.853
125.972
123.22
119.604
115.135
109.826
103.691
96.75
89.0228
80.5335
71.3082
61.3755
50.7665
39.5147
27.6556
15.2271
2.26882
-11.1775
-25.0687
-39.3595
-54.0045
-68.9663
-84.1865
-99.6021
-115.172
-130.848
-146.577
-162.307
-177.986
-193.563
-208.984
-224.197
-239.154
-253.801
-268.091
-281.976
-295.407
-308.34
-320.731
-332.538
-343.72
-354.24
-364.062
-373.152
-381.479
-389.015
-395.733
-401.612
-406.63
-410.771
-414.02
-416.367
-417.803
-418.325
-417.93
-416.615
-414.392
-411.267
-407.25
-402.355
-396.6
-390.004
-382.591
-374.387
-365.421
-355.723
-345.328
-334.272
-322.592
-310.331
-297.53
-284.236
-270.491
-256.346
-241.848
-227.049
-211.998
-196.749
-181.354
-165.864
-150.335
-134.819
-119.367
-104.035
-88.8741
-73.9361
-59.2685
-44.9234
-30.9529
-17.4016
-4.3148
8.26361
20.2915
31.7286
42.5367
52.6797
62.1241
70.8385
78.794
85.9643
92.3256
97.8571
102.541
106.36
109.304
111.361
112.526
112.793
112.162
110.636
108.216
104.912
100.733
95.6926
89.8047
83.0876
75.5614
67.2502
58.1795
48.3748
37.8653
26.6835
14.8623
2.43693
-10.5561
-24.0788
-38.0917
-52.554
-67.424
-82.6592
-98.2164
-114.052
-130.122
-146.38
-162.784
-179.288
-195.848
-212.42
-228.962
-245.431
-261.784
-277.982
-293.985
-309.755
-325.258
-340.459
-355.328
-369.838
-383.967
-397.696
-411.007
-423.885
-436.323
-448.312
-459.849
-470.929
-481.552
-491.718
-501.428
-510.686
-519.493
-527.853
-535.769
-543.24
-550.27
-556.859
-563.005
-568.71
-573.972
-578.793
-583.173
-587.13
-590.68
-593.815
-596.46
-598.616
-600.36
-601.703
-602.642
-603.183
-603.334
-603.107
-602.515
-601.569
-600.282
-598.67
-596.751
-594.539
-592.048
-589.294
-586.295
-583.067
-579.627
-575.991
-572.176
-568.199
-564.075
-559.822
-555.453
-550.985
-546.433
-541.812
-537.134
-532.415
-527.667
-522.904
-518.139
-513.382
-508.647
-503.945
-499.286
-494.68
-490.139
-485.671
-481.288
-476.998
-472.81
-468.732
-464.775
-460.947
-457.254
-453.706
-450.312
-447.079
-444.016
-441.131
-438.434
-435.933
-433.638
-431.559
-429.707
-428.094
-426.733
-425.639
-424.832
-424.332
-424.161
)
