FoamFile
{
    version     2.0;
    format      ascii;
    class       scalarAverageField;
    object      values;
}
// **********************************************************************//
0.0

1202
(
303.25
303.713
303.25
301.906
299.716
296.675
292.791
288.071
282.524
276.163
269.002
261.057
252.341
242.869
232.653
221.698
209.996
197.518
184.188
169.818
154.327
136.038
115.233
95.1342
76.4404
58.4009
40.694
23.2089
5.89847
-11.249
-28.2243
-45.0055
-61.5622
-77.859
-93.8573
-109.516
-124.793
-139.647
-154.035
-167.915
-181.246
-193.988
-206.101
-217.551
-228.3
-238.317
-247.57
-256.029
-263.668
-270.465
-276.397
-281.443
-285.587
-288.834
-291.198
-292.645
-293.132
-292.667
-291.274
-288.963
-285.748
-281.643
-276.667
-270.841
-264.188
-256.736
-248.513
-239.551
-229.882
-219.543
-208.572
-197.006
-184.891
-172.269
-159.19
-145.7
-131.851
-117.694
-103.281
-88.6691
-73.9115
-59.0643
-44.1829
-29.3254
-14.5467
0.09826
14.5543
28.758
42.5746
56.0243
69.1624
81.8947
94.1637
105.922
117.127
127.737
137.715
147.028
155.642
163.529
170.662
177.017
182.571
187.307
191.206
194.256
196.447
197.769
198.219
197.792
196.487
194.308
191.265
187.362
182.609
177.022
170.615
163.411
155.428
146.692
137.229
127.068
116.241
104.779
92.7195
80.0993
66.9578
53.3362
39.2772
24.8251
10.0256
-5.07434
-20.427
-35.9839
-51.695
-67.5084
-83.3739
-99.2413
-115.059
-130.776
-146.342
-161.706
-176.818
-191.629
-206.091
-220.157
-233.78
-246.917
-259.524
-271.56
-282.987
-293.767
-303.864
-313.245
-321.881
-329.744
-336.807
-343.048
-348.448
-352.989
-356.656
-359.439
-361.329
-362.323
-362.416
-361.605
-359.899
-357.306
-353.834
-349.494
-344.304
-338.281
-331.447
-323.825
-315.443
-306.329
-296.515
-286.034
-274.923
-263.219
-250.963
-238.196
-224.96
-211.302
-197.267
-182.901
-168.255
-153.375
-138.312
-123.116
-107.838
-92.5286
-77.2377
-62.0159
-46.9133
-31.9795
-17.2634
-2.81316
11.324
25.1022
38.4767
51.4042
63.8428
75.7523
87.0945
97.8331
107.933
117.362
126.09
134.089
141.334
147.802
153.471
158.324
162.345
165.522
167.845
169.305
169.899
169.624
168.481
166.475
163.613
159.902
155.353
149.983
143.807
136.845
129.12
120.657
111.482
101.624
91.1151
79.9884
68.2799
56.0268
43.2685
30.046
16.4015
2.37897
-11.9765
-26.6186
-41.5005
-56.5746
-71.7916
-87.0996
-102.449
-117.792
-133.078
-148.258
-163.281
-178.099
-192.663
-206.925
-220.839
-234.358
-247.438
-260.035
-272.109
-283.618
-294.524
-304.793
-314.388
-323.278
-331.432
-338.823
-345.427
-351.221
-356.184
-360.299
-363.552
-365.931
-367.428
-368.034
-367.75
-366.576
-364.508
-361.554
-357.727
-353.035
-347.491
-341.113
-333.92
-325.933
-317.176
-307.677
-297.465
-286.572
-275.03
-262.875
-250.145
-236.878
-223.116
-208.901
-194.276
-179.287
-163.979
-148.397
-132.59
-116.606
-100.493
-84.3
-68.0748
-51.8661
-35.722
-19.6906
-3.81883
11.8466
27.2598
42.379
57.159
71.5547
85.5277
99.0393
112.052
124.529
136.437
147.745
158.423
168.442
177.778
186.407
194.31
201.465
207.858
213.477
218.308
222.343
225.576
228.004
229.626
230.442
230.456
229.674
228.108
225.763
222.655
218.799
214.211
208.913
202.925
196.27
188.975
181.066
172.572
163.524
153.954
143.893
133.378
122.444
111.128
99.4694
87.5053
75.2739
62.8176
50.1795
37.3997
24.5197
11.5811
-1.374
-14.3038
-27.1663
-39.9199
-52.5235
-64.9362
-77.118
-89.0296
-100.632
-111.889
-122.763
-133.218
-143.222
-152.741
-161.744
-170.202
-178.088
-185.375
-192.04
-198.059
-203.414
-208.086
-212.059
-215.32
-217.857
-219.661
-220.726
-221.049
-220.627
-219.452
-217.536
-214.884
-211.501
-207.396
-202.582
-197.072
-190.884
-184.036
-176.546
-168.439
-159.738
-150.471
-140.665
-130.349
-119.555
-108.315
-96.6638
-84.6363
-72.2687
-59.5987
-46.6644
-33.5051
-20.1604
-6.67094
6.92261
20.5792
34.2575
47.9159
61.5133
75.0082
88.3597
101.527
114.469
127.144
139.515
151.548
163.203
174.443
185.232
195.536
205.322
214.558
223.213
231.26
238.669
245.416
251.475
256.825
261.444
265.313
268.417
270.738
272.264
272.982
272.885
271.965
270.218
267.639
264.227
259.985
254.915
249.022
242.316
234.805
226.501
217.419
207.573
196.983
185.669
173.651
160.955
147.607
133.631
119.058
103.919
88.2429
72.0674
55.4283
38.36
20.899
3.08273
-15.0507
-33.4622
-52.1125
-70.9618
-89.9704
-109.098
-128.306
-147.554
-166.803
-186.016
-205.154
-224.182
-243.063
-261.763
-280.25
-298.492
-316.46
-334.126
-351.463
-368.447
-385.057
-401.272
-417.074
-432.447
-447.381
-461.863
-475.879
-489.428
-502.507
-515.112
-527.244
-538.906
-550.101
-560.835
-571.114
-580.946
-590.332
-599.272
-607.759
-615.789
-623.353
-630.448
-637.065
-643.196
-648.832
-653.964
-658.581
-662.673
-666.233
-669.252
-671.724
-673.646
-675.017
-675.837
-676.115
-675.858
-675.075
-673.785
-672.004
-669.75
-667.049
-663.921
-660.392
-656.486
-652.231
-647.649
-642.765
-637.605
-632.192
-626.548
-620.697
-614.657
-608.452
-602.099
-595.62
-589.029
-582.345
-575.586
-568.765
-561.897
-554.997
-548.077
-541.15
-534.228
-527.321
-520.44
-513.594
-506.793
-500.044
-493.356
-486.736
-480.189
-473.724
-467.345
-461.058
-454.869
-448.781
-442.8
-436.929
-431.173
-425.534
-420.017
-414.625
-409.36
-404.226
-399.226
-394.361
-389.636
-385.053
-380.615
-376.323
-372.182
-368.193
-364.361
-360.686
-357.172
-353.823
-350.644
-347.635
-344.802
-342.151
-339.684
-337.408
-335.329
-333.452
-331.785
-330.339
-329.121
-328.145
-327.425
-326.979
303.25
303.25
301.906
299.716
296.675
292.791
288.071
282.524
276.163
269.002
261.057
252.341
242.869
232.653
221.698
209.996
197.518
184.188
169.818
154.327
136.038
115.233
95.1342
76.4404
58.4009
40.694
23.2089
5.89847
-11.249
-28.2243
-45.0055
-61.5622
-77.859
-93.8573
-109.516
-124.793
-139.647
-154.035
-167.915
-181.246
-193.988
-206.101
-217.551
-228.3
-238.317
-247.57
-256.029
-263.668
-270.465
-276.397
-281.443
-285.587
-288.834
-291.198
-292.645
-293.132
-292.667
-291.274
-288.963
-285.748
-281.643
-276.667
-270.841
-264.188
-256.736
-248.513
-239.551
-229.882
-219.543
-208.572
-197.006
-184.891
-172.269
-159.19
-145.7
-131.851
-117.694
-103.281
-88.6691
-73.9115
-59.0643
-44.1829
-29.3254
-14.5467
0.09826
14.5543
28.758
42.5746
56.0243
69.1624
81.8947
94.1637
105.922
117.127
127.737
137.715
147.028
155.642
163.529
170.662
177.017
182.571
187.307
191.206
194.256
196.447
197.769
198.219
197.792
196.487
194.308
191.265
187.362
182.609
177.022
170.615
163.411
155.428
146.692
137.229
127.068
116.241
104.779
92.7195
80.0993
66.9578
53.3362
39.2772
24.8251
10.0256
-5.07434
-20.427
-35.9839
-51.695
-67.5084
-83.3739
-99.2413
-115.059
-130.776
-146.342
-161.706
-176.818
-191.629
-206.091
-220.157
-233.78
-246.917
-259.524
-271.56
-282.987
-293.767
-303.864
-313.245
-321.881
-329.744
-336.807
-343.048
-348.448
-352.989
-356.656
-359.439
-361.329
-362.323
-362.416
-361.605
-359.899
-357.306
-353.834
-349.494
-344.304
-338.281
-331.447
-323.825
-315.443
-306.329
-296.515
-286.034
-274.923
-263.219
-250.963
-238.196
-224.96
-211.302
-197.267
-182.901
-168.255
-153.375
-138.312
-123.116
-107.838
-92.5286
-77.2377
-62.0159
-46.9133
-31.9795
-17.2634
-2.81316
11.324
25.1022
38.4767
51.4042
63.8428
75.7523
87.0945
97.8331
107.933
117.362
126.09
134.089
141.334
147.802
153.471
158.324
162.345
165.522
167.845
169.305
169.899
169.624
168.481
166.475
163.613
159.902
155.353
149.983
143.807
136.845
129.12
120.657
111.482
101.624
91.1151
79.9884
68.2799
56.0268
43.2685
30.046
16.4015
2.37897
-11.9765
-26.6186
-41.5005
-56.5746
-71.7916
-87.0996
-102.449
-117.792
-133.078
-148.258
-163.281
-178.099
-192.663
-206.925
-220.839
-234.358
-247.438
-260.035
-272.109
-283.618
-294.524
-304.793
-314.388
-323.278
-331.432
-338.823
-345.427
-351.221
-356.184
-360.299
-363.552
-365.931
-367.428
-368.034
-367.75
-366.576
-364.508
-361.554
-357.727
-353.035
-347.491
-341.113
-333.92
-325.933
-317.176
-307.677
-297.465
-286.572
-275.03
-262.875
-250.145
-236.878
-223.116
-208.901
-194.276
-179.287
-163.979
-148.397
-132.59
-116.606
-100.493
-84.3
-68.0748
-51.8661
-35.722
-19.6906
-3.81883
11.8466
27.2598
42.379
57.159
71.5547
85.5277
99.0393
112.052
124.529
136.437
147.745
158.423
168.442
177.778
186.407
194.31
201.465
207.858
213.477
218.308
222.343
225.576
228.004
229.626
230.442
230.456
229.674
228.108
225.763
222.655
218.799
214.211
208.913
202.925
196.27
188.975
181.066
172.572
163.524
153.954
143.893
133.378
122.444
111.128
99.4694
87.5053
75.2739
62.8176
50.1795
37.3997
24.5197
11.5811
-1.374
-14.3038
-27.1663
-39.9199
-52.5235
-64.9362
-77.118
-89.0296
-100.632
-111.889
-122.763
-133.218
-143.222
-152.741
-161.744
-170.202
-178.088
-185.375
-192.04
-198.059
-203.414
-208.086
-212.059
-215.32
-217.857
-219.661
-220.726
-221.049
-220.627
-219.452
-217.536
-214.884
-211.501
-207.396
-202.582
-197.072
-190.884
-184.036
-176.546
-168.439
-159.738
-150.471
-140.665
-130.349
-119.555
-108.315
-96.6638
-84.6363
-72.2687
-59.5987
-46.6644
-33.5051
-20.1604
-6.67094
6.92261
20.5792
34.2575
47.9159
61.5133
75.0082
88.3597
101.527
114.469
127.144
139.515
151.548
163.203
174.443
185.232
195.536
205.322
214.558
223.213
231.26
238.669
245.416
251.475
256.825
261.444
265.313
268.417
270.738
272.264
272.982
272.885
271.965
270.218
267.639
264.227
259.985
254.915
249.022
242.316
234.805
226.501
217.419
207.573
196.983
185.669
173.651
160.955
147.607
133.631
119.058
103.919
88.2429
72.0674
55.4283
38.36
20.899
3.08273
-15.0507
-33.4622
-52.1125
-70.9618
-89.9704
-109.098
-128.306
-147.554
-166.803
-186.016
-205.154
-224.182
-243.063
-261.763
-280.25
-298.492
-316.46
-334.126
-351.463
-368.447
-385.057
-401.272
-417.074
-432.447
-447.381
-461.863
-475.879
-489.428
-502.507
-515.112
-527.244
-538.906
-550.101
-560.835
-571.114
-580.946
-590.332
-599.272
-607.759
-615.789
-623.353
-630.448
-637.065
-643.196
-648.832
-653.964
-658.581
-662.673
-666.233
-669.252
-671.724
-673.646
-675.017
-675.837
-676.115
-675.858
-675.075
-673.785
-672.004
-669.75
-667.049
-663.921
-660.392
-656.486
-652.231
-647.649
-642.765
-637.605
-632.192
-626.548
-620.697
-614.657
-608.452
-602.099
-595.62
-589.029
-582.345
-575.586
-568.765
-561.897
-554.997
-548.077
-541.15
-534.228
-527.321
-520.44
-513.594
-506.793
-500.044
-493.356
-486.736
-480.189
-473.724
-467.345
-461.058
-454.869
-448.781
-442.8
-436.929
-431.173
-425.534
-420.017
-414.625
-409.36
-404.226
-399.226
-394.361
-389.636
-385.053
-380.615
-376.323
-372.182
-368.193
-364.361
-360.686
-357.172
-353.823
-350.644
-347.635
-344.802
-342.151
-339.684
-337.408
-335.329
-333.452
-331.785
-330.339
-329.121
-328.145
-327.425
-326.979
-326.828
)
