FoamFile
{
    version     2.0;
    format      ascii;
    class       scalarAverageField;
    object      values;
}
// **********************************************************************//
0.0

1202
(
-101.912
-109.322
-101.912
-87.0036
-71.9286
-56.724
-41.4436
-26.1392
-10.8629
4.33328
19.3979
34.2798
48.9291
63.2936
77.3316
90.9981
104.242
117.02
129.29
141.012
152.149
162.661
172.516
181.682
190.129
197.829
204.757
210.893
216.214
220.705
224.352
227.142
229.066
230.118
230.304
229.626
228.075
225.656
222.381
218.259
213.304
207.533
200.964
193.619
185.524
176.707
167.198
157.031
146.236
134.849
122.903
110.438
97.5001
84.0896
70.0838
55.6259
40.9536
26.0759
11.0253
-4.15557
-19.4201
-34.7198
-50.0044
-65.2229
-80.3237
-95.2551
-109.966
-124.404
-138.519
-152.261
-165.582
-178.436
-190.776
-202.56
-213.744
-224.29
-234.16
-243.32
-251.738
-259.385
-266.236
-272.269
-277.462
-281.8
-285.278
-287.882
-289.595
-290.385
-290.252
-289.223
-287.313
-284.535
-280.9
-276.423
-271.121
-265.014
-258.123
-250.475
-242.097
-233.021
-223.278
-212.904
-201.938
-190.417
-178.385
-165.882
-152.955
-139.649
-126.011
-112.089
-97.9314
-83.588
-69.1089
-54.544
-39.9436
-25.358
-10.8371
3.56949
17.8127
31.8442
45.6162
59.0826
72.1979
84.9182
97.2006
109.005
120.291
131.02
141.158
150.671
159.527
167.695
175.15
181.865
187.82
192.991
197.364
200.922
203.652
205.546
206.594
206.793
206.141
204.637
202.289
199.099
195.075
190.231
184.579
178.137
170.922
162.958
154.267
144.875
134.812
124.108
112.795
100.909
88.4848
75.5622
62.1808
48.3824
34.21
19.708
4.92182
-10.1024
-25.3171
-40.6727
-56.1206
-71.6129
-87.0996
-102.531
-117.858
-133.032
-148.003
-162.722
-177.143
-191.219
-204.904
-218.154
-230.926
-243.178
-254.87
-265.964
-276.423
-286.213
-295.304
-303.664
-311.267
-318.087
-324.103
-329.295
-333.645
-337.14
-339.77
-341.526
-342.403
-342.397
-341.506
-339.736
-337.097
-333.596
-329.243
-324.055
-318.048
-311.244
-303.664
-295.336
-286.286
-276.545
-266.145
-255.121
-243.51
-231.35
-218.68
-205.544
-191.982
-178.041
-163.767
-149.203
-134.399
-119.402
-104.262
-89.0259
-73.7435
-58.4639
-43.2357
-28.1078
-13.1284
1.65507
16.1955
30.4458
44.3619
57.9011
71.0194
83.6757
95.8302
107.444
118.482
128.91
138.694
147.803
156.21
163.887
170.812
176.962
182.317
186.862
190.581
193.464
195.499
196.681
197.004
196.47
195.084
192.842
189.753
185.825
181.071
175.506
169.146
162.011
154.121
145.501
136.177
126.178
115.535
104.28
92.4472
80.074
67.1987
53.8614
40.103
25.9605
11.436
-3.38323
-18.4
-33.6059
-48.9646
-64.4277
-79.9462
-95.4712
-110.954
-126.345
-141.597
-156.661
-171.489
-186.034
-200.252
-214.097
-227.525
-240.494
-252.962
-264.889
-276.239
-286.976
-297.064
-306.473
-315.173
-323.135
-330.336
-336.753
-342.364
-347.154
-351.106
-354.209
-356.457
-357.841
-358.351
-357.993
-356.77
-354.686
-351.747
-347.964
-343.352
-337.925
-331.702
-324.706
-316.959
-308.488
-299.323
-289.493
-279.033
-267.977
-256.363
-244.229
-231.618
-218.569
-205.128
-191.34
-177.25
-162.904
-148.352
-133.642
-118.823
-103.943
-89.0526
-74.2011
-59.4378
-44.8116
-30.3713
-16.1649
-2.23945
11.3587
24.5842
37.3931
49.7425
61.5913
72.8998
83.63
93.7458
103.213
111.999
120.075
127.412
133.984
139.771
144.749
148.902
152.213
154.671
156.265
156.988
156.835
155.804
153.897
151.119
147.474
142.972
137.627
131.452
124.465
116.687
108.14
98.8506
88.8456
78.156
66.8141
54.8547
42.3149
29.2336
15.6515
1.61108
-12.8434
-27.6661
-42.8104
-58.2297
-73.8718
-89.6847
-105.62
-121.627
-137.653
-153.646
-169.553
-185.325
-200.908
-216.252
-231.306
-246.02
-260.347
-274.239
-287.65
-300.535
-312.852
-324.56
-335.621
-345.998
-355.656
-364.563
-372.691
-380.012
-386.503
-392.143
-396.912
-400.797
-403.784
-405.867
-407.039
-407.294
-406.634
-405.064
-402.592
-399.227
-394.982
-389.873
-383.92
-377.146
-369.574
-361.235
-352.157
-342.375
-331.924
-320.842
-309.17
-296.95
-284.226
-271.045
-257.452
-243.498
-229.234
-214.709
-199.976
-185.089
-170.099
-155.061
-140.028
-125.055
-110.192
-95.4939
-81.0127
-66.7979
-52.9011
-39.3731
-26.261
-13.6106
-1.46621
10.1296
21.136
31.5142
41.2278
50.2424
58.5264
66.0503
72.7875
78.714
83.8085
88.0524
91.43
93.9285
95.5379
96.2512
96.0643
94.976
92.9879
90.1045
86.3331
81.684
76.17
69.8061
62.6107
54.6055
45.8135
36.2588
25.969
14.9745
3.30706
-8.99988
-21.9108
-35.3885
-49.3949
-63.8901
-78.833
-94.1816
-109.893
-125.923
-142.23
-158.767
-175.49
-192.355
-209.317
-226.332
-243.356
-260.346
-277.26
-294.056
-310.695
-327.137
-343.345
-359.284
-374.918
-390.215
-405.148
-419.69
-433.816
-447.504
-460.739
-473.503
-485.786
-497.58
-508.877
-519.673
-529.968
-539.761
-549.055
-557.855
-566.165
-573.988
-581.33
-588.196
-594.59
-600.517
-605.981
-610.987
-615.549
-619.698
-623.475
-626.694
-629.353
-631.622
-633.466
-634.884
-635.885
-636.475
-636.664
-636.462
-635.881
-634.933
-633.629
-631.986
-630.02
-627.746
-625.176
-622.327
-619.216
-615.86
-612.275
-608.477
-604.484
-600.312
-595.978
-591.499
-586.888
-582.164
-577.341
-572.433
-567.456
-562.424
-557.35
-552.249
-547.134
-542.016
-536.909
-531.824
-526.773
-521.766
-516.815
-511.929
-507.119
-502.394
-497.763
-493.237
-488.823
-484.531
-480.368
-476.345
-472.468
-468.746
-465.188
-461.8
-458.592
-455.574
-452.752
-450.137
-447.738
-445.566
-443.631
-441.947
-440.526
-439.385
-438.542
-438.019
-101.912
-101.912
-87.0036
-71.9286
-56.724
-41.4436
-26.1392
-10.8629
4.33328
19.3979
34.2798
48.9291
63.2936
77.3316
90.9981
104.242
117.02
129.29
141.012
152.149
162.661
172.516
181.682
190.129
197.829
204.757
210.893
216.214
220.705
224.352
227.142
229.066
230.118
230.304
229.626
228.075
225.656
222.381
218.259
213.304
207.533
200.964
193.619
185.524
176.707
167.198
157.031
146.236
134.849
122.903
110.438
97.5001
84.0896
70.0838
55.6259
40.9536
26.0759
11.0253
-4.15557
-19.4201
-34.7198
-50.0044
-65.2229
-80.3237
-95.2551
-109.966
-124.404
-138.519
-152.261
-165.582
-178.436
-190.776
-202.56
-213.744
-224.29
-234.16
-243.32
-251.738
-259.385
-266.236
-272.269
-277.462
-281.8
-285.278
-287.882
-289.595
-290.385
-290.252
-289.223
-287.313
-284.535
-280.9
-276.423
-271.121
-265.014
-258.123
-250.475
-242.097
-233.021
-223.278
-212.904
-201.938
-190.417
-178.385
-165.882
-152.955
-139.649
-126.011
-112.089
-97.9314
-83.588
-69.1089
-54.544
-39.9436
-25.358
-10.8371
3.56949
17.8127
31.8442
45.6162
59.0826
72.1979
84.9182
97.2006
109.005
120.291
131.02
141.158
150.671
159.527
167.695
175.15
181.865
187.82
192.991
197.364
200.922
203.652
205.546
206.594
206.793
206.141
204.637
202.289
199.099
195.075
190.231
184.579
178.137
170.922
162.958
154.267
144.875
134.812
124.108
112.795
100.909
88.4848
75.5622
62.1808
48.3824
34.21
19.708
4.92182
-10.1024
-25.3171
-40.6727
-56.1206
-71.6129
-87.0996
-102.531
-117.858
-133.032
-148.003
-162.722
-177.143
-191.219
-204.904
-218.154
-230.926
-243.178
-254.87
-265.964
-276.423
-286.213
-295.304
-303.664
-311.267
-318.087
-324.103
-329.295
-333.645
-337.14
-339.77
-341.526
-342.403
-342.397
-341.506
-339.736
-337.097
-333.596
-329.243
-324.055
-318.048
-311.244
-303.664
-295.336
-286.286
-276.545
-266.145
-255.121
-243.51
-231.35
-218.68
-205.544
-191.982
-178.041
-163.767
-149.203
-134.399
-119.402
-104.262
-89.0259
-73.7435
-58.4639
-43.2357
-28.1078
-13.1284
1.65507
16.1955
30.4458
44.3619
57.9011
71.0194
83.6757
95.8302
107.444
118.482
128.91
138.694
147.803
156.21
163.887
170.812
176.962
182.317
186.862
190.581
193.464
195.499
196.681
197.004
196.47
195.084
192.842
189.753
185.825
181.071
175.506
169.146
162.011
154.121
145.501
136.177
126.178
115.535
104.28
92.4472
80.074
67.1987
53.8614
40.103
25.9605
11.436
-3.38323
-18.4
-33.6059
-48.9646
-64.4277
-79.9462
-95.4712
-110.954
-126.345
-141.597
-156.661
-171.489
-186.034
-200.252
-214.097
-227.525
-240.494
-252.962
-264.889
-276.239
-286.976
-297.064
-306.473
-315.173
-323.135
-330.336
-336.753
-342.364
-347.154
-351.106
-354.209
-356.457
-357.841
-358.351
-357.993
-356.77
-354.686
-351.747
-347.964
-343.352
-337.925
-331.702
-324.706
-316.959
-308.488
-299.323
-289.493
-279.033
-267.977
-256.363
-244.229
-231.618
-218.569
-205.128
-191.34
-177.25
-162.904
-148.352
-133.642
-118.823
-103.943
-89.0526
-74.2011
-59.4378
-44.8116
-30.3713
-16.1649
-2.23945
11.3587
24.5842
37.3931
49.7425
61.5913
72.8998
83.63
93.7458
103.213
111.999
120.075
127.412
133.984
139.771
144.749
148.902
152.213
154.671
156.265
156.988
156.835
155.804
153.897
151.119
147.474
142.972
137.627
131.452
124.465
116.687
108.14
98.8506
88.8456
78.156
66.8141
54.8547
42.3149
29.2336
15.6515
1.61108
-12.8434
-27.6661
-42.8104
-58.2297
-73.8718
-89.6847
-105.62
-121.627
-137.653
-153.646
-169.553
-185.325
-200.908
-216.252
-231.306
-246.02
-260.347
-274.239
-287.65
-300.535
-312.852
-324.56
-335.621
-345.998
-355.656
-364.563
-372.691
-380.012
-386.503
-392.143
-396.912
-400.797
-403.784
-405.867
-407.039
-407.294
-406.634
-405.064
-402.592
-399.227
-394.982
-389.873
-383.92
-377.146
-369.574
-361.235
-352.157
-342.375
-331.924
-320.842
-309.17
-296.95
-284.226
-271.045
-257.452
-243.498
-229.234
-214.709
-199.976
-185.089
-170.099
-155.061
-140.028
-125.055
-110.192
-95.4939
-81.0127
-66.7979
-52.9011
-39.3731
-26.261
-13.6106
-1.46621
10.1296
21.136
31.5142
41.2278
50.2424
58.5264
66.0503
72.7875
78.714
83.8085
88.0524
91.43
93.9285
95.5379
96.2512
96.0643
94.976
92.9879
90.1045
86.3331
81.684
76.17
69.8061
62.6107
54.6055
45.8135
36.2588
25.969
14.9745
3.30706
-8.99988
-21.9108
-35.3885
-49.3949
-63.8901
-78.833
-94.1816
-109.893
-125.923
-142.23
-158.767
-175.49
-192.355
-209.317
-226.332
-243.356
-260.346
-277.26
-294.056
-310.695
-327.137
-343.345
-359.284
-374.918
-390.215
-405.148
-419.69
-433.816
-447.504
-460.739
-473.503
-485.786
-497.58
-508.877
-519.673
-529.968
-539.761
-549.055
-557.855
-566.165
-573.988
-581.33
-588.196
-594.59
-600.517
-605.981
-610.987
-615.549
-619.698
-623.475
-626.694
-629.353
-631.622
-633.466
-634.884
-635.885
-636.475
-636.664
-636.462
-635.881
-634.933
-633.629
-631.986
-630.02
-627.746
-625.176
-622.327
-619.216
-615.86
-612.275
-608.477
-604.484
-600.312
-595.978
-591.499
-586.888
-582.164
-577.341
-572.433
-567.456
-562.424
-557.35
-552.249
-547.134
-542.016
-536.909
-531.824
-526.773
-521.766
-516.815
-511.929
-507.119
-502.394
-497.763
-493.237
-488.823
-484.531
-480.368
-476.345
-472.468
-468.746
-465.188
-461.8
-458.592
-455.574
-452.752
-450.137
-447.738
-445.566
-443.631
-441.947
-440.526
-439.385
-438.542
-438.019
-437.842
)
