FoamFile
{
    version     2.0;
    format      ascii;
    class       scalarAverageField;
    object      values;
}
// **********************************************************************//
0.0

1202
(
-115.206
-108.054
-115.206
-129.353
-143.174
-156.623
-169.652
-182.212
-194.254
-205.734
-216.61
-226.839
-236.387
-245.218
-253.302
-260.611
-267.12
-272.808
-277.657
-281.649
-284.77
-287.02
-288.387
-288.744
-288.072
-286.475
-283.971
-280.577
-276.308
-271.183
-265.227
-258.464
-250.925
-242.639
-233.642
-223.972
-213.669
-202.774
-191.335
-179.398
-167.012
-154.231
-141.106
-127.693
-114.046
-100.222
-86.2751
-72.2605
-58.2315
-44.2389
-30.3303
-16.5503
-2.94401
10.475
23.8779
37.2681
48.2871
58.3561
69.7148
80.8971
91.7749
102.268
112.312
121.852
130.842
139.239
147.007
154.111
160.519
166.204
171.142
175.31
178.689
181.262
183.015
183.937
184.019
183.253
181.658
179.256
176.042
172.017
167.186
161.559
155.15
147.976
140.052
131.401
122.046
112.011
101.328
90.0261
78.1406
65.7069
52.764
39.3541
25.5203
11.3071
-3.23893
-18.0703
-33.1376
-48.3894
-63.7754
-79.2456
-94.7476
-110.23
-125.639
-140.926
-156.036
-170.92
-185.526
-199.805
-213.709
-227.188
-240.2
-252.697
-264.638
-275.981
-286.688
-296.721
-306.047
-314.632
-322.448
-329.468
-335.667
-341.025
-345.521
-349.142
-351.874
-353.71
-354.643
-354.663
-353.777
-351.988
-349.3
-345.723
-341.268
-335.949
-329.787
-322.8
-315.013
-306.451
-297.143
-287.12
-276.415
-265.064
-253.105
-240.576
-227.519
-213.977
-199.994
-185.616
-170.89
-155.863
-140.584
-125.103
-109.469
-93.7333
-77.9446
-62.1543
-46.4125
-30.7693
-15.2739
0.024755
15.0784
29.8396
44.2622
58.3014
71.9134
85.0561
97.6885
109.772
121.27
132.145
142.366
151.9
160.72
168.798
176.109
182.632
188.347
193.238
197.29
200.49
202.83
204.301
204.902
204.633
203.493
201.485
198.617
194.9
190.344
184.966
178.781
171.809
164.073
155.598
146.41
136.539
126.016
114.873
103.148
90.8765
78.0978
64.8524
51.1824
37.13
22.742
8.06596
-6.85249
-21.9658
-37.2258
-52.5835
-67.9898
-83.3949
-98.7495
-114.004
-129.109
-144.016
-158.677
-173.045
-187.073
-200.716
-213.929
-226.669
-238.898
-250.574
-261.659
-272.118
-281.917
-291.025
-299.412
-307.052
-313.921
-319.995
-325.256
-329.688
-333.275
-336.012
-337.885
-338.885
-339.014
-338.275
-336.668
-334.198
-330.875
-326.709
-321.716
-315.911
-309.314
-301.945
-293.83
-284.994
-275.468
-265.281
-254.466
-243.058
-231.094
-218.612
-205.651
-192.254
-178.462
-164.32
-149.871
-135.162
-120.239
-105.149
-89.9376
-74.6542
-59.346
-44.0605
-28.8452
-13.7475
1.18589
15.9088
30.3756
44.542
58.3644
71.8
84.8076
97.3472
109.381
120.871
131.782
142.082
151.738
160.721
169.002
176.558
183.366
189.403
194.651
199.095
202.719
205.514
207.469
208.58
208.844
208.258
206.822
204.543
201.427
197.482
192.721
187.157
180.808
173.693
165.832
157.251
147.974
138.03
127.45
116.266
104.512
92.2238
79.4395
66.1964
52.5374
38.5072
24.1482
9.50438
-5.37897
-20.4554
-35.6779
-50.9989
-66.3701
-81.7434
-97.0708
-112.303
-127.393
-142.294
-156.957
-171.337
-185.387
-199.065
-212.326
-225.128
-237.432
-249.199
-260.391
-270.972
-280.91
-290.174
-298.735
-306.566
-313.643
-319.944
-325.45
-330.146
-334.019
-337.053
-339.24
-340.581
-341.068
-340.704
-339.49
-337.432
-334.539
-330.822
-326.295
-320.975
-314.88
-308.034
-300.458
-292.182
-283.232
-273.641
-263.441
-252.667
-241.356
-229.546
-217.278
-204.593
-191.535
-178.147
-164.474
-150.562
-136.459
-122.212
-107.869
-93.477
-79.0853
-64.7422
-50.4959
-36.3945
-22.4857
-8.81597
4.56828
17.6216
30.2997
42.5593
54.3586
65.6568
76.4151
86.596
96.1643
105.086
113.329
120.864
127.665
133.705
138.963
143.418
147.052
149.851
151.802
152.895
153.127
152.492
150.987
148.615
145.381
141.293
136.362
130.601
124.026
116.657
108.516
99.6288
90.0218
79.7254
68.7726
57.1988
45.0419
32.3421
19.1419
5.48475
-8.6553
-23.1608
-37.9129
-52.9331
-68.1701
-83.5706
-99.0805
-114.645
-130.209
-145.716
-161.112
-176.341
-191.347
-206.076
-220.473
-234.484
-248.058
-261.143
-273.688
-285.646
-296.968
-307.611
-317.531
-326.686
-335.039
-342.553
-349.195
-354.932
-359.738
-363.585
-366.453
-368.321
-369.173
-368.998
-367.778
-365.512
-362.2
-357.836
-352.422
-345.966
-338.476
-329.964
-320.444
-309.936
-298.458
-286.036
-272.694
-258.462
-243.371
-227.454
-210.746
-193.285
-175.112
-156.266
-136.79
-116.728
-96.1268
-75.0308
-53.4877
-31.545
-9.25127
13.3453
36.1961
59.2525
82.4663
105.789
129.174
152.575
175.945
199.238
222.411
245.415
268.215
290.781
313.074
335.056
356.688
377.929
398.736
419.067
438.891
458.177
476.897
495.027
512.543
529.414
545.611
561.11
575.89
589.934
603.225
615.753
627.509
638.49
648.695
658.128
666.796
674.711
681.887
688.339
694.086
699.149
703.55
707.307
710.445
712.983
714.944
716.349
717.218
717.573
717.435
716.822
715.758
714.26
712.351
710.05
707.375
704.349
700.992
697.322
693.361
689.126
684.637
679.914
674.976
669.841
664.526
659.052
653.433
647.686
641.83
635.88
629.851
623.757
617.614
611.436
605.236
599.027
592.822
586.633
580.471
574.349
568.275
562.261
556.317
550.452
544.674
538.995
533.421
527.962
522.625
517.418
512.348
507.424
502.652
498.04
493.596
489.325
485.236
481.336
477.632
474.132
470.845
467.777
464.938
462.337
459.986
457.894
456.074
454.54
453.309
452.4
451.837
-115.206
-115.206
-129.353
-143.174
-156.623
-169.652
-182.212
-194.254
-205.734
-216.61
-226.839
-236.387
-245.218
-253.302
-260.611
-267.12
-272.808
-277.657
-281.649
-284.77
-287.02
-288.387
-288.744
-288.072
-286.475
-283.971
-280.577
-276.308
-271.183
-265.227
-258.464
-250.925
-242.639
-233.642
-223.972
-213.669
-202.774
-191.335
-179.398
-167.012
-154.231
-141.106
-127.693
-114.046
-100.222
-86.2751
-72.2605
-58.2315
-44.2389
-30.3303
-16.5503
-2.94401
10.475
23.8779
37.2681
48.2871
58.3561
69.7148
80.8971
91.7749
102.268
112.312
121.852
130.842
139.239
147.007
154.111
160.519
166.204
171.142
175.31
178.689
181.262
183.015
183.937
184.019
183.253
181.658
179.256
176.042
172.017
167.186
161.559
155.15
147.976
140.052
131.401
122.046
112.011
101.328
90.0261
78.1406
65.7069
52.764
39.3541
25.5203
11.3071
-3.23893
-18.0703
-33.1376
-48.3894
-63.7754
-79.2456
-94.7476
-110.23
-125.639
-140.926
-156.036
-170.92
-185.526
-199.805
-213.709
-227.188
-240.2
-252.697
-264.638
-275.981
-286.688
-296.721
-306.047
-314.632
-322.448
-329.468
-335.667
-341.025
-345.521
-349.142
-351.874
-353.71
-354.643
-354.663
-353.777
-351.988
-349.3
-345.723
-341.268
-335.949
-329.787
-322.8
-315.013
-306.451
-297.143
-287.12
-276.415
-265.064
-253.105
-240.576
-227.519
-213.977
-199.994
-185.616
-170.89
-155.863
-140.584
-125.103
-109.469
-93.7333
-77.9446
-62.1543
-46.4125
-30.7693
-15.2739
0.024755
15.0784
29.8396
44.2622
58.3014
71.9134
85.0561
97.6885
109.772
121.27
132.145
142.366
151.9
160.72
168.798
176.109
182.632
188.347
193.238
197.29
200.49
202.83
204.301
204.902
204.633
203.493
201.485
198.617
194.9
190.344
184.966
178.781
171.809
164.073
155.598
146.41
136.539
126.016
114.873
103.148
90.8765
78.0978
64.8524
51.1824
37.13
22.742
8.06596
-6.85249
-21.9658
-37.2258
-52.5835
-67.9898
-83.3949
-98.7495
-114.004
-129.109
-144.016
-158.677
-173.045
-187.073
-200.716
-213.929
-226.669
-238.898
-250.574
-261.659
-272.118
-281.917
-291.025
-299.412
-307.052
-313.921
-319.995
-325.256
-329.688
-333.275
-336.012
-337.885
-338.885
-339.014
-338.275
-336.668
-334.198
-330.875
-326.709
-321.716
-315.911
-309.314
-301.945
-293.83
-284.994
-275.468
-265.281
-254.466
-243.058
-231.094
-218.612
-205.651
-192.254
-178.462
-164.32
-149.871
-135.162
-120.239
-105.149
-89.9376
-74.6542
-59.346
-44.0605
-28.8452
-13.7475
1.18589
15.9088
30.3756
44.542
58.3644
71.8
84.8076
97.3472
109.381
120.871
131.782
142.082
151.738
160.721
169.002
176.558
183.366
189.403
194.651
199.095
202.719
205.514
207.469
208.58
208.844
208.258
206.822
204.543
201.427
197.482
192.721
187.157
180.808
173.693
165.832
157.251
147.974
138.03
127.45
116.266
104.512
92.2238
79.4395
66.1964
52.5374
38.5072
24.1482
9.50438
-5.37897
-20.4554
-35.6779
-50.9989
-66.3701
-81.7434
-97.0708
-112.303
-127.393
-142.294
-156.957
-171.337
-185.387
-199.065
-212.326
-225.128
-237.432
-249.199
-260.391
-270.972
-280.91
-290.174
-298.735
-306.566
-313.643
-319.944
-325.45
-330.146
-334.019
-337.053
-339.24
-340.581
-341.068
-340.704
-339.49
-337.432
-334.539
-330.822
-326.295
-320.975
-314.88
-308.034
-300.458
-292.182
-283.232
-273.641
-263.441
-252.667
-241.356
-229.546
-217.278
-204.593
-191.535
-178.147
-164.474
-150.562
-136.459
-122.212
-107.869
-93.477
-79.0853
-64.7422
-50.4959
-36.3945
-22.4857
-8.81597
4.56828
17.6216
30.2997
42.5593
54.3586
65.6568
76.4151
86.596
96.1643
105.086
113.329
120.864
127.665
133.705
138.963
143.418
147.052
149.851
151.802
152.895
153.127
152.492
150.987
148.615
145.381
141.293
136.362
130.601
124.026
116.657
108.516
99.6288
90.0218
79.7254
68.7726
57.1988
45.0419
32.3421
19.1419
5.48475
-8.6553
-23.1608
-37.9129
-52.9331
-68.1701
-83.5706
-99.0805
-114.645
-130.209
-145.716
-161.112
-176.341
-191.347
-206.076
-220.473
-234.484
-248.058
-261.143
-273.688
-285.646
-296.968
-307.611
-317.531
-326.686
-335.039
-342.553
-349.195
-354.932
-359.738
-363.585
-366.453
-368.321
-369.173
-368.998
-367.778
-365.512
-362.2
-357.836
-352.422
-345.966
-338.476
-329.964
-320.444
-309.936
-298.458
-286.036
-272.694
-258.462
-243.371
-227.454
-210.746
-193.285
-175.112
-156.266
-136.79
-116.728
-96.1268
-75.0308
-53.4877
-31.545
-9.25127
13.3453
36.1961
59.2525
82.4663
105.789
129.174
152.575
175.945
199.238
222.411
245.415
268.215
290.781
313.074
335.056
356.688
377.929
398.736
419.067
438.891
458.177
476.897
495.027
512.543
529.414
545.611
561.11
575.89
589.934
603.225
615.753
627.509
638.49
648.695
658.128
666.796
674.711
681.887
688.339
694.086
699.149
703.55
707.307
710.445
712.983
714.944
716.349
717.218
717.573
717.435
716.822
715.758
714.26
712.351
710.05
707.375
704.349
700.992
697.322
693.361
689.126
684.637
679.914
674.976
669.841
664.526
659.052
653.433
647.686
641.83
635.88
629.851
623.757
617.614
611.436
605.236
599.027
592.822
586.633
580.471
574.349
568.275
562.261
556.317
550.452
544.674
538.995
533.421
527.962
522.625
517.418
512.348
507.424
502.652
498.04
493.596
489.325
485.236
481.336
477.632
474.132
470.845
467.777
464.938
462.337
459.986
457.894
456.074
454.54
453.309
452.4
451.837
451.646
)
