FoamFile
{
    version     2.0;
    format      ascii;
    class       scalarAverageField;
    object      values;
}
// **********************************************************************//
0.0

1202
(
-308.736
-309.269
-308.736
-307.279
-304.999
-301.848
-297.827
-292.949
-287.23
-280.688
-273.346
-265.226
-256.357
-246.766
-236.486
-225.549
-213.991
-201.85
-189.163
-175.97
-162.312
-148.231
-133.77
-118.979
-103.907
-88.6094
-73.1421
-57.5613
-41.9231
-26.2835
-10.6992
4.77305
20.0771
35.1208
49.8259
65.9204
81.6028
95.024
107.887
120.191
131.918
143.038
153.519
163.329
172.439
180.82
188.447
195.295
201.342
206.569
210.957
214.491
217.16
218.952
219.862
219.881
219.031
217.33
214.769
211.349
207.078
201.964
196.019
189.26
181.707
173.381
164.311
154.526
144.058
132.942
121.218
108.927
96.1138
82.8268
69.1148
54.9655
40.1442
24.8141
9.34031
-6.26874
-21.99
-37.7841
-53.6071
-69.4117
-85.1497
-100.771
-116.226
-131.465
-146.438
-161.098
-175.397
-189.289
-202.731
-215.679
-228.094
-239.934
-251.162
-261.739
-271.63
-280.799
-289.217
-296.854
-303.684
-309.686
-314.837
-319.121
-322.528
-325.044
-326.654
-327.361
-327.166
-326.067
-324.069
-321.18
-317.411
-312.776
-307.293
-300.98
-293.861
-285.961
-277.309
-267.933
-257.869
-247.148
-235.81
-223.893
-211.438
-198.487
-185.084
-171.274
-157.103
-142.619
-127.87
-112.904
-97.772
-82.5217
-67.2037
-51.8677
-36.5634
-21.3397
-6.24578
8.66992
23.3603
37.7786
51.8797
65.6191
78.9538
91.8423
104.244
116.122
127.439
138.16
148.253
157.687
166.433
174.465
181.76
188.295
194.052
199.014
203.166
206.498
208.999
210.663
211.486
211.471
210.615
208.921
206.398
203.054
198.903
193.958
188.234
181.753
174.536
166.606
157.991
148.719
138.82
128.327
117.274
105.698
93.6375
81.1315
68.2215
54.95
41.3601
27.4976
13.4092
-0.859115
-15.2602
-29.7463
-44.2692
-58.7806
-73.2321
-87.5755
-101.763
-115.746
-129.48
-142.916
-156.012
-168.721
-181.001
-192.812
-204.112
-214.865
-225.034
-234.584
-243.484
-251.702
-259.212
-265.987
-272.006
-277.247
-281.693
-285.329
-288.143
-290.126
-291.273
-291.574
-291.029
-289.647
-287.429
-284.383
-280.517
-275.846
-270.384
-264.151
-257.167
-249.455
-241.042
-231.955
-222.224
-211.88
-200.959
-189.496
-177.529
-165.096
-152.238
-138.996
-125.414
-111.536
-97.4054
-83.0683
-68.5704
-53.958
-39.2775
-24.5756
-9.89867
4.70697
19.1953
33.5211
47.6394
61.5062
75.0783
88.3138
101.172
113.612
125.597
137.09
148.056
158.461
168.273
177.464
186.005
193.87
201.036
207.483
213.19
218.141
222.322
225.72
228.327
230.135
231.139
231.337
230.731
229.324
227.119
224.125
220.353
215.815
210.527
204.505
197.77
190.344
182.252
173.519
164.173
154.245
143.767
132.774
121.301
109.385
97.0642
84.3786
71.3695
58.0772
44.5482
30.8289
16.9617
2.99203
-11.0345
-25.0718
-39.0738
-52.9943
-66.7872
-80.4068
-93.8078
-106.946
-119.776
-132.257
-144.346
-156.002
-167.186
-177.86
-187.988
-197.536
-206.47
-214.76
-222.377
-229.295
-235.49
-240.94
-245.625
-249.53
-252.639
-254.942
-256.429
-257.096
-256.938
-255.949
-254.138
-251.51
-248.07
-243.829
-238.8
-233
-226.445
-219.156
-211.156
-202.472
-193.13
-183.161
-172.597
-161.47
-149.817
-137.674
-125.081
-112.077
-98.7035
-85.0038
-71.0205
-56.7979
-42.3807
-27.8144
-13.1445
1.58314
16.3227
31.0286
45.6553
60.1578
74.4917
88.6132
102.479
116.049
129.28
142.134
154.572
166.558
178.056
189.032
199.456
209.297
218.527
227.121
235.055
242.305
248.854
254.683
259.779
264.128
267.72
270.546
272.602
273.885
274.392
274.126
273.093
271.298
268.748
265.455
261.433
256.698
251.267
245.16
238.399
231.008
223.013
214.442
205.325
195.693
185.579
175.017
164.044
152.697
141.013
129.033
116.797
104.348
91.7286
78.9804
66.1467
53.2714
40.3983
27.5714
14.8346
2.23168
-10.194
-22.3996
-34.3428
-45.9821
-57.277
-68.1879
-78.6766
-88.706
-98.2402
-107.246
-115.69
-123.543
-130.775
-137.361
-143.274
-148.494
-153.001
-156.776
-159.803
-162.074
-163.576
-164.296
-164.232
-163.385
-161.754
-159.339
-156.146
-152.183
-147.459
-141.987
-135.782
-128.862
-121.245
-112.953
-104.009
-94.4402
-84.273
-73.5366
-62.2616
-50.4806
-38.2271
-25.5362
-12.4438
1.01325
14.797
28.869
43.1905
57.7219
72.4237
87.2562
102.18
117.155
132.143
147.104
162.001
176.796
191.454
205.939
220.217
234.253
248.018
261.48
274.611
287.385
299.776
311.761
323.319
334.43
345.076
355.245
364.923
374.098
382.764
390.913
398.544
405.654
412.246
418.324
423.892
428.961
433.54
437.644
441.287
444.487
447.267
449.647
451.649
453.3
454.623
455.636
456.353
456.78
456.918
456.763
456.315
455.572
454.529
453.18
451.519
449.541
447.237
444.602
441.631
438.322
434.672
430.684
426.361
421.712
416.748
411.483
405.936
400.127
394.08
387.819
381.371
374.763
368.02
361.171
354.24
347.254
340.234
333.203
326.183
319.192
312.249
305.369
298.567
291.855
285.247
278.752
272.377
266.132
260.023
254.053
248.228
242.552
237.025
231.651
226.428
221.358
216.44
211.673
207.057
202.588
198.267
194.089
190.051
186.153
182.39
178.761
175.261
171.89
168.642
165.515
162.508
159.615
156.835
154.167
151.606
149.15
146.798
144.548
142.397
140.344
138.386
136.524
134.756
133.08
131.496
130.004
128.602
127.291
126.071
124.944
123.908
122.967
122.121
121.373
120.726
120.183
119.749
119.428
119.231
-308.736
-308.736
-307.279
-304.999
-301.848
-297.827
-292.949
-287.23
-280.688
-273.346
-265.226
-256.357
-246.766
-236.486
-225.549
-213.991
-201.85
-189.163
-175.97
-162.312
-148.231
-133.77
-118.979
-103.907
-88.6094
-73.1421
-57.5613
-41.9231
-26.2835
-10.6992
4.77305
20.0771
35.1208
49.8259
65.9204
81.6028
95.024
107.887
120.191
131.918
143.038
153.519
163.329
172.439
180.82
188.447
195.295
201.342
206.569
210.957
214.491
217.16
218.952
219.862
219.881
219.031
217.33
214.769
211.349
207.078
201.964
196.019
189.26
181.707
173.381
164.311
154.526
144.058
132.942
121.218
108.927
96.1138
82.8268
69.1148
54.9655
40.1442
24.8141
9.34031
-6.26874
-21.99
-37.7841
-53.6071
-69.4117
-85.1497
-100.771
-116.226
-131.465
-146.438
-161.098
-175.397
-189.289
-202.731
-215.679
-228.094
-239.934
-251.162
-261.739
-271.63
-280.799
-289.217
-296.854
-303.684
-309.686
-314.837
-319.121
-322.528
-325.044
-326.654
-327.361
-327.166
-326.067
-324.069
-321.18
-317.411
-312.776
-307.293
-300.98
-293.861
-285.961
-277.309
-267.933
-257.869
-247.148
-235.81
-223.893
-211.438
-198.487
-185.084
-171.274
-157.103
-142.619
-127.87
-112.904
-97.772
-82.5217
-67.2037
-51.8677
-36.5634
-21.3397
-6.24578
8.66992
23.3603
37.7786
51.8797
65.6191
78.9538
91.8423
104.244
116.122
127.439
138.16
148.253
157.687
166.433
174.465
181.76
188.295
194.052
199.014
203.166
206.498
208.999
210.663
211.486
211.471
210.615
208.921
206.398
203.054
198.903
193.958
188.234
181.753
174.536
166.606
157.991
148.719
138.82
128.327
117.274
105.698
93.6375
81.1315
68.2215
54.95
41.3601
27.4976
13.4092
-0.859115
-15.2602
-29.7463
-44.2692
-58.7806
-73.2321
-87.5755
-101.763
-115.746
-129.48
-142.916
-156.012
-168.721
-181.001
-192.812
-204.112
-214.865
-225.034
-234.584
-243.484
-251.702
-259.212
-265.987
-272.006
-277.247
-281.693
-285.329
-288.143
-290.126
-291.273
-291.574
-291.029
-289.647
-287.429
-284.383
-280.517
-275.846
-270.384
-264.151
-257.167
-249.455
-241.042
-231.955
-222.224
-211.88
-200.959
-189.496
-177.529
-165.096
-152.238
-138.996
-125.414
-111.536
-97.4054
-83.0683
-68.5704
-53.958
-39.2775
-24.5756
-9.89867
4.70697
19.1953
33.5211
47.6394
61.5062
75.0783
88.3138
101.172
113.612
125.597
137.09
148.056
158.461
168.273
177.464
186.005
193.87
201.036
207.483
213.19
218.141
222.322
225.72
228.327
230.135
231.139
231.337
230.731
229.324
227.119
224.125
220.353
215.815
210.527
204.505
197.77
190.344
182.252
173.519
164.173
154.245
143.767
132.774
121.301
109.385
97.0642
84.3786
71.3695
58.0772
44.5482
30.8289
16.9617
2.99203
-11.0345
-25.0718
-39.0738
-52.9943
-66.7872
-80.4068
-93.8078
-106.946
-119.776
-132.257
-144.346
-156.002
-167.186
-177.86
-187.988
-197.536
-206.47
-214.76
-222.377
-229.295
-235.49
-240.94
-245.625
-249.53
-252.639
-254.942
-256.429
-257.096
-256.938
-255.949
-254.138
-251.51
-248.07
-243.829
-238.8
-233
-226.445
-219.156
-211.156
-202.472
-193.13
-183.161
-172.597
-161.47
-149.817
-137.674
-125.081
-112.077
-98.7035
-85.0038
-71.0205
-56.7979
-42.3807
-27.8144
-13.1445
1.58314
16.3227
31.0286
45.6553
60.1578
74.4917
88.6132
102.479
116.049
129.28
142.134
154.572
166.558
178.056
189.032
199.456
209.297
218.527
227.121
235.055
242.305
248.854
254.683
259.779
264.128
267.72
270.546
272.602
273.885
274.392
274.126
273.093
271.298
268.748
265.455
261.433
256.698
251.267
245.16
238.399
231.008
223.013
214.442
205.325
195.693
185.579
175.017
164.044
152.697
141.013
129.033
116.797
104.348
91.7286
78.9804
66.1467
53.2714
40.3983
27.5714
14.8346
2.23168
-10.194
-22.3996
-34.3428
-45.9821
-57.277
-68.1879
-78.6766
-88.706
-98.2402
-107.246
-115.69
-123.543
-130.775
-137.361
-143.274
-148.494
-153.001
-156.776
-159.803
-162.074
-163.576
-164.296
-164.232
-163.385
-161.754
-159.339
-156.146
-152.183
-147.459
-141.987
-135.782
-128.862
-121.245
-112.953
-104.009
-94.4402
-84.273
-73.5366
-62.2616
-50.4806
-38.2271
-25.5362
-12.4438
1.01325
14.797
28.869
43.1905
57.7219
72.4237
87.2562
102.18
117.155
132.143
147.104
162.001
176.796
191.454
205.939
220.217
234.253
248.018
261.48
274.611
287.385
299.776
311.761
323.319
334.43
345.076
355.245
364.923
374.098
382.764
390.913
398.544
405.654
412.246
418.324
423.892
428.961
433.54
437.644
441.287
444.487
447.267
449.647
451.649
453.3
454.623
455.636
456.353
456.78
456.918
456.763
456.315
455.572
454.529
453.18
451.519
449.541
447.237
444.602
441.631
438.322
434.672
430.684
426.361
421.712
416.748
411.483
405.936
400.127
394.08
387.819
381.371
374.763
368.02
361.171
354.24
347.254
340.234
333.203
326.183
319.192
312.249
305.369
298.567
291.855
285.247
278.752
272.377
266.132
260.023
254.053
248.228
242.552
237.025
231.651
226.428
221.358
216.44
211.673
207.057
202.588
198.267
194.089
190.051
186.153
182.39
178.761
175.261
171.89
168.642
165.515
162.508
159.615
156.835
154.167
151.606
149.15
146.798
144.548
142.397
140.344
138.386
136.524
134.756
133.08
131.496
130.004
128.602
127.291
126.071
124.944
123.908
122.967
122.121
121.373
120.726
120.183
119.749
119.428
119.231
119.164
)
