FoamFile
{
    version     2.0;
    format      ascii;
    class       scalarAverageField;
    object      values;
}
// **********************************************************************//
0.0

1202
(
-264.864
-269.836
-264.864
-254.593
-243.67
-232.119
-219.984
-207.309
-194.136
-180.513
-166.481
-152.086
-137.372
-122.382
-107.162
-91.7567
-76.2101
-60.5682
-44.876
-29.1788
-13.5218
2.06399
17.5788
33.0149
49.2498
65.0768
79.2682
92.736
105.557
117.774
129.386
140.372
150.707
160.362
169.308
177.519
184.969
191.635
197.495
202.528
206.719
210.056
212.526
214.121
214.835
214.688
213.692
211.837
209.126
205.565
201.162
195.933
189.888
183.048
175.433
167.067
157.977
148.193
137.748
126.678
115.028
102.85
90.2109
77.1857
63.7225
49.4782
34.6472
19.6904
4.61541
-10.5652
-25.8163
-41.0961
-56.36
-71.5618
-86.6537
-101.588
-116.315
-130.786
-144.953
-158.769
-172.188
-185.161
-197.647
-209.601
-220.984
-231.755
-241.877
-251.317
-260.041
-268.019
-275.224
-281.634
-287.226
-291.982
-295.886
-298.928
-301.098
-302.38
-302.777
-302.291
-300.92
-298.671
-295.552
-291.575
-286.754
-281.108
-274.657
-267.424
-259.437
-250.722
-241.312
-231.24
-220.541
-209.255
-197.419
-185.077
-172.272
-159.047
-145.449
-131.525
-117.323
-102.892
-88.2819
-73.5414
-58.7211
-43.8714
-29.0422
-14.2836
0.354965
14.8246
29.0771
43.065
56.7421
70.063
82.9839
95.4624
107.457
118.93
129.843
140.159
149.846
158.872
167.207
174.825
181.701
187.812
193.137
197.661
201.367
204.243
206.279
207.469
207.808
207.292
205.924
203.71
200.653
196.76
192.046
186.522
180.207
173.119
165.279
156.711
147.442
137.499
126.913
115.718
103.947
91.636
78.8245
65.5519
51.8593
37.7897
23.3872
8.69688
-6.23607
-21.3626
-36.6331
-52.0007
-67.4169
-82.8323
-98.1979
-113.465
-128.583
-143.505
-158.181
-172.565
-186.612
-200.273
-213.506
-226.268
-238.516
-250.212
-261.317
-271.796
-281.613
-290.737
-299.138
-306.788
-313.664
-319.744
-325.006
-329.434
-333.014
-335.736
-337.589
-338.572
-338.679
-337.906
-336.263
-333.756
-330.392
-326.183
-321.144
-315.292
-308.649
-301.235
-293.077
-284.204
-274.644
-264.429
-253.594
-242.177
-230.214
-217.745
-204.813
-191.459
-177.729
-163.667
-149.32
-134.734
-119.959
-105.04
-90.0286
-74.9721
-59.9195
-44.9196
-30.0207
-15.271
-0.717905
13.592
27.6129
41.2997
54.609
67.4981
79.9262
91.8535
103.242
114.056
124.261
133.824
142.715
150.906
158.371
165.085
171.028
176.18
180.525
184.048
186.738
188.587
189.586
189.733
189.026
187.468
185.062
181.816
177.736
172.837
167.131
160.637
153.374
145.363
136.628
127.196
117.096
106.357
95.0126
83.0975
70.6483
57.7028
44.3009
30.4838
16.294
1.77528
-13.0291
-28.0715
-43.3029
-58.6771
-74.147
-89.6641
-105.18
-120.646
-136.013
-151.233
-166.258
-181.041
-195.534
-209.691
-223.47
-236.824
-249.711
-262.09
-273.922
-285.168
-295.795
-305.766
-315.049
-323.616
-331.438
-338.49
-344.751
-350.198
-354.817
-358.59
-361.507
-363.556
-364.734
-365.039
-364.462
-363.01
-360.691
-357.51
-353.478
-348.607
-342.915
-336.421
-329.144
-321.112
-312.348
-302.882
-292.746
-281.974
-270.6
-258.662
-246.199
-233.252
-219.864
-206.077
-191.938
-177.493
-162.787
-147.87
-132.79
-117.595
-102.335
-87.0583
-71.8146
-56.6527
-41.621
-26.7676
-12.1396
2.21677
16.256
29.9341
43.2082
56.0368
68.3803
80.2007
91.4616
102.129
112.171
121.556
130.258
138.252
145.513
152.021
157.759
162.711
166.865
170.209
172.738
174.446
175.331
175.395
174.639
173.072
170.703
167.543
163.605
158.905
153.464
147.303
140.446
132.919
124.75
115.97
106.611
96.7086
86.2968
75.4145
64.1008
52.3961
40.3422
27.9824
15.3606
2.52145
-10.4898
-23.6288
-36.8457
-50.0922
-63.3242
-76.4946
-89.5567
-102.464
-115.171
-127.633
-139.804
-151.641
-163.103
-174.148
-184.735
-194.828
-204.388
-213.381
-221.774
-229.536
-236.638
-243.053
-248.756
-253.725
-257.941
-261.386
-264.044
-265.906
-266.962
-267.202
-266.626
-265.233
-263.025
-259.999
-256.167
-251.542
-246.135
-239.959
-233.034
-225.378
-217.014
-207.969
-198.268
-187.942
-177.023
-165.543
-153.537
-141.043
-128.1
-114.747
-101.025
-86.9765
-72.6448
-58.074
-43.3084
-28.3933
-13.3741
1.70384
16.795
31.8537
46.8351
61.6948
76.3889
90.8752
105.111
119.053
132.665
145.905
158.738
171.129
183.043
194.449
205.317
215.618
225.327
234.419
242.873
250.671
257.795
264.23
269.964
274.987
279.293
282.877
285.736
287.871
289.285
289.983
289.974
289.266
287.875
285.814
283.102
279.757
275.803
271.261
266.161
260.532
254.403
247.802
240.767
233.333
225.536
217.412
209.003
200.349
191.491
182.47
173.328
164.105
154.834
145.544
136.26
126.999
117.771
108.585
99.4483
90.3662
81.3451
72.3885
63.4989
54.6788
45.9289
37.25
28.6429
20.1084
11.6485
3.26657
-5.03217
-13.2407
-21.3503
-29.3503
-37.228
-44.9696
-52.5602
-59.9846
-67.2278
-74.2747
-81.1112
-87.724
-94.1014
-100.232
-106.108
-111.721
-117.064
-122.133
-126.925
-131.439
-135.674
-139.63
-143.312
-146.721
-149.864
-152.744
-155.369
-157.745
-159.881
-161.783
-163.462
-164.925
-166.18
-167.239
-168.124
-168.865
-169.425
-169.796
-170.026
-170.125
-170.099
-169.959
-169.713
-169.369
-168.936
-168.424
-167.84
-167.193
-166.489
-165.736
-164.943
-164.115
-163.26
-162.383
-161.493
-160.593
-159.689
-158.788
-157.895
-157.014
-156.151
-155.311
-154.498
-153.715
-152.97
-152.264
-151.603
-150.991
-150.432
-149.93
-149.491
-149.118
-148.817
-148.594
-148.456
-264.864
-264.864
-254.593
-243.67
-232.119
-219.984
-207.309
-194.136
-180.513
-166.481
-152.086
-137.372
-122.382
-107.162
-91.7567
-76.2101
-60.5682
-44.876
-29.1788
-13.5218
2.06399
17.5788
33.0149
49.2498
65.0768
79.2682
92.736
105.557
117.774
129.386
140.372
150.707
160.362
169.308
177.519
184.969
191.635
197.495
202.528
206.719
210.056
212.526
214.121
214.835
214.688
213.692
211.837
209.126
205.565
201.162
195.933
189.888
183.048
175.433
167.067
157.977
148.193
137.748
126.678
115.028
102.85
90.2109
77.1857
63.7225
49.4782
34.6472
19.6904
4.61541
-10.5652
-25.8163
-41.0961
-56.36
-71.5618
-86.6537
-101.588
-116.315
-130.786
-144.953
-158.769
-172.188
-185.161
-197.647
-209.601
-220.984
-231.755
-241.877
-251.317
-260.041
-268.019
-275.224
-281.634
-287.226
-291.982
-295.886
-298.928
-301.098
-302.38
-302.777
-302.291
-300.92
-298.671
-295.552
-291.575
-286.754
-281.108
-274.657
-267.424
-259.437
-250.722
-241.312
-231.24
-220.541
-209.255
-197.419
-185.077
-172.272
-159.047
-145.449
-131.525
-117.323
-102.892
-88.2819
-73.5414
-58.7211
-43.8714
-29.0422
-14.2836
0.354965
14.8246
29.0771
43.065
56.7421
70.063
82.9839
95.4624
107.457
118.93
129.843
140.159
149.846
158.872
167.207
174.825
181.701
187.812
193.137
197.661
201.367
204.243
206.279
207.469
207.808
207.292
205.924
203.71
200.653
196.76
192.046
186.522
180.207
173.119
165.279
156.711
147.442
137.499
126.913
115.718
103.947
91.636
78.8245
65.5519
51.8593
37.7897
23.3872
8.69688
-6.23607
-21.3626
-36.6331
-52.0007
-67.4169
-82.8323
-98.1979
-113.465
-128.583
-143.505
-158.181
-172.565
-186.612
-200.273
-213.506
-226.268
-238.516
-250.212
-261.317
-271.796
-281.613
-290.737
-299.138
-306.788
-313.664
-319.744
-325.006
-329.434
-333.014
-335.736
-337.589
-338.572
-338.679
-337.906
-336.263
-333.756
-330.392
-326.183
-321.144
-315.292
-308.649
-301.235
-293.077
-284.204
-274.644
-264.429
-253.594
-242.177
-230.214
-217.745
-204.813
-191.459
-177.729
-163.667
-149.32
-134.734
-119.959
-105.04
-90.0286
-74.9721
-59.9195
-44.9196
-30.0207
-15.271
-0.717905
13.592
27.6129
41.2997
54.609
67.4981
79.9262
91.8535
103.242
114.056
124.261
133.824
142.715
150.906
158.371
165.085
171.028
176.18
180.525
184.048
186.738
188.587
189.586
189.733
189.026
187.468
185.062
181.816
177.736
172.837
167.131
160.637
153.374
145.363
136.628
127.196
117.096
106.357
95.0126
83.0975
70.6483
57.7028
44.3009
30.4838
16.294
1.77528
-13.0291
-28.0715
-43.3029
-58.6771
-74.147
-89.6641
-105.18
-120.646
-136.013
-151.233
-166.258
-181.041
-195.534
-209.691
-223.47
-236.824
-249.711
-262.09
-273.922
-285.168
-295.795
-305.766
-315.049
-323.616
-331.438
-338.49
-344.751
-350.198
-354.817
-358.59
-361.507
-363.556
-364.734
-365.039
-364.462
-363.01
-360.691
-357.51
-353.478
-348.607
-342.915
-336.421
-329.144
-321.112
-312.348
-302.882
-292.746
-281.974
-270.6
-258.662
-246.199
-233.252
-219.864
-206.077
-191.938
-177.493
-162.787
-147.87
-132.79
-117.595
-102.335
-87.0583
-71.8146
-56.6527
-41.621
-26.7676
-12.1396
2.21677
16.256
29.9341
43.2082
56.0368
68.3803
80.2007
91.4616
102.129
112.171
121.556
130.258
138.252
145.513
152.021
157.759
162.711
166.865
170.209
172.738
174.446
175.331
175.395
174.639
173.072
170.703
167.543
163.605
158.905
153.464
147.303
140.446
132.919
124.75
115.97
106.611
96.7086
86.2968
75.4145
64.1008
52.3961
40.3422
27.9824
15.3606
2.52145
-10.4898
-23.6288
-36.8457
-50.0922
-63.3242
-76.4946
-89.5567
-102.464
-115.171
-127.633
-139.804
-151.641
-163.103
-174.148
-184.735
-194.828
-204.388
-213.381
-221.774
-229.536
-236.638
-243.053
-248.756
-253.725
-257.941
-261.386
-264.044
-265.906
-266.962
-267.202
-266.626
-265.233
-263.025
-259.999
-256.167
-251.542
-246.135
-239.959
-233.034
-225.378
-217.014
-207.969
-198.268
-187.942
-177.023
-165.543
-153.537
-141.043
-128.1
-114.747
-101.025
-86.9765
-72.6448
-58.074
-43.3084
-28.3933
-13.3741
1.70384
16.795
31.8537
46.8351
61.6948
76.3889
90.8752
105.111
119.053
132.665
145.905
158.738
171.129
183.043
194.449
205.317
215.618
225.327
234.419
242.873
250.671
257.795
264.23
269.964
274.987
279.293
282.877
285.736
287.871
289.285
289.983
289.974
289.266
287.875
285.814
283.102
279.757
275.803
271.261
266.161
260.532
254.403
247.802
240.767
233.333
225.536
217.412
209.003
200.349
191.491
182.47
173.328
164.105
154.834
145.544
136.26
126.999
117.771
108.585
99.4483
90.3662
81.3451
72.3885
63.4989
54.6788
45.9289
37.25
28.6429
20.1084
11.6485
3.26657
-5.03217
-13.2407
-21.3503
-29.3503
-37.228
-44.9696
-52.5602
-59.9846
-67.2278
-74.2747
-81.1112
-87.724
-94.1014
-100.232
-106.108
-111.721
-117.064
-122.133
-126.925
-131.439
-135.674
-139.63
-143.312
-146.721
-149.864
-152.744
-155.369
-157.745
-159.881
-161.783
-163.462
-164.925
-166.18
-167.239
-168.124
-168.865
-169.425
-169.796
-170.026
-170.125
-170.099
-169.959
-169.713
-169.369
-168.936
-168.424
-167.84
-167.193
-166.489
-165.736
-164.943
-164.115
-163.26
-162.383
-161.493
-160.593
-159.689
-158.788
-157.895
-157.014
-156.151
-155.311
-154.498
-153.715
-152.97
-152.264
-151.603
-150.991
-150.432
-149.93
-149.491
-149.118
-148.817
-148.594
-148.456
-148.409
)
