FoamFile
{
    version     2.0;
    format      ascii;
    class       scalarAverageField;
    object      values;
}
// **********************************************************************//
0.0

1202
(
-298.653
-299.186
-298.653
-297.196
-294.913
-291.756
-287.727
-282.837
-277.102
-270.541
-263.174
-255.025
-246.122
-236.492
-226.166
-215.178
-203.563
-191.358
-178.6
-165.33
-151.589
-137.424
-122.883
-108.021
-92.89
-77.5439
-62.0367
-46.4219
-30.7534
-15.0848
0.53005
16.0367
31.3811
46.4849
61.2783
77.3673
93.0894
106.715
119.809
132.365
144.363
155.767
166.548
176.671
186.108
194.828
202.806
210.016
216.435
222.046
226.828
230.769
233.854
236.075
237.424
237.897
237.504
236.252
234.141
231.177
227.372
222.738
217.286
211.036
204.003
196.214
187.693
178.468
168.571
158.036
146.899
135.201
122.987
110.312
97.2202
82.9732
68.2593
53.8778
39.2078
24.2949
9.19881
-6.02348
-21.3176
-36.6302
-51.9084
-67.0995
-82.1508
-97.01
-111.626
-125.947
-139.925
-153.512
-166.663
-179.333
-191.482
-203.069
-214.055
-224.404
-234.081
-243.051
-251.286
-258.757
-265.439
-271.31
-276.351
-280.543
-283.878
-286.344
-287.926
-288.625
-288.444
-287.382
-285.445
-282.639
-278.978
-274.474
-269.145
-263.012
-256.097
-248.426
-240.027
-230.93
-221.168
-210.776
-199.791
-188.253
-176.202
-163.68
-150.73
-137.399
-123.731
-109.774
-95.5761
-81.1859
-66.6519
-52.0233
-37.3495
-22.6797
-8.06306
6.45189
20.817
34.9847
48.9083
62.5421
75.8416
88.7635
101.266
113.308
124.851
135.857
146.292
156.122
165.316
173.843
181.678
188.794
195.17
200.785
205.622
209.664
212.899
215.318
216.912
217.675
217.606
216.706
214.977
212.423
209.052
204.874
199.904
194.157
187.649
180.402
172.439
163.783
154.463
144.507
133.947
122.817
111.15
98.9843
86.3587
73.3128
59.8883
46.1279
32.0752
17.7751
3.27493
-11.3782
-26.1383
-40.9573
-55.7872
-70.58
-85.2875
-99.8614
-114.255
-128.42
-142.31
-155.881
-169.086
-181.882
-194.228
-206.082
-217.406
-228.161
-238.312
-247.825
-256.668
-264.814
-272.233
-278.902
-284.799
-289.903
-294.198
-297.671
-300.308
-302.103
-303.053
-303.149
-302.389
-300.782
-298.334
-295.051
-290.946
-286.031
-280.324
-273.844
-266.612
-258.655
-249.997
-240.668
-230.7
-220.123
-208.976
-197.294
-185.115
-172.481
-159.431
-146.008
-132.258
-118.223
-103.95
-89.4851
-74.874
-60.1641
-45.4023
-30.6357
-15.9114
-1.27597
13.2244
27.5441
41.6383
55.4627
68.9741
82.1302
94.8901
107.215
119.067
130.408
141.205
151.425
161.036
170.01
178.32
185.94
192.847
199.022
204.445
209.103
212.98
216.066
218.353
219.834
220.506
220.367
219.42
217.671
215.123
211.786
207.671
202.793
197.168
190.814
183.754
176.008
167.603
158.566
148.927
138.716
127.966
116.713
104.994
92.8446
80.3056
67.4171
54.2209
40.7597
27.0768
13.218
-0.770895
-14.8454
-28.9594
-43.0667
-57.121
-71.0761
-84.8862
-98.5056
-111.889
-124.992
-137.771
-150.184
-162.188
-173.743
-184.812
-195.355
-205.338
-214.726
-223.487
-231.59
-239.009
-245.716
-251.688
-256.904
-261.345
-264.995
-267.841
-269.87
-271.075
-271.45
-270.994
-269.704
-267.579
-264.63
-260.866
-256.294
-250.928
-244.785
-237.883
-230.241
-221.884
-212.838
-203.129
-192.788
-181.848
-170.341
-158.304
-145.773
-132.788
-119.388
-105.614
-91.5108
-77.1198
-62.4855
-47.6528
-32.667
-17.5736
-2.41833
12.753
27.8947
42.9616
57.9086
72.6915
87.2667
101.591
115.624
129.323
142.65
155.566
168.036
180.023
191.494
202.418
212.765
222.506
231.616
240.071
247.849
254.929
261.296
266.932
271.826
275.966
279.344
281.952
283.789
284.851
285.14
284.659
283.413
281.409
278.656
275.167
270.956
266.037
260.431
254.156
247.236
239.693
231.553
222.845
213.597
203.839
193.605
182.927
171.841
160.382
148.588
136.494
124.145
111.583
98.8469
85.9783
73.0185
60.0102
46.996
34.019
21.1219
8.34776
-4.26104
-16.6623
-28.8144
-40.6765
-52.2082
-63.3704
-74.1251
-84.4351
-94.2648
-103.58
-112.348
-120.538
-128.121
-135.068
-141.356
-146.961
-151.861
-156.037
-159.473
-162.157
-164.077
-165.216
-165.572
-165.145
-163.928
-161.924
-159.134
-155.565
-151.224
-146.123
-140.273
-133.689
-126.39
-118.394
-109.723
-100.401
-90.4526
-79.9052
-68.7881
-57.1314
-44.9669
-32.3279
-19.2487
-5.76477
8.08748
22.271
36.7479
51.48
66.4286
81.5548
96.8198
112.185
127.611
143.06
158.493
173.874
189.166
204.334
219.342
234.157
248.747
263.079
277.127
290.861
304.255
317.283
329.925
342.158
353.965
365.328
376.234
386.669
396.623
406.09
415.064
423.541
431.523
439.009
446.004
452.515
458.551
464.122
469.241
473.924
478.195
482.069
485.565
488.702
491.498
493.957
496.081
497.867
499.314
500.418
501.171
501.569
501.606
501.273
500.563
499.47
497.986
496.105
493.827
491.15
488.075
484.608
480.757
476.536
471.96
467.047
461.82
456.303
450.523
444.506
438.28
431.873
425.312
418.623
411.834
404.966
398.045
391.092
384.127
377.169
370.236
363.344
356.505
349.735
343.044
336.442
329.94
323.544
317.26
311.097
305.057
299.145
293.365
287.717
282.205
276.829
271.591
266.49
261.526
256.698
252.007
247.45
243.027
238.736
234.575
230.543
226.639
222.859
219.204
215.671
212.257
208.963
205.785
202.723
199.775
196.939
194.216
191.603
189.101
186.706
184.421
182.243
180.173
178.212
176.358
174.613
172.978
171.453
170.039
168.74
167.556
166.491
165.547
164.73
164.043
163.494
163.089
162.839
-298.653
-298.653
-297.196
-294.913
-291.756
-287.727
-282.837
-277.102
-270.541
-263.174
-255.025
-246.122
-236.492
-226.166
-215.178
-203.563
-191.358
-178.6
-165.33
-151.589
-137.424
-122.883
-108.021
-92.89
-77.5439
-62.0367
-46.4219
-30.7534
-15.0848
0.53005
16.0367
31.3811
46.4849
61.2783
77.3673
93.0894
106.715
119.809
132.365
144.363
155.767
166.548
176.671
186.108
194.828
202.806
210.016
216.435
222.046
226.828
230.769
233.854
236.075
237.424
237.897
237.504
236.252
234.141
231.177
227.372
222.738
217.286
211.036
204.003
196.214
187.693
178.468
168.571
158.036
146.899
135.201
122.987
110.312
97.2202
82.9732
68.2593
53.8778
39.2078
24.2949
9.19881
-6.02348
-21.3176
-36.6302
-51.9084
-67.0995
-82.1508
-97.01
-111.626
-125.947
-139.925
-153.512
-166.663
-179.333
-191.482
-203.069
-214.055
-224.404
-234.081
-243.051
-251.286
-258.757
-265.439
-271.31
-276.351
-280.543
-283.878
-286.344
-287.926
-288.625
-288.444
-287.382
-285.445
-282.639
-278.978
-274.474
-269.145
-263.012
-256.097
-248.426
-240.027
-230.93
-221.168
-210.776
-199.791
-188.253
-176.202
-163.68
-150.73
-137.399
-123.731
-109.774
-95.5761
-81.1859
-66.6519
-52.0233
-37.3495
-22.6797
-8.06306
6.45189
20.817
34.9847
48.9083
62.5421
75.8416
88.7635
101.266
113.308
124.851
135.857
146.292
156.122
165.316
173.843
181.678
188.794
195.17
200.785
205.622
209.664
212.899
215.318
216.912
217.675
217.606
216.706
214.977
212.423
209.052
204.874
199.904
194.157
187.649
180.402
172.439
163.783
154.463
144.507
133.947
122.817
111.15
98.9843
86.3587
73.3128
59.8883
46.1279
32.0752
17.7751
3.27493
-11.3782
-26.1383
-40.9573
-55.7872
-70.58
-85.2875
-99.8614
-114.255
-128.42
-142.31
-155.881
-169.086
-181.882
-194.228
-206.082
-217.406
-228.161
-238.312
-247.825
-256.668
-264.814
-272.233
-278.902
-284.799
-289.903
-294.198
-297.671
-300.308
-302.103
-303.053
-303.149
-302.389
-300.782
-298.334
-295.051
-290.946
-286.031
-280.324
-273.844
-266.612
-258.655
-249.997
-240.668
-230.7
-220.123
-208.976
-197.294
-185.115
-172.481
-159.431
-146.008
-132.258
-118.223
-103.95
-89.4851
-74.874
-60.1641
-45.4023
-30.6357
-15.9114
-1.27597
13.2244
27.5441
41.6383
55.4627
68.9741
82.1302
94.8901
107.215
119.067
130.408
141.205
151.425
161.036
170.01
178.32
185.94
192.847
199.022
204.445
209.103
212.98
216.066
218.353
219.834
220.506
220.367
219.42
217.671
215.123
211.786
207.671
202.793
197.168
190.814
183.754
176.008
167.603
158.566
148.927
138.716
127.966
116.713
104.994
92.8446
80.3056
67.4171
54.2209
40.7597
27.0768
13.218
-0.770895
-14.8454
-28.9594
-43.0667
-57.121
-71.0761
-84.8862
-98.5056
-111.889
-124.992
-137.771
-150.184
-162.188
-173.743
-184.812
-195.355
-205.338
-214.726
-223.487
-231.59
-239.009
-245.716
-251.688
-256.904
-261.345
-264.995
-267.841
-269.87
-271.075
-271.45
-270.994
-269.704
-267.579
-264.63
-260.866
-256.294
-250.928
-244.785
-237.883
-230.241
-221.884
-212.838
-203.129
-192.788
-181.848
-170.341
-158.304
-145.773
-132.788
-119.388
-105.614
-91.5108
-77.1198
-62.4855
-47.6528
-32.667
-17.5736
-2.41833
12.753
27.8947
42.9616
57.9086
72.6915
87.2667
101.591
115.624
129.323
142.65
155.566
168.036
180.023
191.494
202.418
212.765
222.506
231.616
240.071
247.849
254.929
261.296
266.932
271.826
275.966
279.344
281.952
283.789
284.851
285.14
284.659
283.413
281.409
278.656
275.167
270.956
266.037
260.431
254.156
247.236
239.693
231.553
222.845
213.597
203.839
193.605
182.927
171.841
160.382
148.588
136.494
124.145
111.583
98.8469
85.9783
73.0185
60.0102
46.996
34.019
21.1219
8.34776
-4.26104
-16.6623
-28.8144
-40.6765
-52.2082
-63.3704
-74.1251
-84.4351
-94.2648
-103.58
-112.348
-120.538
-128.121
-135.068
-141.356
-146.961
-151.861
-156.037
-159.473
-162.157
-164.077
-165.216
-165.572
-165.145
-163.928
-161.924
-159.134
-155.565
-151.224
-146.123
-140.273
-133.689
-126.39
-118.394
-109.723
-100.401
-90.4526
-79.9052
-68.7881
-57.1314
-44.9669
-32.3279
-19.2487
-5.76477
8.08748
22.271
36.7479
51.48
66.4286
81.5548
96.8198
112.185
127.611
143.06
158.493
173.874
189.166
204.334
219.342
234.157
248.747
263.079
277.127
290.861
304.255
317.283
329.925
342.158
353.965
365.328
376.234
386.669
396.623
406.09
415.064
423.541
431.523
439.009
446.004
452.515
458.551
464.122
469.241
473.924
478.195
482.069
485.565
488.702
491.498
493.957
496.081
497.867
499.314
500.418
501.171
501.569
501.606
501.273
500.563
499.47
497.986
496.105
493.827
491.15
488.075
484.608
480.757
476.536
471.96
467.047
461.82
456.303
450.523
444.506
438.28
431.873
425.312
418.623
411.834
404.966
398.045
391.092
384.127
377.169
370.236
363.344
356.505
349.735
343.044
336.442
329.94
323.544
317.26
311.097
305.057
299.145
293.365
287.717
282.205
276.829
271.591
266.49
261.526
256.698
252.007
247.45
243.027
238.736
234.575
230.543
226.639
222.859
219.204
215.671
212.257
208.963
205.785
202.723
199.775
196.939
194.216
191.603
189.101
186.706
184.421
182.243
180.173
178.212
176.358
174.613
172.978
171.453
170.039
168.74
167.556
166.491
165.547
164.73
164.043
163.494
163.089
162.839
162.753
)
