FoamFile
{
    version     2.0;
    format      ascii;
    class       scalarAverageField;
    object      values;
}
// **********************************************************************//
0.0

1202
(
-248.781
-244.61
-248.781
-256.736
-263.916
-270.298
-275.858
-280.572
-284.423
-287.395
-289.483
-290.674
-290.962
-290.341
-288.811
-286.379
-283.055
-278.853
-273.784
-267.867
-261.119
-253.566
-245.233
-236.153
-226.357
-215.883
-204.769
-193.055
-180.786
-168.009
-154.771
-141.121
-127.113
-112.8
-98.2407
-83.4925
-68.6159
-53.6733
-38.7291
-23.8492
-9.10141
5.44434
19.7181
33.6875
47.4819
60.801
73.2779
85.2852
97.1522
108.805
120.105
130.969
141.332
151.139
160.343
168.904
176.787
183.962
190.4
196.077
200.973
205.07
208.352
210.808
212.427
213.201
213.123
212.204
210.457
207.885
204.489
200.281
195.276
189.488
182.938
175.645
167.637
158.936
149.571
139.573
128.972
117.798
106.086
93.8696
81.1838
68.0698
54.5586
40.5466
26.1611
11.6207
-3.07566
-17.8835
-32.7568
-47.649
-62.5131
-77.3043
-91.978
-106.488
-120.789
-134.829
-148.564
-161.942
-174.92
-187.452
-199.493
-211.001
-221.937
-232.263
-241.941
-250.939
-259.224
-266.767
-273.543
-279.526
-284.698
-289.038
-292.533
-295.171
-296.943
-297.842
-297.861
-297.006
-295.281
-292.689
-289.241
-284.95
-279.828
-273.898
-267.177
-259.69
-251.464
-242.527
-232.911
-222.649
-211.775
-200.328
-188.348
-175.874
-162.95
-149.62
-135.928
-121.921
-107.647
-93.1525
-78.4861
-63.697
-48.8341
-33.9464
-19.083
-4.29263
10.3764
24.8761
39.1595
53.1805
66.8939
80.2556
93.2229
105.754
117.81
129.352
140.344
150.75
160.54
169.681
178.146
185.908
192.944
199.231
204.751
209.487
213.425
216.553
218.862
220.344
220.998
220.819
219.811
217.98
215.329
211.867
207.605
202.56
196.746
190.183
182.893
174.899
166.226
156.903
146.959
136.427
125.342
113.738
101.653
89.1258
76.1976
62.9097
49.3055
35.4289
21.3248
7.03883
-7.38082
-21.8868
-36.4328
-50.9709
-65.4534
-79.8324
-94.0606
-108.091
-121.877
-135.373
-148.533
-161.315
-173.675
-185.572
-196.967
-207.82
-218.095
-227.759
-236.777
-245.12
-252.759
-259.668
-265.823
-271.205
-275.793
-279.572
-282.528
-284.652
-285.935
-286.375
-285.968
-284.71
-282.608
-279.672
-275.908
-271.328
-265.947
-259.78
-252.848
-245.173
-236.78
-227.695
-217.947
-207.567
-196.589
-185.047
-172.978
-160.42
-147.413
-133.997
-120.215
-106.11
-91.7257
-77.1072
-62.2998
-47.3493
-32.3016
-17.2031
-2.09967
12.9626
27.9381
42.7816
57.4487
71.8955
86.0792
99.9575
113.49
126.638
139.361
151.624
163.392
174.631
185.31
195.398
204.868
213.694
221.852
229.321
236.081
242.114
247.406
251.943
255.716
258.716
260.938
262.377
263.032
262.905
262.002
260.327
257.885
254.689
250.751
246.086
240.71
234.643
227.905
220.517
212.505
203.897
194.717
184.998
174.769
164.063
152.914
141.357
129.428
117.165
104.603
91.7848
78.7514
65.5412
52.1953
38.7547
25.2609
11.7556
-1.71939
-15.1226
-28.4126
-41.5484
-54.4894
-67.1957
-79.628
-91.748
-103.518
-114.902
-125.864
-136.372
-146.392
-155.892
-164.845
-173.222
-180.997
-188.147
-194.648
-200.482
-205.629
-210.074
-213.804
-216.808
-219.077
-220.606
-221.382
-221.407
-220.687
-219.22
-217.012
-214.07
-210.403
-206.022
-200.942
-195.179
-188.751
-181.678
-173.983
-165.69
-156.824
-147.414
-137.489
-127.08
-116.218
-104.938
-93.2742
-81.263
-68.9416
-56.3478
-43.5205
-30.499
-17.3237
-4.03493
9.32642
22.7192
36.102
49.4337
62.673
75.7792
88.7107
101.427
113.89
126.06
137.899
149.368
160.433
171.056
181.204
190.844
199.942
208.471
216.4
223.701
230.349
236.321
241.594
246.147
249.964
253.028
255.324
256.839
257.565
257.498
256.629
254.954
252.474
249.191
245.111
240.239
234.585
228.161
220.981
213.062
204.423
195.085
185.072
174.41
163.127
151.255
138.826
125.873
112.433
98.5447
84.2495
69.5891
54.606
39.3445
23.8505
8.17084
-7.64686
-23.5539
-39.5011
-55.4388
-71.3167
-87.0848
-102.693
-118.091
-133.229
-148.057
-162.528
-176.594
-190.207
-203.323
-215.897
-227.885
-239.247
-249.943
-259.935
-269.189
-277.669
-285.345
-292.188
-298.17
-303.271
-307.468
-310.734
-313.06
-314.436
-314.847
-314.286
-312.746
-310.228
-306.731
-302.259
-296.818
-290.417
-283.068
-274.786
-265.586
-255.49
-244.518
-232.695
-220.047
-206.604
-192.395
-177.452
-161.811
-145.507
-128.576
-111.058
-92.9934
-74.4217
-55.3854
-35.9267
-16.0888
4.0849
24.5508
45.265
66.1831
87.2604
108.456
129.729
151.036
172.337
193.59
214.758
235.803
256.689
277.382
297.847
318.055
337.975
357.58
376.845
395.747
414.263
432.375
450.064
467.311
484.096
500.392
516.17
531.395
546.05
560.12
573.579
586.406
598.579
610.081
620.892
630.996
640.379
649.031
656.944
664.113
670.539
676.225
681.18
685.415
688.947
691.796
693.983
695.532
696.47
696.823
696.621
695.889
694.657
692.951
690.799
688.227
685.262
681.926
678.248
674.248
669.95
665.378
660.552
655.493
650.223
644.76
639.123
633.331
627.401
621.349
615.192
608.946
602.626
596.245
589.818
583.356
576.874
570.382
563.892
557.414
550.959
544.538
538.157
531.828
525.556
519.353
513.225
507.178
501.22
495.357
489.597
483.945
478.406
472.988
467.694
462.53
457.503
452.616
447.875
443.285
438.851
434.578
430.47
426.533
422.771
419.191
415.798
412.597
409.595
406.798
404.213
401.849
399.713
397.814
396.164
394.774
393.659
392.837
392.327
-248.781
-248.781
-256.736
-263.916
-270.298
-275.858
-280.572
-284.423
-287.395
-289.483
-290.674
-290.962
-290.341
-288.811
-286.379
-283.055
-278.853
-273.784
-267.867
-261.119
-253.566
-245.233
-236.153
-226.357
-215.883
-204.769
-193.055
-180.786
-168.009
-154.771
-141.121
-127.113
-112.8
-98.2407
-83.4925
-68.6159
-53.6733
-38.7291
-23.8492
-9.10141
5.44434
19.7181
33.6875
47.4819
60.801
73.2779
85.2852
97.1522
108.805
120.105
130.969
141.332
151.139
160.343
168.904
176.787
183.962
190.4
196.077
200.973
205.07
208.352
210.808
212.427
213.201
213.123
212.204
210.457
207.885
204.489
200.281
195.276
189.488
182.938
175.645
167.637
158.936
149.571
139.573
128.972
117.798
106.086
93.8696
81.1838
68.0698
54.5586
40.5466
26.1611
11.6207
-3.07566
-17.8835
-32.7568
-47.649
-62.5131
-77.3043
-91.978
-106.488
-120.789
-134.829
-148.564
-161.942
-174.92
-187.452
-199.493
-211.001
-221.937
-232.263
-241.941
-250.939
-259.224
-266.767
-273.543
-279.526
-284.698
-289.038
-292.533
-295.171
-296.943
-297.842
-297.861
-297.006
-295.281
-292.689
-289.241
-284.95
-279.828
-273.898
-267.177
-259.69
-251.464
-242.527
-232.911
-222.649
-211.775
-200.328
-188.348
-175.874
-162.95
-149.62
-135.928
-121.921
-107.647
-93.1525
-78.4861
-63.697
-48.8341
-33.9464
-19.083
-4.29263
10.3764
24.8761
39.1595
53.1805
66.8939
80.2556
93.2229
105.754
117.81
129.352
140.344
150.75
160.54
169.681
178.146
185.908
192.944
199.231
204.751
209.487
213.425
216.553
218.862
220.344
220.998
220.819
219.811
217.98
215.329
211.867
207.605
202.56
196.746
190.183
182.893
174.899
166.226
156.903
146.959
136.427
125.342
113.738
101.653
89.1258
76.1976
62.9097
49.3055
35.4289
21.3248
7.03883
-7.38082
-21.8868
-36.4328
-50.9709
-65.4534
-79.8324
-94.0606
-108.091
-121.877
-135.373
-148.533
-161.315
-173.675
-185.572
-196.967
-207.82
-218.095
-227.759
-236.777
-245.12
-252.759
-259.668
-265.823
-271.205
-275.793
-279.572
-282.528
-284.652
-285.935
-286.375
-285.968
-284.71
-282.608
-279.672
-275.908
-271.328
-265.947
-259.78
-252.848
-245.173
-236.78
-227.695
-217.947
-207.567
-196.589
-185.047
-172.978
-160.42
-147.413
-133.997
-120.215
-106.11
-91.7257
-77.1072
-62.2998
-47.3493
-32.3016
-17.2031
-2.09967
12.9626
27.9381
42.7816
57.4487
71.8955
86.0792
99.9575
113.49
126.638
139.361
151.624
163.392
174.631
185.31
195.398
204.868
213.694
221.852
229.321
236.081
242.114
247.406
251.943
255.716
258.716
260.938
262.377
263.032
262.905
262.002
260.327
257.885
254.689
250.751
246.086
240.71
234.643
227.905
220.517
212.505
203.897
194.717
184.998
174.769
164.063
152.914
141.357
129.428
117.165
104.603
91.7848
78.7514
65.5412
52.1953
38.7547
25.2609
11.7556
-1.71939
-15.1226
-28.4126
-41.5484
-54.4894
-67.1957
-79.628
-91.748
-103.518
-114.902
-125.864
-136.372
-146.392
-155.892
-164.845
-173.222
-180.997
-188.147
-194.648
-200.482
-205.629
-210.074
-213.804
-216.808
-219.077
-220.606
-221.382
-221.407
-220.687
-219.22
-217.012
-214.07
-210.403
-206.022
-200.942
-195.179
-188.751
-181.678
-173.983
-165.69
-156.824
-147.414
-137.489
-127.08
-116.218
-104.938
-93.2742
-81.263
-68.9416
-56.3478
-43.5205
-30.499
-17.3237
-4.03493
9.32642
22.7192
36.102
49.4337
62.673
75.7792
88.7107
101.427
113.89
126.06
137.899
149.368
160.433
171.056
181.204
190.844
199.942
208.471
216.4
223.701
230.349
236.321
241.594
246.147
249.964
253.028
255.324
256.839
257.565
257.498
256.629
254.954
252.474
249.191
245.111
240.239
234.585
228.161
220.981
213.062
204.423
195.085
185.072
174.41
163.127
151.255
138.826
125.873
112.433
98.5447
84.2495
69.5891
54.606
39.3445
23.8505
8.17084
-7.64686
-23.5539
-39.5011
-55.4388
-71.3167
-87.0848
-102.693
-118.091
-133.229
-148.057
-162.528
-176.594
-190.207
-203.323
-215.897
-227.885
-239.247
-249.943
-259.935
-269.189
-277.669
-285.345
-292.188
-298.17
-303.271
-307.468
-310.734
-313.06
-314.436
-314.847
-314.286
-312.746
-310.228
-306.731
-302.259
-296.818
-290.417
-283.068
-274.786
-265.586
-255.49
-244.518
-232.695
-220.047
-206.604
-192.395
-177.452
-161.811
-145.507
-128.576
-111.058
-92.9934
-74.4217
-55.3854
-35.9267
-16.0888
4.0849
24.5508
45.265
66.1831
87.2604
108.456
129.729
151.036
172.337
193.59
214.758
235.803
256.689
277.382
297.847
318.055
337.975
357.58
376.845
395.747
414.263
432.375
450.064
467.311
484.096
500.392
516.17
531.395
546.05
560.12
573.579
586.406
598.579
610.081
620.892
630.996
640.379
649.031
656.944
664.113
670.539
676.225
681.18
685.415
688.947
691.796
693.983
695.532
696.47
696.823
696.621
695.889
694.657
692.951
690.799
688.227
685.262
681.926
678.248
674.248
669.95
665.378
660.552
655.493
650.223
644.76
639.123
633.331
627.401
621.349
615.192
608.946
602.626
596.245
589.818
583.356
576.874
570.382
563.892
557.414
550.959
544.538
538.157
531.828
525.556
519.353
513.225
507.178
501.22
495.357
489.597
483.945
478.406
472.988
467.694
462.53
457.503
452.616
447.875
443.285
438.851
434.578
430.47
426.533
422.771
419.191
415.798
412.597
409.595
406.798
404.213
401.849
399.713
397.814
396.164
394.774
393.659
392.837
392.327
392.154
)
