FoamFile
{
    version     2.0;
    format      ascii;
    class       scalarAverageField;
    object      values;
}
// **********************************************************************//
0.0

1202
(
305.267
305.73
305.267
303.919
301.723
298.673
294.777
290.041
284.475
278.092
270.907
262.936
254.194
244.697
234.457
223.481
211.765
199.281
185.958
171.614
156.162
137.873
117.186
97.2817
78.6805
60.6999
43.0333
25.5764
8.2858
-8.8482
-25.8152
-42.5922
-59.1486
-75.4485
-91.4528
-107.121
-122.41
-137.277
-151.682
-165.579
-178.931
-191.695
-203.834
-215.31
-226.088
-236.134
-245.418
-253.91
-261.584
-268.416
-274.385
-279.469
-283.65
-286.936
-289.338
-290.822
-291.347
-290.919
-289.562
-287.287
-284.104
-280.029
-275.081
-269.277
-262.641
-255.197
-246.973
-237.999
-228.306
-217.931
-206.909
-195.28
-183.085
-170.368
-157.174
-143.55
-129.547
-115.213
-100.6
-85.7603
-70.7454
-55.6099
-40.4081
-25.1965
-10.0336
5.02537
19.9817
34.3087
48.2752
62.2573
75.8489
89.0661
101.857
114.171
125.96
137.181
147.793
157.762
167.056
175.642
183.497
190.595
196.915
202.437
207.145
211.025
214.067
216.261
217.601
218.084
217.709
216.48
214.402
211.481
207.724
203.147
197.764
191.595
184.657
176.974
168.572
159.477
149.72
139.33
128.344
116.796
104.724
92.1664
79.1655
65.7635
52.0038
37.9316
23.5933
9.03339
-5.70026
-20.5514
-35.4708
-50.4137
-65.3298
-80.1694
-94.8829
-109.422
-123.736
-137.779
-151.503
-164.862
-177.811
-190.306
-202.306
-213.77
-224.659
-234.937
-244.569
-253.522
-261.767
-269.276
-276.023
-281.986
-287.146
-291.485
-294.988
-297.645
-299.449
-300.393
-300.471
-299.685
-298.043
-295.548
-292.21
-288.039
-283.053
-277.268
-270.704
-263.386
-255.338
-246.589
-237.169
-227.11
-216.447
-205.217
-193.458
-181.211
-168.517
-155.419
-141.962
-128.192
-114.153
-99.8929
-85.4602
-70.9028
-56.269
-41.6072
-26.9658
-12.3932
2.06277
16.3549
30.4364
44.2614
57.785
70.9633
83.7537
96.1154
108.008
119.394
130.236
140.5
150.154
159.166
167.507
175.152
182.076
188.257
193.675
198.314
202.158
205.196
207.418
208.815
209.385
209.124
208.034
206.119
203.384
199.836
195.486
190.35
184.44
177.777
170.381
162.275
153.484
144.036
133.96
123.286
112.05
100.285
88.0302
75.3223
62.2019
48.7105
34.8912
20.79
6.42208
-8.14407
-22.8303
-37.6164
-52.4583
-67.3072
-82.1152
-96.835
-111.419
-125.82
-139.992
-153.889
-167.466
-180.679
-193.486
-205.844
-217.713
-229.056
-239.833
-250.012
-259.558
-268.44
-276.629
-284.098
-290.822
-296.78
-301.951
-306.32
-309.87
-312.59
-314.471
-315.506
-315.695
-315.034
-313.519
-311.16
-307.967
-303.948
-299.115
-293.481
-287.067
-279.893
-271.98
-263.354
-254.042
-244.075
-233.481
-222.298
-210.558
-198.3
-185.562
-172.384
-158.807
-144.875
-130.63
-116.117
-101.383
-86.472
-71.4305
-56.3055
-41.1437
-25.9918
-10.8963
4.0966
18.9413
33.5925
48.0059
62.1383
75.9471
89.391
102.43
115.025
127.141
138.741
149.792
160.262
170.121
179.342
187.899
195.767
202.928
209.36
215.048
219.979
224.137
227.517
230.111
231.913
232.923
233.14
232.567
231.211
229.082
226.185
222.536
218.15
213.043
207.235
200.749
193.607
185.835
177.461
168.514
159.027
149.031
138.56
127.652
116.343
104.67
92.6746
80.3964
67.8753
55.1545
42.2792
29.2922
16.2363
3.15508
-9.9077
-22.9082
-35.8028
-48.5484
-61.102
-73.4215
-85.4655
-97.1932
-108.566
-119.544
-130.09
-140.17
-149.748
-158.792
-167.271
-175.155
-182.42
-189.037
-194.985
-200.243
-204.792
-208.616
-211.701
-214.036
-215.611
-216.42
-216.46
-215.732
-214.229
-211.958
-208.93
-205.15
-200.63
-195.382
-189.423
-182.771
-175.446
-167.472
-158.872
-149.673
-139.904
-129.596
-118.78
-107.489
-95.7604
-83.6291
-71.133
-58.3109
-45.2026
-31.8487
-18.2905
-4.56994
9.27077
23.1889
37.1418
51.0863
64.9798
78.7797
92.4436
105.93
119.197
132.205
144.906
157.269
169.26
180.837
191.963
202.605
212.728
222.302
231.295
239.678
247.424
254.509
260.907
266.596
271.557
275.771
279.221
281.892
283.774
284.853
285.121
284.574
283.207
281.018
278.003
274.167
269.513
264.048
257.781
250.719
242.877
234.269
224.911
214.821
204.02
192.53
180.373
167.576
154.166
140.172
125.623
110.55
94.9893
78.9766
62.5468
45.7353
28.5795
11.1172
-6.61312
-24.5723
-42.721
-61.0195
-79.4282
-97.9076
-116.419
-134.923
-153.381
-171.757
-190.013
-208.115
-226.028
-243.718
-261.156
-278.31
-295.152
-311.657
-327.8
-343.559
-358.914
-373.846
-388.34
-402.383
-415.966
-429.079
-441.71
-453.861
-465.532
-476.721
-487.432
-497.67
-507.444
-516.761
-525.632
-534.069
-542.082
-549.679
-556.862
-563.629
-569.975
-575.896
-581.387
-586.441
-591.051
-595.207
-598.9
-602.119
-604.855
-607.098
-608.84
-610.074
-610.797
-611.009
-610.709
-609.905
-608.606
-606.822
-604.571
-601.871
-598.744
-595.212
-591.301
-587.035
-582.444
-577.553
-572.387
-566.974
-561.337
-555.502
-549.492
-543.329
-537.034
-530.628
-524.13
-517.555
-510.924
-504.25
-497.549
-490.835
-484.12
-477.416
-470.734
-464.086
-457.479
-450.924
-444.427
-437.996
-431.638
-425.36
-419.165
-413.06
-407.049
-401.136
-395.326
-389.62
-384.023
-378.537
-373.164
-367.908
-362.77
-357.751
-352.855
-348.082
-343.433
-338.912
-334.519
-330.254
-326.12
-322.118
-318.25
-314.517
-310.92
-307.461
-304.143
-300.966
-297.933
-295.046
-292.307
-289.719
-287.284
-285.007
-282.891
-280.94
-279.158
-277.552
-276.126
-274.889
-273.848
-273.014
-272.399
-272.019
305.267
305.267
303.919
301.723
298.673
294.777
290.041
284.475
278.092
270.907
262.936
254.194
244.697
234.457
223.481
211.765
199.281
185.958
171.614
156.162
137.873
117.186
97.2817
78.6805
60.6999
43.0333
25.5764
8.2858
-8.8482
-25.8152
-42.5922
-59.1486
-75.4485
-91.4528
-107.121
-122.41
-137.277
-151.682
-165.579
-178.931
-191.695
-203.834
-215.31
-226.088
-236.134
-245.418
-253.91
-261.584
-268.416
-274.385
-279.469
-283.65
-286.936
-289.338
-290.822
-291.347
-290.919
-289.562
-287.287
-284.104
-280.029
-275.081
-269.277
-262.641
-255.197
-246.973
-237.999
-228.306
-217.931
-206.909
-195.28
-183.085
-170.368
-157.174
-143.55
-129.547
-115.213
-100.6
-85.7603
-70.7454
-55.6099
-40.4081
-25.1965
-10.0336
5.02537
19.9817
34.3087
48.2752
62.2573
75.8489
89.0661
101.857
114.171
125.96
137.181
147.793
157.762
167.056
175.642
183.497
190.595
196.915
202.437
207.145
211.025
214.067
216.261
217.601
218.084
217.709
216.48
214.402
211.481
207.724
203.147
197.764
191.595
184.657
176.974
168.572
159.477
149.72
139.33
128.344
116.796
104.724
92.1664
79.1655
65.7635
52.0038
37.9316
23.5933
9.03339
-5.70026
-20.5514
-35.4708
-50.4137
-65.3298
-80.1694
-94.8829
-109.422
-123.736
-137.779
-151.503
-164.862
-177.811
-190.306
-202.306
-213.77
-224.659
-234.937
-244.569
-253.522
-261.767
-269.276
-276.023
-281.986
-287.146
-291.485
-294.988
-297.645
-299.449
-300.393
-300.471
-299.685
-298.043
-295.548
-292.21
-288.039
-283.053
-277.268
-270.704
-263.386
-255.338
-246.589
-237.169
-227.11
-216.447
-205.217
-193.458
-181.211
-168.517
-155.419
-141.962
-128.192
-114.153
-99.8929
-85.4602
-70.9028
-56.269
-41.6072
-26.9658
-12.3932
2.06277
16.3549
30.4364
44.2614
57.785
70.9633
83.7537
96.1154
108.008
119.394
130.236
140.5
150.154
159.166
167.507
175.152
182.076
188.257
193.675
198.314
202.158
205.196
207.418
208.815
209.385
209.124
208.034
206.119
203.384
199.836
195.486
190.35
184.44
177.777
170.381
162.275
153.484
144.036
133.96
123.286
112.05
100.285
88.0302
75.3223
62.2019
48.7105
34.8912
20.79
6.42208
-8.14407
-22.8303
-37.6164
-52.4583
-67.3072
-82.1152
-96.835
-111.419
-125.82
-139.992
-153.889
-167.466
-180.679
-193.486
-205.844
-217.713
-229.056
-239.833
-250.012
-259.558
-268.44
-276.629
-284.098
-290.822
-296.78
-301.951
-306.32
-309.87
-312.59
-314.471
-315.506
-315.695
-315.034
-313.519
-311.16
-307.967
-303.948
-299.115
-293.481
-287.067
-279.893
-271.98
-263.354
-254.042
-244.075
-233.481
-222.298
-210.558
-198.3
-185.562
-172.384
-158.807
-144.875
-130.63
-116.117
-101.383
-86.472
-71.4305
-56.3055
-41.1437
-25.9918
-10.8963
4.0966
18.9413
33.5925
48.0059
62.1383
75.9471
89.391
102.43
115.025
127.141
138.741
149.792
160.262
170.121
179.342
187.899
195.767
202.928
209.36
215.048
219.979
224.137
227.517
230.111
231.913
232.923
233.14
232.567
231.211
229.082
226.185
222.536
218.15
213.043
207.235
200.749
193.607
185.835
177.461
168.514
159.027
149.031
138.56
127.652
116.343
104.67
92.6746
80.3964
67.8753
55.1545
42.2792
29.2922
16.2363
3.15508
-9.9077
-22.9082
-35.8028
-48.5484
-61.102
-73.4215
-85.4655
-97.1932
-108.566
-119.544
-130.09
-140.17
-149.748
-158.792
-167.271
-175.155
-182.42
-189.037
-194.985
-200.243
-204.792
-208.616
-211.701
-214.036
-215.611
-216.42
-216.46
-215.732
-214.229
-211.958
-208.93
-205.15
-200.63
-195.382
-189.423
-182.771
-175.446
-167.472
-158.872
-149.673
-139.904
-129.596
-118.78
-107.489
-95.7604
-83.6291
-71.133
-58.3109
-45.2026
-31.8487
-18.2905
-4.56994
9.27077
23.1889
37.1418
51.0863
64.9798
78.7797
92.4436
105.93
119.197
132.205
144.906
157.269
169.26
180.837
191.963
202.605
212.728
222.302
231.295
239.678
247.424
254.509
260.907
266.596
271.557
275.771
279.221
281.892
283.774
284.853
285.121
284.574
283.207
281.018
278.003
274.167
269.513
264.048
257.781
250.719
242.877
234.269
224.911
214.821
204.02
192.53
180.373
167.576
154.166
140.172
125.623
110.55
94.9893
78.9766
62.5468
45.7353
28.5795
11.1172
-6.61312
-24.5723
-42.721
-61.0195
-79.4282
-97.9076
-116.419
-134.923
-153.381
-171.757
-190.013
-208.115
-226.028
-243.718
-261.156
-278.31
-295.152
-311.657
-327.8
-343.559
-358.914
-373.846
-388.34
-402.383
-415.966
-429.079
-441.71
-453.861
-465.532
-476.721
-487.432
-497.67
-507.444
-516.761
-525.632
-534.069
-542.082
-549.679
-556.862
-563.629
-569.975
-575.896
-581.387
-586.441
-591.051
-595.207
-598.9
-602.119
-604.855
-607.098
-608.84
-610.074
-610.797
-611.009
-610.709
-609.905
-608.606
-606.822
-604.571
-601.871
-598.744
-595.212
-591.301
-587.035
-582.444
-577.553
-572.387
-566.974
-561.337
-555.502
-549.492
-543.329
-537.034
-530.628
-524.13
-517.555
-510.924
-504.25
-497.549
-490.835
-484.12
-477.416
-470.734
-464.086
-457.479
-450.924
-444.427
-437.996
-431.638
-425.36
-419.165
-413.06
-407.049
-401.136
-395.326
-389.62
-384.023
-378.537
-373.164
-367.908
-362.77
-357.751
-352.855
-348.082
-343.433
-338.912
-334.519
-330.254
-326.12
-322.118
-318.25
-314.517
-310.92
-307.461
-304.143
-300.966
-297.933
-295.046
-292.307
-289.719
-287.284
-285.007
-282.891
-280.94
-279.158
-277.552
-276.126
-274.889
-273.848
-273.014
-272.399
-272.019
-271.889
)
