FoamFile
{
    version     2.0;
    format      ascii;
    class       scalarAverageField;
    object      values;
}
// **********************************************************************//
0.0

1202
(
64.7221
71.9331
64.7221
50.093
35.1416
19.9925
4.71036
-10.6377
-25.9871
-41.2859
-56.4878
-71.546
-86.4126
-101.039
-115.377
-129.379
-142.996
-156.185
-168.897
-181.091
-192.725
-203.758
-214.153
-223.873
-232.885
-241.159
-248.665
-255.379
-261.278
-266.341
-270.551
-273.898
-276.386
-278.012
-278.7
-278.428
-277.251
-275.191
-272.263
-268.486
-263.883
-258.478
-252.3
-245.376
-237.742
-229.43
-220.479
-210.926
-200.811
-190.178
-179.066
-167.521
-155.584
-143.3
-130.713
-117.864
-104.8
-91.5606
-78.1911
-64.7342
-51.2344
-37.7383
-24.2983
-10.9568
2.34555
15.8524
28.9986
41.2517
52.9323
64.361
75.66
86.6998
97.3939
107.671
117.473
126.748
135.452
143.543
150.985
157.745
163.794
169.105
173.655
177.423
180.392
182.548
183.88
184.381
184.043
182.863
180.854
178.022
174.364
169.889
164.601
158.514
151.647
144.019
135.657
126.585
116.834
106.435
95.4233
83.8346
71.7073
59.0818
46.0001
32.5053
18.6426
4.45807
-10.0005
-24.6843
-39.5636
-54.5644
-69.6206
-84.706
-99.766
-114.749
-129.604
-144.28
-158.727
-172.896
-186.737
-200.204
-213.25
-225.83
-237.901
-249.421
-260.351
-270.653
-280.29
-289.23
-297.441
-304.894
-311.565
-317.429
-322.467
-326.66
-329.995
-332.459
-334.043
-334.745
-334.558
-333.48
-331.519
-328.683
-324.979
-320.419
-315.019
-308.798
-301.776
-293.976
-285.426
-276.154
-266.189
-255.568
-244.325
-232.497
-220.124
-207.247
-193.909
-180.154
-166.028
-151.577
-136.849
-121.893
-106.757
-91.4915
-76.1457
-60.7698
-45.4139
-30.1279
-14.9611
0.0373
14.8191
29.3366
43.5433
57.3936
70.8431
83.8492
96.37
108.366
119.799
130.633
140.833
150.367
159.204
167.317
174.682
181.272
187.069
192.053
196.208
199.522
201.983
203.584
204.32
204.186
203.183
201.316
198.588
195.006
190.583
185.33
179.264
172.404
164.768
156.382
147.271
137.462
126.985
115.872
104.158
91.8779
79.0701
65.7739
52.0303
37.8817
23.3717
8.54253
-6.55617
-21.873
-37.3624
-52.9774
-68.669
-84.3881
-100.085
-115.712
-131.218
-146.554
-161.674
-176.528
-191.069
-205.253
-219.034
-232.368
-245.214
-257.53
-269.279
-280.423
-290.927
-300.757
-309.883
-318.276
-325.912
-332.765
-338.814
-344.041
-348.43
-351.967
-354.644
-356.454
-357.389
-357.443
-356.624
-354.937
-352.384
-348.977
-344.726
-339.646
-333.756
-327.075
-319.626
-311.433
-302.524
-292.93
-282.681
-271.811
-260.357
-248.355
-235.845
-222.869
-209.467
-195.685
-181.566
-167.156
-152.503
-137.653
-122.654
-107.555
-92.4041
-77.25
-62.1415
-47.127
-32.2548
-17.5722
-3.12655
11.0361
24.8703
38.3319
51.3776
63.9658
76.0562
87.6099
98.5899
108.961
118.688
127.743
136.093
143.713
150.578
156.664
161.952
166.423
170.062
172.857
174.798
175.876
176.086
175.426
173.9
171.508
168.255
164.151
159.206
153.435
146.853
139.48
131.336
122.447
112.837
102.535
91.5722
79.9808
67.7956
55.0535
41.7929
28.0542
13.8791
-0.690125
-15.6085
-30.8279
-46.3012
-61.9816
-77.8205
-93.7688
-109.777
-125.795
-141.773
-157.661
-173.408
-188.964
-204.283
-219.314
-234.01
-248.324
-262.212
-275.63
-288.534
-300.883
-312.64
-323.766
-334.226
-343.987
-353.018
-361.292
-368.781
-375.463
-381.317
-386.325
-390.471
-393.745
-396.137
-397.639
-398.245
-397.958
-396.783
-394.721
-391.783
-387.978
-383.321
-377.83
-371.523
-364.424
-356.559
-347.952
-338.636
-328.643
-318.008
-306.766
-294.958
-282.623
-269.805
-256.546
-242.892
-228.89
-214.588
-200.034
-185.278
-170.37
-155.361
-140.3
-125.239
-110.229
-95.3204
-80.5634
-66.0075
-51.7012
-37.6927
-24.0292
-10.7559
2.08291
14.4446
26.2883
37.5748
48.2668
58.3292
67.729
76.4357
84.4211
91.6593
98.1274
103.805
108.674
112.72
115.931
118.297
119.812
120.473
120.279
119.233
117.344
114.616
111.062
106.696
101.535
95.5989
88.9109
81.496
73.382
64.599
55.1798
45.1593
34.5744
23.4641
11.8695
-0.167055
-12.601
-25.3866
-38.4773
-51.826
-65.3838
-79.0963
-92.9118
-106.782
-120.654
-134.477
-148.199
-161.768
-175.133
-188.244
-201.05
-213.501
-225.551
-237.151
-248.255
-258.82
-268.803
-278.164
-286.864
-294.865
-302.134
-308.638
-314.347
-319.236
-323.277
-326.451
-328.737
-330.12
-330.587
-330.126
-328.731
-326.399
-323.125
-318.913
-313.768
-307.7
-300.717
-292.828
-284.054
-274.418
-263.937
-252.638
-240.546
-227.692
-214.108
-199.827
-184.886
-169.323
-153.178
-136.491
-119.306
-101.668
-83.6216
-65.213
-46.4893
-27.4987
-8.28947
11.0899
30.5905
50.1634
69.7602
89.3327
108.833
128.214
147.43
166.435
185.185
203.639
221.758
239.508
256.855
273.771
290.233
306.221
321.72
336.717
351.209
365.191
378.66
391.62
404.072
416.024
427.48
438.446
448.93
458.938
468.478
477.555
486.173
494.336
502.047
509.307
516.116
522.474
528.38
533.834
538.835
543.384
547.481
551.126
554.32
557.069
559.396
561.355
562.872
563.917
564.57
564.84
564.737
564.273
563.462
562.32
560.864
559.107
557.067
554.763
552.21
549.425
546.426
543.231
539.855
536.318
532.635
528.821
524.894
520.869
516.761
512.585
508.356
504.087
499.793
495.485
491.176
486.88
482.607
478.369
474.177
470.042
465.973
461.982
458.077
454.267
450.563
446.974
443.506
440.17
436.974
433.926
431.036
428.312
425.762
423.396
421.223
419.255
417.499
415.97
414.679
413.642
412.875
412.4
64.7221
64.7221
50.093
35.1416
19.9925
4.71036
-10.6377
-25.9871
-41.2859
-56.4878
-71.546
-86.4126
-101.039
-115.377
-129.379
-142.996
-156.185
-168.897
-181.091
-192.725
-203.758
-214.153
-223.873
-232.885
-241.159
-248.665
-255.379
-261.278
-266.341
-270.551
-273.898
-276.386
-278.012
-278.7
-278.428
-277.251
-275.191
-272.263
-268.486
-263.883
-258.478
-252.3
-245.376
-237.742
-229.43
-220.479
-210.926
-200.811
-190.178
-179.066
-167.521
-155.584
-143.3
-130.713
-117.864
-104.8
-91.5606
-78.1911
-64.7342
-51.2344
-37.7383
-24.2983
-10.9568
2.34555
15.8524
28.9986
41.2517
52.9323
64.361
75.66
86.6998
97.3939
107.671
117.473
126.748
135.452
143.543
150.985
157.745
163.794
169.105
173.655
177.423
180.392
182.548
183.88
184.381
184.043
182.863
180.854
178.022
174.364
169.889
164.601
158.514
151.647
144.019
135.657
126.585
116.834
106.435
95.4233
83.8346
71.7073
59.0818
46.0001
32.5053
18.6426
4.45807
-10.0005
-24.6843
-39.5636
-54.5644
-69.6206
-84.706
-99.766
-114.749
-129.604
-144.28
-158.727
-172.896
-186.737
-200.204
-213.25
-225.83
-237.901
-249.421
-260.351
-270.653
-280.29
-289.23
-297.441
-304.894
-311.565
-317.429
-322.467
-326.66
-329.995
-332.459
-334.043
-334.745
-334.558
-333.48
-331.519
-328.683
-324.979
-320.419
-315.019
-308.798
-301.776
-293.976
-285.426
-276.154
-266.189
-255.568
-244.325
-232.497
-220.124
-207.247
-193.909
-180.154
-166.028
-151.577
-136.849
-121.893
-106.757
-91.4915
-76.1457
-60.7698
-45.4139
-30.1279
-14.9611
0.0373
14.8191
29.3366
43.5433
57.3936
70.8431
83.8492
96.37
108.366
119.799
130.633
140.833
150.367
159.204
167.317
174.682
181.272
187.069
192.053
196.208
199.522
201.983
203.584
204.32
204.186
203.183
201.316
198.588
195.006
190.583
185.33
179.264
172.404
164.768
156.382
147.271
137.462
126.985
115.872
104.158
91.8779
79.0701
65.7739
52.0303
37.8817
23.3717
8.54253
-6.55617
-21.873
-37.3624
-52.9774
-68.669
-84.3881
-100.085
-115.712
-131.218
-146.554
-161.674
-176.528
-191.069
-205.253
-219.034
-232.368
-245.214
-257.53
-269.279
-280.423
-290.927
-300.757
-309.883
-318.276
-325.912
-332.765
-338.814
-344.041
-348.43
-351.967
-354.644
-356.454
-357.389
-357.443
-356.624
-354.937
-352.384
-348.977
-344.726
-339.646
-333.756
-327.075
-319.626
-311.433
-302.524
-292.93
-282.681
-271.811
-260.357
-248.355
-235.845
-222.869
-209.467
-195.685
-181.566
-167.156
-152.503
-137.653
-122.654
-107.555
-92.4041
-77.25
-62.1415
-47.127
-32.2548
-17.5722
-3.12655
11.0361
24.8703
38.3319
51.3776
63.9658
76.0562
87.6099
98.5899
108.961
118.688
127.743
136.093
143.713
150.578
156.664
161.952
166.423
170.062
172.857
174.798
175.876
176.086
175.426
173.9
171.508
168.255
164.151
159.206
153.435
146.853
139.48
131.336
122.447
112.837
102.535
91.5722
79.9808
67.7956
55.0535
41.7929
28.0542
13.8791
-0.690125
-15.6085
-30.8279
-46.3012
-61.9816
-77.8205
-93.7688
-109.777
-125.795
-141.773
-157.661
-173.408
-188.964
-204.283
-219.314
-234.01
-248.324
-262.212
-275.63
-288.534
-300.883
-312.64
-323.766
-334.226
-343.987
-353.018
-361.292
-368.781
-375.463
-381.317
-386.325
-390.471
-393.745
-396.137
-397.639
-398.245
-397.958
-396.783
-394.721
-391.783
-387.978
-383.321
-377.83
-371.523
-364.424
-356.559
-347.952
-338.636
-328.643
-318.008
-306.766
-294.958
-282.623
-269.805
-256.546
-242.892
-228.89
-214.588
-200.034
-185.278
-170.37
-155.361
-140.3
-125.239
-110.229
-95.3204
-80.5634
-66.0075
-51.7012
-37.6927
-24.0292
-10.7559
2.08291
14.4446
26.2883
37.5748
48.2668
58.3292
67.729
76.4357
84.4211
91.6593
98.1274
103.805
108.674
112.72
115.931
118.297
119.812
120.473
120.279
119.233
117.344
114.616
111.062
106.696
101.535
95.5989
88.9109
81.496
73.382
64.599
55.1798
45.1593
34.5744
23.4641
11.8695
-0.167055
-12.601
-25.3866
-38.4773
-51.826
-65.3838
-79.0963
-92.9118
-106.782
-120.654
-134.477
-148.199
-161.768
-175.133
-188.244
-201.05
-213.501
-225.551
-237.151
-248.255
-258.82
-268.803
-278.164
-286.864
-294.865
-302.134
-308.638
-314.347
-319.236
-323.277
-326.451
-328.737
-330.12
-330.587
-330.126
-328.731
-326.399
-323.125
-318.913
-313.768
-307.7
-300.717
-292.828
-284.054
-274.418
-263.937
-252.638
-240.546
-227.692
-214.108
-199.827
-184.886
-169.323
-153.178
-136.491
-119.306
-101.668
-83.6216
-65.213
-46.4893
-27.4987
-8.28947
11.0899
30.5905
50.1634
69.7602
89.3327
108.833
128.214
147.43
166.435
185.185
203.639
221.758
239.508
256.855
273.771
290.233
306.221
321.72
336.717
351.209
365.191
378.66
391.62
404.072
416.024
427.48
438.446
448.93
458.938
468.478
477.555
486.173
494.336
502.047
509.307
516.116
522.474
528.38
533.834
538.835
543.384
547.481
551.126
554.32
557.069
559.396
561.355
562.872
563.917
564.57
564.84
564.737
564.273
563.462
562.32
560.864
559.107
557.067
554.763
552.21
549.425
546.426
543.231
539.855
536.318
532.635
528.821
524.894
520.869
516.761
512.585
508.356
504.087
499.793
495.485
491.176
486.88
482.607
478.369
474.177
470.042
465.973
461.982
458.077
454.267
450.563
446.974
443.506
440.17
436.974
433.926
431.036
428.312
425.762
423.396
421.223
419.255
417.499
415.97
414.679
413.642
412.875
412.4
412.239
)
