FoamFile
{
    version     2.0;
    format      ascii;
    class       scalarAverageField;
    object      values;
}
// **********************************************************************//
0.0

1202
(
70.8879
66.8393
70.8879
80.4104
91.9589
104.107
116.121
127.805
139.05
149.784
159.948
169.494
178.38
186.566
194.022
200.717
206.625
211.726
215.998
219.425
221.995
223.697
224.524
224.475
223.56
221.779
219.125
215.599
211.206
205.955
199.856
192.919
185.158
176.586
167.217
157.065
146.147
134.477
122.072
108.949
95.1228
80.7591
66.4625
49.2478
30.8099
13.9384
-3.28742
-20.4645
-37.6006
-54.6784
-71.6714
-88.547
-105.267
-121.792
-138.077
-154.079
-169.748
-185.039
-199.907
-214.303
-228.182
-241.5
-254.214
-266.282
-277.663
-288.322
-298.221
-307.327
-315.612
-323.046
-329.605
-335.265
-340.008
-343.817
-346.684
-348.617
-349.606
-349.62
-348.654
-346.734
-343.874
-340.084
-335.379
-329.779
-323.307
-315.986
-307.846
-298.918
-289.236
-278.837
-267.758
-256.041
-243.729
-230.863
-217.487
-203.649
-189.393
-174.769
-159.826
-144.613
-129.181
-113.582
-97.8666
-82.0864
-66.2938
-50.54
-34.8762
-19.3534
-4.02154
11.07
25.8729
40.3399
54.425
68.0834
81.2721
93.9494
106.076
117.613
128.526
138.78
148.343
157.186
165.282
172.607
179.137
184.853
189.738
193.776
196.957
199.271
200.711
201.273
200.957
199.766
197.7
194.769
190.983
186.353
180.895
174.627
167.568
159.742
151.173
141.891
131.924
121.304
110.065
98.245
85.8805
73.0114
59.6792
45.927
31.7992
17.3395
2.59736
-12.3757
-27.533
-42.8261
-58.2052
-73.62
-89.0202
-104.355
-119.575
-134.629
-149.468
-164.042
-178.305
-192.208
-205.706
-218.754
-231.309
-243.329
-254.775
-265.608
-275.792
-285.294
-294.082
-302.126
-309.4
-315.881
-321.547
-326.377
-330.357
-333.475
-335.721
-337.085
-337.56
-337.151
-335.858
-333.683
-330.636
-326.727
-321.967
-316.375
-309.966
-302.765
-294.794
-286.079
-276.65
-266.538
-255.775
-244.397
-232.441
-219.947
-206.954
-193.506
-179.644
-165.413
-150.861
-136.033
-120.976
-105.738
-90.3682
-74.9144
-59.4255
-43.9502
-28.5371
-13.2342
1.91082
16.8508
31.5395
45.9316
59.9828
73.6498
86.891
99.6654
111.935
123.662
134.811
145.348
155.241
164.46
172.978
180.77
187.812
194.083
199.565
204.24
208.097
211.123
213.308
214.649
215.142
214.786
213.579
211.528
208.639
204.922
200.388
195.053
188.931
182.043
174.41
166.056
157.007
147.292
136.94
125.984
114.458
102.399
89.8445
76.8315
63.3766
49.5448
35.4076
20.9871
6.32371
-8.53619
-23.5456
-38.6571
-53.823
-68.9953
-84.1263
-99.1682
-114.073
-128.794
-143.285
-157.5
-171.393
-184.922
-198.041
-210.712
-222.893
-234.546
-245.634
-256.122
-265.976
-275.166
-283.664
-291.442
-298.475
-304.742
-310.223
-314.902
-318.764
-321.801
-323.995
-325.346
-325.851
-325.508
-324.318
-322.286
-319.42
-315.73
-311.228
-305.93
-299.851
-293.014
-285.441
-277.157
-268.19
-258.567
-248.321
-237.485
-226.094
-214.184
-201.795
-188.966
-175.737
-162.153
-148.255
-134.089
-119.7
-105.134
-90.4356
-75.6532
-60.8333
-46.0229
-31.2691
-16.6186
-2.11782
12.1872
26.251
40.0291
53.4778
66.5541
79.2165
91.4244
103.139
114.323
124.939
134.953
144.334
153.049
161.071
168.372
174.928
180.717
185.718
189.913
193.288
195.828
197.523
198.367
198.353
197.478
195.741
193.146
189.696
185.401
180.269
174.315
167.552
159.999
151.677
142.607
132.816
122.331
111.182
99.4008
87.0199
74.0763
60.607
46.648
32.2463
17.4495
2.2983
-13.1626
-28.8868
-44.8268
-60.9342
-77.1599
-93.4541
-109.767
-126.049
-142.249
-158.316
-174.203
-189.858
-205.235
-220.284
-234.96
-249.217
-263.01
-276.297
-289.038
-301.192
-312.721
-323.592
-333.771
-343.227
-351.931
-359.859
-366.985
-373.292
-378.762
-383.374
-387.12
-389.994
-391.987
-393.096
-393.321
-392.665
-391.135
-388.738
-385.488
-381.399
-376.489
-370.778
-364.291
-357.052
-349.091
-340.439
-331.128
-321.197
-310.681
-299.621
-288.06
-276.039
-263.606
-250.806
-237.689
-224.302
-210.695
-196.921
-183.029
-169.074
-155.105
-141.176
-127.339
-113.644
-100.145
-86.8956
-73.9434
-61.3376
-49.1266
-37.3573
-26.0754
-15.325
-5.14842
4.41385
13.3232
21.5433
29.0397
35.7805
41.7362
46.8802
51.1879
54.6375
57.2102
58.8899
59.6633
59.5203
58.4532
56.4574
53.5312
49.6766
44.8987
39.2032
32.6001
25.1032
16.7277
7.4921
-2.58269
-13.4731
-25.1532
-37.5948
-50.7673
-64.6383
-79.1732
-94.3355
-110.088
-126.39
-143.202
-160.48
-178.184
-196.267
-214.688
-233.399
-252.356
-271.513
-290.826
-310.25
-329.739
-349.25
-368.751
-388.131
-407.41
-426.605
-445.608
-464.391
-482.921
-501.166
-519.093
-536.669
-553.858
-570.624
-586.938
-602.774
-618.113
-632.938
-647.23
-660.972
-674.104
-686.604
-698.496
-709.777
-720.44
-730.479
-739.89
-748.672
-756.824
-764.35
-771.253
-777.54
-783.221
-788.306
-792.804
-796.73
-800.095
-802.912
-805.193
-806.951
-808.195
-808.938
-809.195
-808.981
-808.312
-807.202
-805.664
-803.713
-801.363
-798.63
-795.529
-792.077
-788.288
-784.182
-779.774
-775.081
-770.122
-764.913
-759.472
-753.819
-747.969
-741.94
-735.75
-729.414
-722.952
-716.378
-709.71
-702.963
-696.151
-689.292
-682.398
-675.484
-668.564
-661.651
-654.758
-647.898
-641.082
-634.321
-627.628
-621.013
-614.486
-608.058
-601.738
-595.535
-589.46
-583.52
-577.725
-572.083
-566.601
-561.289
-556.156
-551.207
-546.452
-541.899
-537.556
-533.431
-529.533
-525.871
-522.454
-519.292
-516.395
-513.774
-511.443
-509.416
-507.707
-506.335
-505.322
-504.696
70.8879
70.8879
80.4104
91.9589
104.107
116.121
127.805
139.05
149.784
159.948
169.494
178.38
186.566
194.022
200.717
206.625
211.726
215.998
219.425
221.995
223.697
224.524
224.475
223.56
221.779
219.125
215.599
211.206
205.955
199.856
192.919
185.158
176.586
167.217
157.065
146.147
134.477
122.072
108.949
95.1228
80.7591
66.4625
49.2478
30.8099
13.9384
-3.28742
-20.4645
-37.6006
-54.6784
-71.6714
-88.547
-105.267
-121.792
-138.077
-154.079
-169.748
-185.039
-199.907
-214.303
-228.182
-241.5
-254.214
-266.282
-277.663
-288.322
-298.221
-307.327
-315.612
-323.046
-329.605
-335.265
-340.008
-343.817
-346.684
-348.617
-349.606
-349.62
-348.654
-346.734
-343.874
-340.084
-335.379
-329.779
-323.307
-315.986
-307.846
-298.918
-289.236
-278.837
-267.758
-256.041
-243.729
-230.863
-217.487
-203.649
-189.393
-174.769
-159.826
-144.613
-129.181
-113.582
-97.8666
-82.0864
-66.2938
-50.54
-34.8762
-19.3534
-4.02154
11.07
25.8729
40.3399
54.425
68.0834
81.2721
93.9494
106.076
117.613
128.526
138.78
148.343
157.186
165.282
172.607
179.137
184.853
189.738
193.776
196.957
199.271
200.711
201.273
200.957
199.766
197.7
194.769
190.983
186.353
180.895
174.627
167.568
159.742
151.173
141.891
131.924
121.304
110.065
98.245
85.8805
73.0114
59.6792
45.927
31.7992
17.3395
2.59736
-12.3757
-27.533
-42.8261
-58.2052
-73.62
-89.0202
-104.355
-119.575
-134.629
-149.468
-164.042
-178.305
-192.208
-205.706
-218.754
-231.309
-243.329
-254.775
-265.608
-275.792
-285.294
-294.082
-302.126
-309.4
-315.881
-321.547
-326.377
-330.357
-333.475
-335.721
-337.085
-337.56
-337.151
-335.858
-333.683
-330.636
-326.727
-321.967
-316.375
-309.966
-302.765
-294.794
-286.079
-276.65
-266.538
-255.775
-244.397
-232.441
-219.947
-206.954
-193.506
-179.644
-165.413
-150.861
-136.033
-120.976
-105.738
-90.3682
-74.9144
-59.4255
-43.9502
-28.5371
-13.2342
1.91082
16.8508
31.5395
45.9316
59.9828
73.6498
86.891
99.6654
111.935
123.662
134.811
145.348
155.241
164.46
172.978
180.77
187.812
194.083
199.565
204.24
208.097
211.123
213.308
214.649
215.142
214.786
213.579
211.528
208.639
204.922
200.388
195.053
188.931
182.043
174.41
166.056
157.007
147.292
136.94
125.984
114.458
102.399
89.8445
76.8315
63.3766
49.5448
35.4076
20.9871
6.32371
-8.53619
-23.5456
-38.6571
-53.823
-68.9953
-84.1263
-99.1682
-114.073
-128.794
-143.285
-157.5
-171.393
-184.922
-198.041
-210.712
-222.893
-234.546
-245.634
-256.122
-265.976
-275.166
-283.664
-291.442
-298.475
-304.742
-310.223
-314.902
-318.764
-321.801
-323.995
-325.346
-325.851
-325.508
-324.318
-322.286
-319.42
-315.73
-311.228
-305.93
-299.851
-293.014
-285.441
-277.157
-268.19
-258.567
-248.321
-237.485
-226.094
-214.184
-201.795
-188.966
-175.737
-162.153
-148.255
-134.089
-119.7
-105.134
-90.4356
-75.6532
-60.8333
-46.0229
-31.2691
-16.6186
-2.11782
12.1872
26.251
40.0291
53.4778
66.5541
79.2165
91.4244
103.139
114.323
124.939
134.953
144.334
153.049
161.071
168.372
174.928
180.717
185.718
189.913
193.288
195.828
197.523
198.367
198.353
197.478
195.741
193.146
189.696
185.401
180.269
174.315
167.552
159.999
151.677
142.607
132.816
122.331
111.182
99.4008
87.0199
74.0763
60.607
46.648
32.2463
17.4495
2.2983
-13.1626
-28.8868
-44.8268
-60.9342
-77.1599
-93.4541
-109.767
-126.049
-142.249
-158.316
-174.203
-189.858
-205.235
-220.284
-234.96
-249.217
-263.01
-276.297
-289.038
-301.192
-312.721
-323.592
-333.771
-343.227
-351.931
-359.859
-366.985
-373.292
-378.762
-383.374
-387.12
-389.994
-391.987
-393.096
-393.321
-392.665
-391.135
-388.738
-385.488
-381.399
-376.489
-370.778
-364.291
-357.052
-349.091
-340.439
-331.128
-321.197
-310.681
-299.621
-288.06
-276.039
-263.606
-250.806
-237.689
-224.302
-210.695
-196.921
-183.029
-169.074
-155.105
-141.176
-127.339
-113.644
-100.145
-86.8956
-73.9434
-61.3376
-49.1266
-37.3573
-26.0754
-15.325
-5.14842
4.41385
13.3232
21.5433
29.0397
35.7805
41.7362
46.8802
51.1879
54.6375
57.2102
58.8899
59.6633
59.5203
58.4532
56.4574
53.5312
49.6766
44.8987
39.2032
32.6001
25.1032
16.7277
7.4921
-2.58269
-13.4731
-25.1532
-37.5948
-50.7673
-64.6383
-79.1732
-94.3355
-110.088
-126.39
-143.202
-160.48
-178.184
-196.267
-214.688
-233.399
-252.356
-271.513
-290.826
-310.25
-329.739
-349.25
-368.751
-388.131
-407.41
-426.605
-445.608
-464.391
-482.921
-501.166
-519.093
-536.669
-553.858
-570.624
-586.938
-602.774
-618.113
-632.938
-647.23
-660.972
-674.104
-686.604
-698.496
-709.777
-720.44
-730.479
-739.89
-748.672
-756.824
-764.35
-771.253
-777.54
-783.221
-788.306
-792.804
-796.73
-800.095
-802.912
-805.193
-806.951
-808.195
-808.938
-809.195
-808.981
-808.312
-807.202
-805.664
-803.713
-801.363
-798.63
-795.529
-792.077
-788.288
-784.182
-779.774
-775.081
-770.122
-764.913
-759.472
-753.819
-747.969
-741.94
-735.75
-729.414
-722.952
-716.378
-709.71
-702.963
-696.151
-689.292
-682.398
-675.484
-668.564
-661.651
-654.758
-647.898
-641.082
-634.321
-627.628
-621.013
-614.486
-608.058
-601.738
-595.535
-589.46
-583.52
-577.725
-572.083
-566.601
-561.289
-556.156
-551.207
-546.452
-541.899
-537.556
-533.431
-529.533
-525.871
-522.454
-519.292
-516.395
-513.774
-511.443
-509.416
-507.707
-506.335
-505.322
-504.696
-504.482
)
