FoamFile
{
    version     2.0;
    format      ascii;
    class       symmTensorAverageField;
    object      values;
}
// **********************************************************************//
(0.0 0.0 0.0 0.0 0.0 0.0)

497
(
(37.4922 116.546 -1103.78 232.674 -2125.43 2734.57)
(179.525 79.5502 -1242.45 391.996 -1473.52 3396.69)
(265.454 39.4951 -1324.12 479.036 -785.476 3811.16)
(307.354 -2.09796 -1346.42 521.014 -82.3422 4006.44)
(303.893 -43.7159 -1310.16 514.616 627.066 3979.87)
(255.082 -83.8057 -1214.07 462.085 1333.24 3727.76)
(148.03 -120.988 -1060.19 336.015 2013.86 3216.77)
(-857.379 117.606 -2177.81 -707.564 -1701.96 -1354.99)
(-729.777 80.4791 -2333.36 -569.426 -1189.48 -833.033)
(-653.492 40.0266 -2425.6 -499.009 -643.173 -502.461)
(-614.594 -1.45823 -2453.15 -462.166 -85.4832 -334.229)
(-613.224 -42.9584 -2415.81 -462.048 478.63 -328.04)
(-650.826 -83.4382 -2313.42 -496.553 1043.55 -490.451)
(-742.773 -120.708 -2147.15 -600.926 1585.37 -856.698)
(-1802.38 118.422 -2950.03 -1724.14 -1289.22 -5822.3)
(-1713.62 82.1491 -3113.59 -1628.08 -903.332 -5464.53)
(-1656.21 41.2019 -3211.11 -1574.37 -499.424 -5221.96)
(-1623.24 -0.796438 -3241.86 -1543.35 -87.3111 -5081.55)
(-1615.26 -42.7902 -3205.55 -1536.7 331.275 -5044.45)
(-1633.38 -83.7554 -3102.53 -1553.84 753.957 -5115.81)
(-1686.01 -120.116 -2933.11 -1615.71 1169.5 -5314.95)
(-2796.19 118.245 -3391.61 -2793.09 -879.639 -10529.3)
(-2746.64 82.3076 -3556.88 -2743.58 -618.522 -10328.4)
(-2708.32 41.6248 -3656.39 -2706.12 -355.402 -10171.5)
(-2681.66 -0.100647 -3689.23 -2680.85 -87.9363 -10058.9)
(-2667.33 -41.8032 -3655.32 -2668.2 185.941 -9992.97)
(-2666.28 -82.4674 -3555.12 -2668.92 467.754 -9977.74)
(-2679.5 -118.393 -3389.26 -2684.13 758.59 -10019)
(-3803.38 118.093 -3488.84 -3875.36 -472.605 -15291)
(-3792.89 81.7653 -3654 -3872.86 -335.866 -15245.5)
(-3773.39 41.6146 -3753.45 -3851.55 -212.003 -15172.5)
(-3753.11 0.679093 -3787.85 -3832.12 -87.2276 -15087.7)
(-3732.79 -40.2269 -3757.47 -3813.81 43.8721 -14994.8)
(-3713.15 -80.3901 -3662.51 -3798.57 186.22 -14896.6)
(-3687.46 -116.683 -3501.79 -3766.98 352.49 -14783.4)
(-4789.42 117.305 -3255.11 -4933.12 -68.6808 -19926.6)
(-4816.46 80.0565 -3413.47 -4973.53 -56.3107 -20038.1)
(-4815.15 41.1369 -3510.21 -4968.29 -69.8005 -20047.7)
(-4801.16 1.45285 -3545.52 -4954.88 -85.0982 -19991)
(-4775.06 -38.236 -3519.46 -4931.14 -94.1703 -19872.9)
(-4737.75 -77.2133 -3432.15 -4900.44 -89.4561 -19694.9)
(-4675.23 -114.392 -3283.11 -4826.44 -47.8981 -19427.8)
(-5751.74 122.295 -2716.21 -5947.38 337.805 -24304)
(-5788.44 80.8758 -2859.13 -6004.23 219.169 -24534.5)
(-5798.47 42.0367 -2950.26 -6015 71.7561 -24624.2)
(-5789.43 2.07353 -2985.26 -6007.71 -81.7811 -24597.9)
(-5759.97 -37.8717 -2963.89 -5979.2 -229.197 -24455)
(-5712.89 -76.6929 -2886.63 -5933.93 -358.715 -24202.8)
(-5641.39 -117.982 -2758.05 -5843.93 -448.691 -23821.3)
(149.43 75.8611 3073.11 480.478 -5898.02 3338.84)
(324.511 104.195 2174.01 638.835 -5212.4 4186.13)
(380.855 117.834 1211.73 666.969 -4432.06 4414.05)
(318.445 114.616 263.236 577.111 -3625.86 4028.71)
(109.655 115.676 -605.636 316.31 -2883.15 3031.5)
(-936.008 148.488 1037.22 -647.56 -5368.26 -1548.16)
(-732.187 164.028 332.554 -471.194 -4696.59 -643.527)
(-638.695 165.622 -404.964 -407.806 -3935.83 -272.78)
(-657.881 153.847 -1119.25 -451.491 -3152.86 -427.901)
(-801.087 142.93 -1764 -631.947 -2401.14 -1084.27)
(-2130.24 207.357 -560.201 -1955.58 -4135.13 -7062.36)
(-1934.44 210.359 -1115.29 -1782.46 -3610.75 -6226.44)
(-1812.73 201.286 -1670.63 -1682.15 -3021.82 -5736.95)
(-1767.15 181.735 -2190.44 -1652.69 -2413.71 -5590.78)
(-1801.91 157.238 -2645.55 -1709.62 -1820.46 -5772.45)
(-3376.41 233.544 -1463.52 -3365.82 -2445.46 -12926.2)
(-3215.32 230.155 -1936.69 -3211.14 -2151.21 -12254.9)
(-3075.14 216.016 -2391.49 -3074.94 -1833.64 -11676.2)
(-2958.36 192.742 -2803.66 -2959.01 -1505.53 -11196.6)
(-2865.4 162.581 -3150.44 -2863.8 -1178.05 -10812.1)
(-4620.76 217.69 -1558.74 -4778.06 -641.641 -18797.5)
(-4500.76 216.212 -2027.36 -4646.43 -602.978 -18311.8)
(-4346.2 204.296 -2480.75 -4477.56 -583.196 -17657.4)
(-4160.23 183.668 -2891.94 -4277.22 -561.158 -16852.2)
(-3940.89 158.497 -3239.09 -4030.74 -524.176 -15905.6)
(-5809.11 168.086 -909.683 -6091.8 928.726 -24330.9)
(-5715.72 175.456 -1449.67 -5976.9 746.385 -23975.6)
(-5544.81 171.597 -1993.34 -5780.38 517.041 -23243)
(-5300.05 157.624 -2499.89 -5512.48 286.643 -22161.2)
(-4975.02 144.185 -2941.24 -5144.32 89.4494 -20755.6)
(-6886.65 102.855 274.305 -7229.08 2001.47 -29241)
(-6796.86 121.931 -395.916 -7119.85 1688.7 -28930)
(-6612.15 129.647 -1089.44 -6905.69 1316.6 -28126)
(-6337.44 125.186 -1748.25 -6601.13 937.01 -26860.4)
(-5959.07 125.618 -2332.99 -6169.53 609.851 -25165.3)
(-6561.79 114.92 -1976.02 -6793.23 798.246 -27880.7)
(-6698.56 70.7353 -1985.68 -6952.02 544.207 -28699.5)
(-6804.96 39.0484 -2004.71 -7072.51 252.741 -29230.6)
(-6827.43 2.8608 -2018.39 -7098.87 -77.194 -29353.9)
(-6763.52 -33.4673 -2026.71 -7034.33 -399.744 -29049.9)
(-6617.98 -65.6118 -2028.22 -6877.53 -670.312 -28348.6)
(-6445.86 -110.578 -2036.01 -6684.82 -892.951 -27377.5)
(-7041.71 100.493 -1122.91 -7339.97 1207.26 -30139.9)
(-7429.81 61.2552 -858.051 -7736.36 942.116 -32033.9)
(-7688.74 32.8954 -682.971 -7997.58 487.962 -33229)
(-7762.38 3.42626 -631.643 -8072.93 -70.5222 -33574.6)
(-7641.84 -26.3779 -714.597 -7954.83 -619.778 -33028)
(-7339.26 -55.6621 -916.99 -7653.41 -1048.14 -31646)
(-6913.16 -96.1903 -1201.28 -7220.91 -1275.64 -29588.2)
(-7425.76 89.0623 -184.932 -7756.17 1633.51 -31877.5)
(-7994.69 50.4671 425.464 -8323.75 1354.06 -34506.7)
(-8365.69 25.4534 846.37 -8684.45 737.746 -36175.4)
(-8477.45 3.85119 982.963 -8793.6 -62.5008 -36681.3)
(-8315.66 -18.2119 804.73 -8639.14 -851.695 -35962.4)
(-7898.41 -44.4164 349.44 -8235.92 -1437.24 -34096.2)
(-7289.88 -84.5813 -283.289 -7630.81 -1672.64 -31295.6)
(-7690.84 69.8406 789.364 -8034.02 2048.89 -32983.6)
(-8372.77 31.4204 1759.62 -8692.96 1748.39 -36020.1)
(-8812.05 12.8191 2439.7 -9102.52 977.518 -37937.6)
(-8947.2 4.10621 2667.5 -9227.39 -53.6357 -38527)
(-8760.67 -5.19731 2388.39 -9056.48 -1072.02 -37721.1)
(-8274.01 -25.3195 1666.77 -8603.54 -1807.6 -35602.3)
(-7551.49 -65.6922 671.432 -7906.07 -2057.88 -32390.4)
(-7831.27 41.3381 1715.08 -8168.98 2410.27 -33426.5)
(-8561.02 2.92402 3014.21 -8843.46 2085.13 -36558.6)
(-9023.62 -5.51754 3927.13 -9248.6 1180.41 -38496.8)
(-9166.39 4.17571 4236.05 -9369.97 -44.3397 -39088.7)
(-8972.86 13.1281 3867.53 -9203.74 -1255.1 -38286)
(-8463.08 2.79755 2906.71 -8755.62 -2121.02 -36149.3)
(-7692.41 -38.0199 1579.89 -8042.07 -2390.7 -32841.1)
(-5820.48 -121.669 -2393.43 -6039.19 -685.851 -24563.7)
(-6182.2 -121.809 -1827.93 -6456.38 -975.538 -26190)
(-6445.59 -126.657 -1189.24 -6750.64 -1314.74 -27408.4)
(-6624.37 -119.684 -515.21 -6959.16 -1645.72 -28190)
(-6713.62 -101.79 137.78 -7067.46 -1920.07 -28503.8)
(-4828.93 -141.692 -2982.92 -5007.07 -165.281 -20116.7)
(-5128.91 -155.598 -2558.77 -5352.03 -312.889 -21415.7)
(-5356.45 -169.95 -2070.25 -5603.32 -488.615 -22424.8)
(-5518.47 -174.549 -1544.19 -5790.38 -662.404 -23121.6)
(-5611.16 -168.364 -1019.29 -5902.89 -793.397 -23478)
(-3789.38 -157.207 -3259.39 -3888.37 448.106 -15241.9)
(-3978.51 -182.613 -2922.04 -4106.16 542.971 -16058.1)
(-4143.6 -203.47 -2521.62 -4285.89 629.842 -16773.8)
(-4287.66 -215.885 -2078.89 -4442.88 715.623 -17384.1)
(-4407.38 -218.156 -1619.27 -4571.38 814.688 -17871.2)
(-2711.99 -162.644 -3147.59 -2719.61 1101.95 -10139.8)
(-2772.87 -192.672 -2800.79 -2784.23 1490.09 -10385.7)
(-2867.46 -215.877 -2389.4 -2878.11 1886.62 -10769.8)
(-2996.57 -230.035 -1935.38 -3001.59 2274.03 -11301.5)
(-3157.74 -233.476 -1462.82 -3152.95 2631.95 -11974.6)
(-1649.99 -158.666 -2619.93 -1567.06 1744.53 -5108.66)
(-1585.05 -182.669 -2155.01 -1481.46 2395.37 -4796.44)
(-1609.69 -201.847 -1625.83 -1490.28 3068.26 -4852.89)
(-1720.96 -210.465 -1061.67 -1578.72 3723.24 -5298.21)
(-1916.63 -206.781 -498.459 -1748.78 4308.02 -6135.63)
(-654.373 -145.57 -1718.31 -494.507 2325.11 -445.134)
(-486.138 -155.804 -1056.15 -290.85 3126.23 318.033)
(-449.739 -167.073 -325.171 -230.542 3963.94 546.131)
(-534.521 -164.754 428.739 -284.458 4780.36 211.206)
(-737.81 -148.106 1147.62 -458.484 5503.32 -694.651)
(248.824 -119.778 -542.386 446.809 2806.38 3633.52)
(474.148 -118 345.84 721.96 3586.6 4699.59)
(547.657 -120.687 1313.9 822.068 4433.39 5132.2)
(497.136 -106.247 2295.05 799.623 5254.89 4926.74)
(322.534 -76.7691 3210.79 642.164 5978.82 4076.47)
(846.963 -108.356 175.629 1069.98 2624.73 6332.91)
(1174.56 -92.6992 1445.07 1458.24 3364.46 7954.37)
(1358.51 -79.4912 2796.55 1665.3 4138.84 8844.97)
(1391.95 -53.3287 4146.63 1699 4892.13 8925.04)
(1271.4 -14.167 5388.57 1560.5 5559.48 8190.59)
(1058.52 -71.1413 218.776 1303.72 1783.38 7444.74)
(1626.79 -58.5152 1907.78 1922.05 2419.53 10105.5)
(1986.24 -44.8786 3730.25 2289.59 3081.1 11685.8)
(2117.43 -19.1543 5550.86 2391.11 3717.62 12090.1)
(2022.81 19.3327 7208.74 2234.51 4269.97 11331)
(1201.62 -38.6721 241.753 1460.59 876.589 8141.37)
(1923.53 -31.3425 2205.79 2218.75 1238.08 11457.2)
(2391.25 -22.3105 4352.04 2680.41 1618.24 13484.5)
(2582.49 -5.95868 6500.64 2817.76 1984.2 14086.6)
(2499.08 18.1717 8442.83 2636.26 2298.43 13271.5)
(1237.14 -2.91184 242.674 1499.86 -77.6721 8320.15)
(2010.38 -3.50755 2298.49 2306.39 -70.7312 11856.2)
(2514.75 -3.92842 4556.17 2799.93 -62.5754 14035.1)
(2726.44 -4.15714 6819.33 2948.44 -53.7628 14703)
(2646.57 -4.21265 8860 2756.18 -44.5961 13863.7)
(1160.27 32.9774 219.55 1422.5 -1024.52 7960.84)
(1876.76 24.6369 2173.56 2176.03 -1370.35 11256.3)
(2341.22 14.8887 4309.34 2635.03 -1732.39 13271.4)
(2530.97 -1.79353 6448.18 2771.59 -2079.03 13869.9)
(2448.14 -25.8573 8382.16 2591.3 -2373.67 13060.5)
(977.993 65.8608 175.562 1229.29 -1910.38 7094.03)
(1536.45 52.7008 1847.37 1839.07 -2526.18 9717.51)
(1889.99 38.6412 3651.8 2201.61 -3164.81 11275)
(2018.38 12.9482 5455.23 2301.44 -3777.4 11671.8)
(1924.42 -25.0669 7098.99 2146.42 -4306.56 10921.2)
(730.83 103.806 113.957 961.511 -2720.36 5829.44)
(1046.07 88.2196 1364.21 1339.1 -3433.73 7402.36)
(1222.71 74.969 2695.03 1539.84 -4178.8 8262.54)
(1252.41 49.2705 4025.43 1570.85 -4901.98 8331.07)
(1132.18 10.9789 5250.89 1433.39 -5540.81 7604.48)
(-271.758 16.1441 4364.1 66.2114 -6782.36 1262.09)
(-1339.89 108.721 2028.36 -1015.33 -6201.74 -3393.27)
(-2472.75 187.617 209.247 -2264.83 -4778.26 -8556.26)
(-3629.43 223.891 -810.057 -3609.13 -2813.37 -13985.8)
(-4779.45 204.699 -903.781 -4953.52 -706.839 -19412.1)
(-5893.01 140.696 -136.292 -6203.36 1132.63 -24563.7)
(-6929.35 58.47 1261.22 -7283.53 2378.02 -29188.8)
(-1249.01 -58.8371 5356.5 -943.362 -7227.79 -3353.89)
(-2139.68 48.6128 2907.01 -1808.43 -6664.07 -7047.84)
(-3056.81 143.346 992.817 -2832.22 -5204.3 -11141.2)
(-3973.72 188.257 -87.638 -3945.5 -3161.94 -15435.7)
(-4880.93 167.377 -198.467 -5059.03 -949.033 -19725.2)
(-5768.35 93.1032 603.166 -6081.97 1007.2 -23796.1)
(-6612.45 -0.941016 2083.77 -6944.64 2351.07 -27446.9)
(-2350.15 -111.515 5560.62 -2106.29 -6971.77 -8450.62)
(-3016.21 -4.20801 3287.15 -2719.51 -6541.62 -11035.7)
(-3673.17 92.7245 1485.51 -3463.12 -5263.08 -13879.1)
(-4308.41 139.735 436.493 -4279.84 -3413.97 -16842.4)
(-4926.72 119.815 277.082 -5091.51 -1366.15 -19778.6)
(-5536.43 45.4064 971.125 -5821.58 485.24 -22547)
(-6129.49 -47.9736 2311.37 -6412.02 1800.03 -25007.1)
(-3338.07 -127.992 5205.69 -3167.22 -6315.13 -12890.4)
(-3794.83 -34.7681 3278.18 -3562.12 -6089.59 -14523.6)
(-4217.55 50.8872 1707.46 -4048.66 -5123.86 -16278.3)
(-4599.54 92.9523 739.801 -4580.61 -3631.13 -18055.7)
(-4955.37 75.7497 508.767 -5097.84 -1911.07 -19769.2)
(-5302.24 10.185 1003.71 -5540.53 -295.648 -21334.4)
(-5646.81 -71.3975 2065.74 -5869.68 916.701 -22683.3)
(-4090.1 -113.765 4632.54 -3986.82 -5612.69 -16139.2)
(-4389.07 -42.1659 3076.48 -4231.03 -5612.45 -17119.3)
(-4636.9 24.1899 1752.21 -4523.25 -4991.45 -18095.3)
(-4829.66 56.504 865.24 -4828.59 -3890.64 -18998.8)
(-4982.22 42.1547 545.307 -5102.57 -2530.9 -19777.1)
(-5116.96 -10.1275 811.486 -5305.91 -1174.04 -20399.4)
(-5249.34 -74.2818 1558.25 -5417.37 -71.7412 -20852.8)
(-4582.45 -82.8583 4114.12 -4532.74 -5112.48 -18156.8)
(-4783.11 -33.639 2858.58 -4695.28 -5328.32 -18779.2)
(-4921.5 11.4148 1720.29 -4865.19 -5018.9 -19294.1)
(-4991.13 31.9138 873.273 -5013.55 -4260.25 -19640)
(-5004.4 19.1067 447.991 -5109.93 -3203.32 -19787)
(-4983.61 -20.3087 493.56 -5132.08 -2050.98 -19738.5)
(-4951.7 -66.9887 953.538 -5077.02 -1017.41 -19533.3)
(-4841.66 -46.1688 3810.24 -4830.6 -4933.57 -19117.8)
(-4995.38 -16.3755 2738.91 -4967.61 -5351.18 -19613.4)
(-5078.92 8.82978 1687.81 -5077.37 -5299.37 -19919.2)
(-5079.85 16.8455 813.285 -5131.33 -4799.6 -19961.4)
(-5006.59 2.98937 255.802 -5109.14 -3950.03 -19721.4)
(-4879.9 -27.0666 95.4726 -5002.33 -2910.88 -19226.8)
(-4728.21 -59.5343 320.196 -4824.03 -1877.07 -18558.8)
(-4906.11 -7.32766 3809.64 -4922.51 -5128 -19213.4)
(-5050.41 6.74268 2790.38 -5075.42 -5749 -19740.5)
(-5117.32 13.7647 1705.93 -5171.46 -5909.78 -20009.6)
(-5089.35 7.99237 712.814 -5179.89 -5587.75 -19930.3)
(-4969.37 -10.8293 -27.2272 -5085.06 -4843.07 -19480.9)
(-4776.7 -36.6093 -395.951 -4889.6 -3811.62 -18708.4)
(-4542.88 -59.1313 -365.11 -4620.1 -2689.62 -17726.3)
(-4826.13 40.4822 4196.31 -4865.65 -5758.97 -18621.1)
(-4980.86 40.6972 3086.24 -5065.03 -6618.17 -19272.1)
(-5054.87 27.6193 1821.02 -5183.34 -6973.82 -19619.2)
(-5023.86 2.49883 579.337 -5181.03 -6763.6 -19538.8)
(-4887.91 -28.9609 -435.803 -5046.05 -6023.6 -19008.5)
(-4662.09 -57.5212 -1056.14 -4787.64 -4879.85 -18082.1)
(-4379.77 -74.1758 -1206.5 -4447.15 -3554.64 -16904.4)
(-4981.45 300.772 5030.4 -5132.83 -6849.46 -17782.7)
(-5084.69 254.591 3678.12 -5506.19 -8016.54 -18625.8)
(-5118.93 143.44 2059 -5734.61 -8579.04 -19118.8)
(-5075.8 -2.2364 402.294 -5748.82 -8435.93 -19112.3)
(-4956.33 -139.27 -1028.37 -5535.61 -7609.54 -18581.9)
(-4753.24 -226.431 -1989.31 -5121.07 -6224.86 -17577.7)
(-4472.32 -243.357 -2345.51 -4592.66 -4558.92 -16263.6)
(-3846.32 2870.55 5438.24 -5170.34 -7177.1 772.157)
(-2876.54 2402.06 3932.63 -6718.89 -8524.55 417.239)
(-2188.54 1345.24 2074.44 -7781.48 -9217.2 -176.358)
(-2020.01 1.85427 126.825 -8058.42 -9138.72 -940.217)
(-2413.89 -1221.61 -1618.23 -7512.14 -8304.7 -1871.27)
(-3173.52 -1957.1 -2872.17 -6317.39 -6811.73 -3016.24)
(-3948.19 -2046.83 -3438.51 -4905.24 -4966.88 -4336.31)
(-7841.34 -12.2701 2959.89 -8145.57 2834.38 -33070.7)
(-8557.25 -46.0207 4555.35 -8754.64 2457.89 -35975.9)
(-9010.19 -35.3595 5673.68 -9107.47 1400.83 -37746.7)
(-9150.48 3.99752 6053.15 -9209.67 -31.3739 -38281.3)
(-8961.52 42.3967 5604.27 -9065.49 -1447.79 -37550.2)
(-8463.2 50.5479 4429.95 -8671.77 -2460.68 -35592.7)
(-7707.99 13.7239 2803.39 -8024.44 -2773.44 -32519.4)
(-7369.35 -75.2929 3881.99 -7606.38 2865.04 -30488.8)
(-7975.63 -99.2942 5569.61 -8055.68 2509.24 -32758.3)
(-8364.64 -66.3062 6752.6 -8305.28 1441.97 -34134.4)
(-8486.71 3.35186 7154.21 -8374.45 -17.1084 -34547.8)
(-8323.58 71.8455 6680.19 -8271.24 -1459.82 -33975.9)
(-7896.73 101.897 5439.66 -7988.07 -2481.07 -32449.1)
(-7258.42 74.393 3719.23 -7506.7 -2770.35 -30044.3)
(-6675.72 -117.609 3960.48 -6837.76 2362.77 -27037.2)
(-7123.2 -131.72 5519.56 -7104.46 2129.67 -28535.4)
(-7415.42 -84.2397 6615.31 -7240.24 1242.27 -29436.2)
(-7507.45 2.46493 6988.18 -7273.15 -6.61792 -29701)
(-7384.35 88.0261 6549.94 -7215.7 -1240.58 -29322.9)
(-7063.96 132.538 5401.29 -7055.33 -2086.23 -28314.3)
(-6593.13 114.936 3813.29 -6764.38 -2258.76 -26719.1)
(-5973.5 -129.698 3415.2 -6074.9 1526.8 -23757.9)
(-6249 -136.008 4710.29 -6176.58 1482.78 -24525.9)
(-6431.64 -85.2781 5628.67 -6211.13 893.081 -24971.6)
(-6489.49 1.63383 5943.45 -6213.05 -0.229009 -25095.8)
(-6410.26 87.5188 5575.5 -6195.12 -881.363 -24898.4)
(-6208.46 135.644 4614.64 -6144.21 -1436.98 -24383.4)
(-5917.74 126.336 3295.63 -6025.96 -1431.86 -23553.1)
(-5380.29 -118.477 2570.9 -5442.64 595.289 -21146.8)
(-5495.32 -119.655 3573.34 -5411.53 763.497 -21307.3)
(-5573.56 -74.0874 4296.71 -5366.5 504.115 -21372.4)
(-5597.22 0.985572 4546.75 -5343.65 2.91998 -21375)
(-5560.02 75.2573 4257.08 -5356.98 -489.212 -21329.4)
(-5469.79 118.794 3501.89 -5391.93 -723.113 -21223.2)
(-5345.54 115.275 2481.62 -5412.55 -518.027 -21026)
(-4923.03 -97.571 1671.7 -4963.83 -272.809 -19234.9)
(-4902.63 -95.4584 2425.72 -4830.9 104.475 -18924.3)
(-4890.18 -58.4031 2986.09 -4724.84 150.558 -18688.5)
(-4883.63 0.553222 3183.72 -4683.07 3.90373 -18593.7)
(-4882.11 58.9406 2958.06 -4719.53 -136.263 -18664.8)
(-4887.67 94.5429 2375.07 -4819.96 -72.118 -18878.6)
(-4902.89 95.009 1608.78 -4946.63 331.216 -19168.9)
(-4576.94 -78.5542 817.669 -4605.45 -1021.55 -17825.7)
(-4448.92 -73.661 1398.16 -4393.92 -443.777 -17160.1)
(-4361.85 -44.2167 1852.25 -4239.36 -137.614 -16689.5)
(-4330.12 0.294316 2016.4 -4182.37 3.76702 -16517.5)
(-4357.37 44.423 1832.86 -4236.65 149.583 -16677.5)
(-4440.53 72.9102 1363.25 -4388.08 468.259 -17136.4)
(-4565.91 76.7064 773.8 -4596.21 1064.09 -17792)
(-4302.54 -68.5181 -15.6285 -4320.37 -1671.64 -16684.1)
(-4091.42 -59.8835 473.077 -4044.91 -889.109 -15750.4)
(-3945.72 -34.6471 882.38 -3850.56 -361.62 -15099.8)
(-3893.26 0.148117 1035.04 -3780.32 3.05963 -14865.5)
(-3943.23 34.7062 868.757 -3849.16 370.847 -15093.7)
(-4086.89 59.3181 448.375 -4041.95 907.056 -15738.7)
(-4296.55 67.2662 -45.7936 -4315.41 1702.26 -16666.9)
(-4078.13 -73.935 -945.642 -4078.65 -2290.66 -15646.4)
(-3805.9 -58.0728 -471.567 -3748.48 -1269.83 -14519.1)
(-3613.05 -31.4506 -42.3627 -3518 -537.994 -13727.7)
(-3544.27 0.0648253 122.53 -3436.23 2.0971 -13445.9)
(-3611.57 31.4226 -52.4323 -3517.19 544.46 -13724.2)
(-3803.19 57.6751 -489.166 -3746.7 1282.67 -14512.2)
(-4074.7 73.1117 -968.039 -4075.8 2312.76 -15636.8)
(-4130.74 -199.778 -2138.56 -4050.71 -2935.79 -14834.2)
(-3785.32 -128.435 -1608.99 -3593.03 -1617.34 -13532.7)
(-3521.08 -58.7783 -1096.14 -3290.09 -679.31 -12611.2)
(-3424.99 0.00185577 -896.369 -3186.79 0.889701 -12285)
(-3520.18 58.7377 -1103.57 -3289.42 682.861 -12608.2)
(-3783.6 128.245 -1623.02 -3591.64 1625.82 -13526.8)
(-4128.4 199.437 -2155.21 -4048.53 2951.34 -14825.7)
(-4409.33 -1616.23 -3324.72 -3695.15 -3151.4 -5672.05)
(-4473.82 -985.629 -2799.66 -2926.09 -1693.26 -6809.29)
(-4317.71 -426.768 -2250.9 -2569.82 -691.854 -7557.63)
(-4234.37 0.00234039 -2035.65 -2479 -0.741832 -7811.12)
(-4315.73 427.028 -2255.77 -2566.7 691.423 -7543.04)
(-4469.52 986.559 -2807.36 -2920.34 1695.87 -6780.95)
(-4402.57 1617.93 -3335.18 -3687.59 3158.35 -5631.29)
(-6764.51 -59.5787 1103.89 -7128.59 -2245.72 -28496.2)
(-6476.69 -2.64943 1920.66 -6815.92 -2182.21 -26888.6)
(-6029.69 42.8477 2163.88 -6316.3 -1628.72 -24608.3)
(-5580.21 65.9812 1946.08 -5804.84 -767.056 -22426.1)
(-5208.56 69.5584 1469.09 -5376.98 189.83 -20701.5)
(-4928.4 63.3727 890.513 -5053.5 1104.79 -19450.7)
(-4715.66 57.0013 276.799 -4811.07 1939.6 -18516.4)
(-4536.27 57.4663 -395.432 -4613.12 2734.21 -17705)
(-4375.98 73.1008 -1228.37 -4443.01 3586.95 -16892.3)
(-4469.6 242.932 -2362.54 -4589.77 4582.31 -16253.1)
(-3938.73 2048.93 -3448.29 -4896.75 4978.46 -4285.33)
(-5705.7 -142.959 -263.02 -6021.53 -935.498 -23764)
(-5615.55 -97.4171 472.458 -5929.88 -771.149 -23152.4)
(-5425.27 -50.8822 852.597 -5707.26 -253.17 -22087)
(-5229.12 -15.6693 908.114 -5462.37 494.587 -21038.5)
(-5072.78 5.48092 739.988 -5256.52 1328.97 -20224.9)
(-4958.82 16.8011 443.303 -5102.95 2164.37 -19643.3)
(-4866.84 24.6541 60.8543 -4986.06 2991.42 -19178.1)
(-4769.97 35.0252 -420.171 -4880.66 3868.72 -18683.9)
(-4658.25 56.5113 -1073.51 -4782.33 4921.28 -18068.2)
(-4750.33 226.035 -2002.71 -5117.53 6255.21 -17565.5)
(-3161.55 1959.07 -2879.95 -6308.59 6827.58 -2957.22)
(-4578.83 -206.38 -973.787 -4754.29 949.215 -18545.7)
(-4718.22 -170.241 -271.066 -4891.46 1231.71 -19027.9)
(-4809.42 -123.302 211.875 -4964.9 1640.35 -19280.9)
(-4878.84 -79.1638 455.686 -5010.54 2144.11 -19448.8)
(-4936.56 -45.0269 506.157 -5047.05 2711.26 -19588.5)
(-4979.13 -21.2409 420.222 -5076.9 3334.74 -19684.1)
(-4993.47 -4.47156 236.82 -5090.49 4042.96 -19668.7)
(-4962.77 9.87606 -40.2413 -5074.77 4908.86 -19454.5)
(-4884.16 28.3456 -445.456 -5039.88 6071.35 -18993.4)
(-4953.33 139.04 -1035.27 -5531.64 7644.7 -18568.7)
(-2400.22 1222.81 -1622.8 -7503.38 8323.44 -1807.37)
(-3424.24 -223.871 -809.566 -3403.8 3071.86 -13096.5)
(-3807.86 -188.252 -87.218 -3772.56 3461.28 -14720.4)
(-4189.04 -139.737 436.994 -4148.81 3703.16 -16331.7)
(-4522.09 -92.9517 740.303 -4490.13 3876.31 -17727.2)
(-4783.54 -56.5004 865.786 -4770.82 4080.05 -18805.2)
(-4965.79 -31.9168 873.743 -4979.12 4398 -19534.5)
(-5066.76 -16.8384 813.986 -5111.83 4896.99 -19907.3)
(-5082.83 -7.99619 713.109 -5169.11 5656.6 -19903.2)
(-5020.17 -2.49891 580.215 -5174.57 6813.62 -19523.3)
(-5072.78 2.23741 402.54 -5744.68 8472.89 -19098.8)
(-2005.65 -1.8789 127.714 -8049.64 9158.49 -874.466)
(-2271.98 -185.908 279.846 -2065.5 5020.46 -7689.43)
(-2894.03 -140.488 1066.39 -2664.62 5486.85 -10443.8)
(-3555.83 -89.2315 1551.52 -3336.47 5537.19 -13381.3)
(-4140.99 -47.4813 1761.52 -3961.33 5356.81 -15957.7)
(-4591.21 -21.3197 1792.43 -4467.7 5171.7 -17906.6)
(-4896.21 -9.26816 1749.17 -4832.14 5150.2 -19191.2)
(-5065.78 -7.35933 1707.62 -5058.72 5392.2 -19866.4)
(-5110.74 -12.8074 1720.43 -5161.18 5975.54 -19983.2)
(-5051.1 -27.0059 1831.39 -5177.18 7021.54 -19604.1)
(-5115.94 -143.205 2067.46 -5730.65 8614.24 -19105.6)
(-2174.73 -1346.44 2079.46 -7772.68 9235.89 -111.944)
(-1152.49 -106.427 2155.7 -833.435 6398.58 -2593.25)
(-1986.78 -44.3076 3038.13 -1656.27 6899.86 -6403.78)
(-2905.04 9.66889 3406.67 -2605.19 6773.5 -10575.6)
(-3721.63 40.2545 3374.53 -3483.9 6288.37 -14227.4)
(-4344.88 46.8028 3148.96 -4181.63 5767.22 -16944.9)
(-4758.29 37.1454 2909.86 -4666.13 5441.53 -18684)
(-4982.33 18.7882 2774.49 -4951.34 5431.57 -19564.6)
(-5043.63 -5.17007 2815.69 -5066.47 5805.98 -19715.9)
(-4977.05 -39.6852 3104.69 -5059.73 6659.56 -19258.1)
(-5081.7 -254.2 3692.66 -5502.61 8046.86 -18613.4)
(-2864.47 -2404.05 3941.26 -6710.03 8540.34 476.908)
(-106.825 -14.9859 4522.01 221.211 6914.13 1955.1)
(-1113.28 62.4314 5520.31 -814.69 7396.24 -2795.61)
(-2250.26 116.63 5708.64 -2010.51 7142.77 -8051.52)
(-3271.55 133.398 5326.21 -3102.45 6464.54 -12633.4)
(-4049.27 118.485 4722.5 -3946.41 5730.58 -15987.9)
(-4559.18 86.4646 4177.91 -4509.23 5199.65 -18074.1)
(-4829.12 48.6962 3854.81 -4817.67 4995.93 -19075.5)
(-4899.44 8.98743 3840.52 -4915.45 5172.5 -19191.8)
(-4822.38 -39.416 4219.58 -4861.56 5791.17 -18609.1)
(-4978.64 -300.351 5047.93 -5129.85 6872.8 -17771.7)
(-3836.79 -2872.76 5449.37 -5161.79 7188.52 824.044)
(818.85 57.0174 7007.35 1054.97 6423.89 5757.09)
(-320.679 137.694 8105.47 -174.708 6829.4 208.318)
(-1633.98 186.34 8079.67 -1578.43 6523.43 -5943.31)
(-2824.91 190.754 7301.07 -2834.66 5805.26 -11271.4)
(-3735.17 161.069 6269.57 -3778.82 5027.42 -15120.1)
(-4328.72 115.531 5370.73 -4381.7 4433.42 -17451.6)
(-4637.63 67.5156 4808.74 -4684.84 4133.54 -18506.3)
(-4715 21.2897 4679.14 -4747.48 4162.85 -18554.7)
(-4625.98 -29.7398 5060.54 -4634.48 4551.96 -17829.4)
(-4826.4 -276.775 5999.91 -4713.52 5293.24 -16795.3)
(-4773.62 -2684.4 6446.78 -3563.4 5430.74 922.109)
(1549.26 83.0623 9178.43 1639.87 4939.72 8596.56)
(319.641 150.122 10349.8 255.319 5231.61 2448.36)
(-1120.63 186.963 10121.7 -1303.57 4962.73 -4364.22)
(-2439.82 184.329 8978.6 -2673.65 4368.94 -10234.8)
(-3452.72 152.683 7557.8 -3676.92 3725.82 -14427.7)
(-4112.46 108.877 6330.53 -4292.39 3221.72 -16914.9)
(-4452.97 64.8507 5537.84 -4575.97 2938.22 -17984.2)
(-4535.25 24.4627 5272.87 -4598.56 2894.83 -17955.7)
(-4436.64 -17.2454 5602.03 -4431.73 3100.45 -17108.7)
(-4660.89 -202.804 6548.39 -4350.6 3534.37 -15904.2)
(-5450.98 -1995.6 6959.08 -2284.27 3550.81 845.917)
(2012.89 56.3419 10645.6 1975.02 2667.75 10322.2)
(733.721 94.8175 11860.6 492.055 2825.17 3808.09)
(-782.225 114.943 11486.9 -1161.69 2672.98 -3404.94)
(-2179.87 111.857 10091.3 -2595.84 2340.93 -9595.67)
(-3257.44 91.9993 8399.79 -3627.41 1980.02 -13987)
(-3959.42 65.5127 6944.09 -4241.83 1693 -16555.2)
(-4320 39.4225 5985.46 -4505.44 1523.43 -17619.3)
(-4405.68 16.0889 5615.01 -4497.74 1479.32 -17534.3)
(-4299.37 -7.07961 5883.48 -4292.89 1561.17 -16601.9)
(-4530.41 -104.572 6793.1 -4108.98 1752.47 -15284.6)
(-5810.87 -1041.6 7140.54 -1501.62 1730.29 724.212)
(2157.28 -4.01665 11141.4 2070.93 -31.7422 10841.5)
(864.59 -3.36822 12369.9 556.352 -17.4354 4215.01)
(-673.133 -2.47176 11945.6 -1126.05 -6.83235 -3117.03)
(-2094.59 -1.64798 10463.6 -2578.49 -0.371184 -9402.61)
(-3191.64 -0.988915 8679.45 -3615.87 2.8124 -13848.1)
(-3906.72 -0.565118 7145.75 -4227.29 3.85812 -16436)
(-4273.29 -0.293587 6129.8 -4482.12 3.69903 -17492.9)
(-4359.47 -0.153316 5721.79 -4462.69 2.98072 -17385)
(-4250.76 -0.0642347 5966.08 -4244.8 2.01185 -16424.2)
(-4482.82 -0.0068736 6857.89 -4026.36 0.775555 -15068.5)
(-5923.77 -0.00287862 7178.82 -1246.48 -0.830071 665.023)
(1964.1 -63.4102 10575.7 1933.01 -2715.47 10125.8)
(692.609 -100.377 11787.9 458.03 -2843.62 3649.66)
(-813.295 -118.756 11421.6 -1186.22 -2671.77 -3518.27)
(-2201.18 -114.112 10037.8 -2611.78 -2329.53 -9668.56)
(-3271.01 -93.1942 8360.17 -3636.96 -1965.31 -14030.1)
(-3967.42 -66.06 6915.55 -4247.09 -1678.89 -16578.6)
(-4324.55 -39.6431 5966.04 -4508.2 -1511.53 -17631.4)
(-4408.12 -16.147 5601.03 -4499.08 -1470.23 -17540.2)
(-4300.91 7.09736 5873.37 -4293.75 -1554.87 -16605.6)
(-4531.31 104.614 6785.28 -4109.66 -1749.06 -15287.6)
(-5812.92 1041.32 7135.69 -1504.87 -1731 709.04)
(1454.93 -87.5734 9051.93 1556.91 -4943.3 8213.14)
(240.689 -152.735 10219.4 187.731 -5204.08 2139.21)
(-1179.87 -187.802 10002.9 -1352.65 -4919.68 -4585.13)
(-2480.33 -183.983 8882.84 -2706 -4323.5 -10377.3)
(-3478.16 -151.844 7485.47 -3696.42 -3685.68 -14511.5)
(-4127.48 -107.973 6279.66 -4303.37 -3189.51 -16960.8)
(-4461.3 -64.1082 5502.12 -4581.74 -2913.89 -18007.6)
(-4539.85 -23.9093 5248 -4601.57 -2876.94 -17967.6)
(-4439.29 17.6418 5583.66 -4433.46 -3087.68 -17115.4)
(-4662.64 202.972 6534.17 -4352.04 -3526.04 -15910.2)
(-5455.29 1994.61 6950.35 -2290.17 -3548.45 816.708)
(685.262 -58.3985 6849.65 933.772 -6363.69 5205.51)
(-431.698 -136.792 7942.17 -274.39 -6735.26 -236.266)
(-1716.52 -183.68 7931.93 -1651.76 -6419.82 -6261.37)
(-2880.67 -187.411 7180.77 -2883.56 -5710.56 -11476.1)
(-3769.85 -157.876 6179.78 -3808.87 -4950.39 -15240.8)
(-4348.86 -112.978 5306.69 -4398.88 -4375.19 -17517.4)
(-4648.7 -65.6725 4764.58 -4694.11 -4091.13 -18540.1)
(-4720.96 -20.0458 4647.85 -4752.4 -4132.38 -18571.7)
(-4629.46 30.5517 5037.86 -4637.38 -4529.97 -17839.2)
(-4828.77 277.111 5981.89 -4715.71 -5277.82 -16803.9)
(-4780.62 2682.65 6436.28 -3571.16 -5424.01 880.171)
)
