FoamFile
{
    version     2.0;
    format      ascii;
    class       scalarAverageField;
    object      values;
}
// **********************************************************************//
0.0

1202
(
74.2833
81.4519
74.2833
59.7349
44.8346
29.7051
14.4371
-0.904515
-16.2625
-31.5767
-46.7889
-61.8453
-76.6964
-91.2935
-105.588
-119.533
-133.081
-146.185
-158.8
-170.884
-182.394
-193.291
-203.538
-213.098
-221.937
-230.026
-237.336
-243.843
-249.522
-254.356
-258.326
-261.421
-263.645
-264.987
-265.393
-264.849
-263.396
-261.05
-257.826
-253.739
-248.81
-243.061
-236.517
-229.204
-221.155
-212.401
-202.979
-192.924
-182.276
-171.078
-159.37
-147.199
-134.608
-121.645
-108.358
-94.7961
-81.0067
-67.0388
-52.9421
-38.7649
-24.5552
-10.3598
3.77769
17.8222
31.7691
45.6661
59.365
72.1295
84.2311
96.3087
108.112
119.536
130.517
141.001
150.938
160.286
169.002
177.051
184.399
191.013
196.867
201.936
206.198
209.632
212.223
213.957
214.824
214.82
213.947
212.216
209.641
206.216
201.941
196.825
190.879
184.119
176.565
168.24
159.168
149.378
138.899
127.764
116.008
103.665
90.7762
77.381
63.522
49.2428
34.5889
19.6066
4.34326
-11.152
-26.8276
-42.6329
-58.5183
-74.432
-90.3222
-106.137
-121.826
-137.336
-152.617
-167.619
-182.293
-196.591
-210.464
-223.868
-236.758
-249.091
-260.829
-271.93
-282.361
-292.084
-301.07
-309.288
-316.712
-323.317
-329.084
-333.993
-338.029
-341.178
-343.435
-344.791
-345.239
-344.78
-343.423
-341.169
-338.028
-334.011
-329.133
-323.413
-316.869
-309.527
-301.411
-292.55
-282.974
-272.717
-261.813
-250.301
-238.219
-225.609
-212.512
-198.974
-185.039
-170.753
-156.166
-141.325
-126.279
-111.078
-95.7721
-80.4112
-65.0458
-49.7261
-34.5018
-19.4224
-4.53662
10.1075
24.4628
38.483
52.1232
65.3398
78.0907
90.3351
102.034
113.15
123.649
133.495
142.66
151.113
158.828
165.78
171.946
177.308
181.848
185.552
188.407
190.404
191.535
191.798
191.193
189.719
187.379
184.18
180.133
175.248
169.541
163.028
155.728
147.664
138.861
129.345
119.144
108.291
96.8176
84.7597
72.1542
59.0401
45.4576
31.4487
17.0561
2.32524
-12.6962
-27.962
-43.4248
-59.0365
-74.7481
-90.5102
-106.273
-121.988
-137.605
-153.075
-168.348
-183.376
-198.113
-212.512
-226.526
-240.112
-253.227
-265.829
-277.879
-289.339
-300.173
-310.346
-319.827
-328.586
-336.596
-343.833
-350.274
-355.898
-360.69
-364.634
-367.722
-369.943
-371.288
-371.754
-371.347
-370.066
-367.915
-364.904
-361.043
-356.345
-350.827
-344.507
-337.408
-329.552
-320.965
-311.677
-301.717
-291.119
-279.917
-268.147
-255.847
-243.058
-229.82
-216.177
-202.171
-187.849
-173.255
-158.436
-143.44
-128.314
-113.107
-97.8668
-82.6419
-67.4805
-52.4308
-37.5404
-22.8568
-8.42629
5.70526
19.4926
32.8922
45.8613
58.3586
70.3442
81.7798
92.6285
102.855
112.428
121.314
129.484
136.914
143.576
149.449
154.514
158.751
162.147
164.689
166.367
167.173
167.102
166.155
164.331
161.632
158.066
153.641
148.368
142.262
135.34
127.62
119.125
109.879
99.9082
89.2423
77.9121
65.9511
53.3947
40.2805
26.6476
12.5367
-2.01003
-16.9478
-32.2296
-47.8091
-63.6389
-79.6706
-95.8549
-112.142
-128.48
-144.82
-161.111
-177.301
-193.34
-209.178
-224.765
-240.051
-254.99
-269.533
-283.636
-297.253
-310.341
-322.86
-334.77
-346.034
-356.615
-366.48
-375.599
-383.943
-391.486
-398.205
-404.079
-409.09
-413.222
-416.467
-418.812
-420.248
-420.775
-420.396
-419.11
-416.923
-413.844
-409.885
-405.062
-399.389
-392.889
-385.585
-377.5
-368.666
-359.111
-348.869
-337.976
-326.468
-314.386
-301.771
-288.665
-275.113
-261.162
-246.859
-232.251
-217.388
-202.322
-187.102
-171.779
-156.405
-141.031
-125.709
-110.489
-95.4224
-80.559
-65.9475
-51.6367
-37.6737
-24.1041
-10.9722
1.67943
13.8097
25.3796
36.3519
46.6918
56.3666
65.346
73.6019
81.1093
87.8453
93.79
98.9261
103.239
106.718
109.353
111.139
112.075
112.157
111.391
109.785
107.345
104.082
100.013
95.1533
89.5244
83.1485
76.0511
68.2597
59.8045
50.7179
41.0344
30.7908
20.0257
8.77969
-2.90498
-14.9844
-27.4139
-40.1526
-53.2181
-66.4949
-79.8651
-93.3425
-106.884
-120.438
-133.956
-147.386
-160.677
-173.782
-186.649
-199.231
-211.479
-223.348
-234.791
-245.765
-256.227
-266.137
-275.455
-284.143
-292.166
-299.492
-306.089
-311.93
-316.986
-321.236
-324.657
-327.232
-328.945
-329.784
-329.738
-328.8
-326.966
-324.235
-320.608
-316.089
-310.689
-304.417
-297.28
-289.297
-280.49
-270.879
-260.486
-249.337
-237.46
-224.888
-211.651
-197.785
-183.327
-168.315
-152.79
-136.792
-120.365
-103.551
-86.3967
-68.9474
-51.2494
-33.3493
-15.2947
2.86688
21.0881
39.3218
57.521
75.639
93.6299
111.449
129.053
146.403
163.459
180.189
196.559
212.548
228.134
243.302
258.041
272.343
286.202
299.616
312.587
325.115
337.201
348.85
360.067
370.858
381.226
391.178
400.718
409.851
418.578
426.9
434.818
442.331
449.435
456.129
462.409
468.272
473.714
478.736
483.333
487.507
491.259
494.59
497.503
500.001
502.101
503.841
505.161
506.07
506.637
506.849
506.719
506.261
505.491
504.423
503.072
501.455
499.587
497.486
495.166
492.642
489.933
487.056
484.025
480.856
477.564
474.165
470.673
467.103
463.468
459.782
456.058
452.308
448.546
444.782
441.028
437.295
433.594
429.935
426.328
422.783
419.308
415.914
412.61
409.401
406.3
403.313
400.448
397.714
395.119
392.671
390.378
388.249
386.293
384.52
382.939
381.56
380.396
379.462
378.77
378.341
74.2833
74.2833
59.7349
44.8346
29.7051
14.4371
-0.904515
-16.2625
-31.5767
-46.7889
-61.8453
-76.6964
-91.2935
-105.588
-119.533
-133.081
-146.185
-158.8
-170.884
-182.394
-193.291
-203.538
-213.098
-221.937
-230.026
-237.336
-243.843
-249.522
-254.356
-258.326
-261.421
-263.645
-264.987
-265.393
-264.849
-263.396
-261.05
-257.826
-253.739
-248.81
-243.061
-236.517
-229.204
-221.155
-212.401
-202.979
-192.924
-182.276
-171.078
-159.37
-147.199
-134.608
-121.645
-108.358
-94.7961
-81.0067
-67.0388
-52.9421
-38.7649
-24.5552
-10.3598
3.77769
17.8222
31.7691
45.6661
59.365
72.1295
84.2311
96.3087
108.112
119.536
130.517
141.001
150.938
160.286
169.002
177.051
184.399
191.013
196.867
201.936
206.198
209.632
212.223
213.957
214.824
214.82
213.947
212.216
209.641
206.216
201.941
196.825
190.879
184.119
176.565
168.24
159.168
149.378
138.899
127.764
116.008
103.665
90.7762
77.381
63.522
49.2428
34.5889
19.6066
4.34326
-11.152
-26.8276
-42.6329
-58.5183
-74.432
-90.3222
-106.137
-121.826
-137.336
-152.617
-167.619
-182.293
-196.591
-210.464
-223.868
-236.758
-249.091
-260.829
-271.93
-282.361
-292.084
-301.07
-309.288
-316.712
-323.317
-329.084
-333.993
-338.029
-341.178
-343.435
-344.791
-345.239
-344.78
-343.423
-341.169
-338.028
-334.011
-329.133
-323.413
-316.869
-309.527
-301.411
-292.55
-282.974
-272.717
-261.813
-250.301
-238.219
-225.609
-212.512
-198.974
-185.039
-170.753
-156.166
-141.325
-126.279
-111.078
-95.7721
-80.4112
-65.0458
-49.7261
-34.5018
-19.4224
-4.53662
10.1075
24.4628
38.483
52.1232
65.3398
78.0907
90.3351
102.034
113.15
123.649
133.495
142.66
151.113
158.828
165.78
171.946
177.308
181.848
185.552
188.407
190.404
191.535
191.798
191.193
189.719
187.379
184.18
180.133
175.248
169.541
163.028
155.728
147.664
138.861
129.345
119.144
108.291
96.8176
84.7597
72.1542
59.0401
45.4576
31.4487
17.0561
2.32524
-12.6962
-27.962
-43.4248
-59.0365
-74.7481
-90.5102
-106.273
-121.988
-137.605
-153.075
-168.348
-183.376
-198.113
-212.512
-226.526
-240.112
-253.227
-265.829
-277.879
-289.339
-300.173
-310.346
-319.827
-328.586
-336.596
-343.833
-350.274
-355.898
-360.69
-364.634
-367.722
-369.943
-371.288
-371.754
-371.347
-370.066
-367.915
-364.904
-361.043
-356.345
-350.827
-344.507
-337.408
-329.552
-320.965
-311.677
-301.717
-291.119
-279.917
-268.147
-255.847
-243.058
-229.82
-216.177
-202.171
-187.849
-173.255
-158.436
-143.44
-128.314
-113.107
-97.8668
-82.6419
-67.4805
-52.4308
-37.5404
-22.8568
-8.42629
5.70526
19.4926
32.8922
45.8613
58.3586
70.3442
81.7798
92.6285
102.855
112.428
121.314
129.484
136.914
143.576
149.449
154.514
158.751
162.147
164.689
166.367
167.173
167.102
166.155
164.331
161.632
158.066
153.641
148.368
142.262
135.34
127.62
119.125
109.879
99.9082
89.2423
77.9121
65.9511
53.3947
40.2805
26.6476
12.5367
-2.01003
-16.9478
-32.2296
-47.8091
-63.6389
-79.6706
-95.8549
-112.142
-128.48
-144.82
-161.111
-177.301
-193.34
-209.178
-224.765
-240.051
-254.99
-269.533
-283.636
-297.253
-310.341
-322.86
-334.77
-346.034
-356.615
-366.48
-375.599
-383.943
-391.486
-398.205
-404.079
-409.09
-413.222
-416.467
-418.812
-420.248
-420.775
-420.396
-419.11
-416.923
-413.844
-409.885
-405.062
-399.389
-392.889
-385.585
-377.5
-368.666
-359.111
-348.869
-337.976
-326.468
-314.386
-301.771
-288.665
-275.113
-261.162
-246.859
-232.251
-217.388
-202.322
-187.102
-171.779
-156.405
-141.031
-125.709
-110.489
-95.4224
-80.559
-65.9475
-51.6367
-37.6737
-24.1041
-10.9722
1.67943
13.8097
25.3796
36.3519
46.6918
56.3666
65.346
73.6019
81.1093
87.8453
93.79
98.9261
103.239
106.718
109.353
111.139
112.075
112.157
111.391
109.785
107.345
104.082
100.013
95.1533
89.5244
83.1485
76.0511
68.2597
59.8045
50.7179
41.0344
30.7908
20.0257
8.77969
-2.90498
-14.9844
-27.4139
-40.1526
-53.2181
-66.4949
-79.8651
-93.3425
-106.884
-120.438
-133.956
-147.386
-160.677
-173.782
-186.649
-199.231
-211.479
-223.348
-234.791
-245.765
-256.227
-266.137
-275.455
-284.143
-292.166
-299.492
-306.089
-311.93
-316.986
-321.236
-324.657
-327.232
-328.945
-329.784
-329.738
-328.8
-326.966
-324.235
-320.608
-316.089
-310.689
-304.417
-297.28
-289.297
-280.49
-270.879
-260.486
-249.337
-237.46
-224.888
-211.651
-197.785
-183.327
-168.315
-152.79
-136.792
-120.365
-103.551
-86.3967
-68.9474
-51.2494
-33.3493
-15.2947
2.86688
21.0881
39.3218
57.521
75.639
93.6299
111.449
129.053
146.403
163.459
180.189
196.559
212.548
228.134
243.302
258.041
272.343
286.202
299.616
312.587
325.115
337.201
348.85
360.067
370.858
381.226
391.178
400.718
409.851
418.578
426.9
434.818
442.331
449.435
456.129
462.409
468.272
473.714
478.736
483.333
487.507
491.259
494.59
497.503
500.001
502.101
503.841
505.161
506.07
506.637
506.849
506.719
506.261
505.491
504.423
503.072
501.455
499.587
497.486
495.166
492.642
489.933
487.056
484.025
480.856
477.564
474.165
470.673
467.103
463.468
459.782
456.058
452.308
448.546
444.782
441.028
437.295
433.594
429.935
426.328
422.783
419.308
415.914
412.61
409.401
406.3
403.313
400.448
397.714
395.119
392.671
390.378
388.249
386.293
384.52
382.939
381.56
380.396
379.462
378.77
378.341
378.196
)
