FoamFile
{
    version     2.0;
    format      ascii;
    class       scalarAverageField;
    object      values;
}
// **********************************************************************//
0.0

1202
(
77.3877
73.024
77.3877
87.3881
99.2094
111.561
123.754
135.602
147.004
157.887
168.194
177.877
186.895
195.213
202.798
209.623
215.663
220.897
225.306
228.876
231.593
233.448
234.433
234.55
233.803
232.189
229.707
226.365
222.17
217.136
211.276
204.604
197.141
188.904
179.916
170.2
159.781
148.684
136.94
124.58
111.649
98.2983
84.7272
66.5894
47.5167
31.8767
16.0324
0.04206
-16.0602
-32.2279
-48.4115
-64.5613
-80.6273
-96.5595
-112.308
-127.821
-143.05
-157.946
-172.459
-186.541
-200.144
-213.224
-225.735
-237.635
-248.881
-259.438
-269.267
-278.334
-286.609
-294.063
-300.671
-306.409
-311.257
-315.197
-318.232
-320.361
-321.555
-321.777
-321.034
-319.342
-316.712
-313.156
-308.691
-303.334
-297.109
-290.04
-282.155
-273.485
-264.063
-253.926
-243.113
-231.663
-219.62
-207.025
-193.922
-180.358
-166.377
-152.026
-137.352
-122.405
-107.233
-91.8873
-76.4166
-60.8714
-45.3023
-29.7592
-14.292
1.05001
16.218
31.1639
45.8408
60.2026
74.2045
87.8031
100.956
113.623
125.766
137.346
148.329
158.682
168.373
177.373
185.656
193.197
199.974
205.968
211.159
215.535
219.082
221.793
223.656
224.67
224.835
224.149
222.616
220.242
217.035
213.008
208.174
202.549
196.154
189.008
181.136
172.565
163.32
153.435
142.942
131.874
120.269
108.165
95.6016
82.6203
69.2638
55.5764
41.5995
27.3833
12.98
-1.56661
-16.209
-30.8982
-45.5851
-60.2208
-74.7563
-89.1428
-103.332
-117.277
-130.93
-144.245
-157.178
-169.685
-181.724
-193.254
-204.236
-214.633
-224.411
-233.535
-241.975
-249.702
-256.691
-262.918
-268.361
-273.002
-276.826
-279.82
-281.976
-283.284
-283.736
-283.335
-282.085
-279.986
-277.048
-273.279
-268.691
-263.302
-257.127
-250.19
-242.511
-234.117
-225.036
-215.298
-204.933
-193.978
-182.467
-170.437
-157.929
-144.982
-131.638
-117.941
-103.933
-89.6606
-75.1677
-60.5007
-45.706
-30.83
-15.9194
-1.02064
13.8199
28.5564
43.1435
57.5361
71.69
85.5623
99.1109
112.295
125.074
137.409
149.266
160.606
171.398
181.608
191.207
200.167
208.46
216.064
222.956
229.116
234.526
239.171
243.038
246.117
248.398
249.875
250.546
250.411
249.467
247.719
245.175
241.841
237.73
232.853
227.228
220.87
213.799
206.039
197.612
188.546
178.868
168.608
157.798
146.471
134.662
122.408
109.745
96.7106
83.3472
69.7019
55.8139
41.7246
27.4778
13.1175
-1.31172
-15.7651
-30.198
-44.5654
-58.8228
-72.9261
-86.8314
-100.496
-113.877
-126.933
-139.624
-151.911
-163.755
-175.121
-185.972
-196.278
-206.004
-215.123
-223.606
-231.427
-238.564
-244.995
-250.701
-255.664
-259.873
-263.317
-265.981
-267.858
-268.951
-269.254
-268.767
-267.495
-265.443
-262.62
-259.034
-254.702
-249.636
-243.855
-237.379
-230.23
-222.433
-214.012
-204.997
-195.418
-185.306
-174.694
-163.617
-152.112
-140.214
-127.965
-115.403
-102.569
-89.5044
-76.2519
-62.8542
-49.3545
-35.7966
-22.2244
-8.68161
4.78778
18.1388
31.3254
44.3084
57.0477
69.4981
81.6181
93.3676
104.707
115.598
126.004
135.888
145.216
153.956
162.076
169.547
176.34
182.429
187.793
192.406
196.251
199.31
201.567
203.01
203.627
203.413
202.361
200.464
197.726
194.148
189.734
184.492
178.431
171.563
163.904
155.472
146.286
136.368
125.745
114.443
102.492
89.9247
76.7741
63.0758
48.8625
34.147
18.9978
3.49643
-12.3362
-28.4659
-44.8456
-61.4273
-78.1619
-95.0002
-111.892
-128.787
-145.634
-162.384
-178.986
-195.39
-211.546
-227.407
-242.923
-258.049
-272.738
-286.947
-300.633
-313.754
-326.27
-338.145
-349.344
-359.833
-369.582
-378.561
-386.745
-394.111
-400.637
-406.31
-411.112
-415.025
-418.046
-420.172
-421.395
-421.716
-421.138
-419.667
-417.313
-414.086
-410.001
-405.077
-399.334
-392.794
-385.486
-377.434
-368.673
-359.235
-349.154
-338.47
-327.222
-315.452
-303.203
-290.521
-277.451
-264.042
-250.343
-236.403
-222.274
-208.006
-193.652
-179.264
-164.894
-150.594
-136.416
-122.411
-108.631
-95.1279
-81.9502
-69.1457
-56.7615
-44.8433
-33.4352
-22.5796
-12.3173
-2.68684
6.2751
14.5341
22.0579
28.8167
34.7834
39.9331
44.2439
47.6963
50.2739
51.963
52.7524
52.6341
51.6031
49.657
46.7966
43.0243
38.3476
32.7771
26.3227
18.9984
10.8224
1.81454
-8.00298
-18.6055
-29.9662
-42.0559
-54.8436
-68.2961
-82.3788
-97.0551
-112.287
-128.035
-144.259
-160.917
-177.968
-195.368
-213.073
-231.041
-249.226
-267.585
-286.075
-304.652
-323.273
-341.896
-360.481
-378.985
-397.37
-415.598
-433.631
-451.433
-468.969
-486.204
-503.101
-519.624
-535.745
-551.412
-565.992
-579.836
-593.772
-607.461
-620.653
-633.314
-645.43
-656.986
-667.976
-678.397
-688.253
-697.49
-706.093
-714.1
-721.502
-728.294
-734.506
-740.172
-745.304
-749.906
-753.984
-757.545
-760.594
-763.142
-765.198
-766.771
-767.871
-768.51
-768.698
-768.446
-767.765
-766.67
-765.171
-763.279
-761.007
-758.371
-755.388
-752.073
-748.441
-744.51
-740.295
-735.813
-731.082
-726.12
-720.943
-715.568
-710.014
-704.295
-698.431
-692.436
-686.329
-680.124
-673.837
-667.483
-661.078
-654.635
-648.169
-641.694
-635.223
-628.768
-622.343
-615.958
-609.625
-603.357
-597.163
-591.053
-585.039
-579.129
-573.334
-567.662
-562.122
-556.724
-551.476
-546.385
-541.461
-536.712
-532.145
-527.77
-523.595
-519.627
-515.876
-512.35
-509.059
-506.012
-503.22
-500.694
-498.446
-496.491
-494.842
-493.519
-492.541
-491.936
77.3877
77.3877
87.3881
99.2094
111.561
123.754
135.602
147.004
157.887
168.194
177.877
186.895
195.213
202.798
209.623
215.663
220.897
225.306
228.876
231.593
233.448
234.433
234.55
233.803
232.189
229.707
226.365
222.17
217.136
211.276
204.604
197.141
188.904
179.916
170.2
159.781
148.684
136.94
124.58
111.649
98.2983
84.7272
66.5894
47.5167
31.8767
16.0324
0.04206
-16.0602
-32.2279
-48.4115
-64.5613
-80.6273
-96.5595
-112.308
-127.821
-143.05
-157.946
-172.459
-186.541
-200.144
-213.224
-225.735
-237.635
-248.881
-259.438
-269.267
-278.334
-286.609
-294.063
-300.671
-306.409
-311.257
-315.197
-318.232
-320.361
-321.555
-321.777
-321.034
-319.342
-316.712
-313.156
-308.691
-303.334
-297.109
-290.04
-282.155
-273.485
-264.063
-253.926
-243.113
-231.663
-219.62
-207.025
-193.922
-180.358
-166.377
-152.026
-137.352
-122.405
-107.233
-91.8873
-76.4166
-60.8714
-45.3023
-29.7592
-14.292
1.05001
16.218
31.1639
45.8408
60.2026
74.2045
87.8031
100.956
113.623
125.766
137.346
148.329
158.682
168.373
177.373
185.656
193.197
199.974
205.968
211.159
215.535
219.082
221.793
223.656
224.67
224.835
224.149
222.616
220.242
217.035
213.008
208.174
202.549
196.154
189.008
181.136
172.565
163.32
153.435
142.942
131.874
120.269
108.165
95.6016
82.6203
69.2638
55.5764
41.5995
27.3833
12.98
-1.56661
-16.209
-30.8982
-45.5851
-60.2208
-74.7563
-89.1428
-103.332
-117.277
-130.93
-144.245
-157.178
-169.685
-181.724
-193.254
-204.236
-214.633
-224.411
-233.535
-241.975
-249.702
-256.691
-262.918
-268.361
-273.002
-276.826
-279.82
-281.976
-283.284
-283.736
-283.335
-282.085
-279.986
-277.048
-273.279
-268.691
-263.302
-257.127
-250.19
-242.511
-234.117
-225.036
-215.298
-204.933
-193.978
-182.467
-170.437
-157.929
-144.982
-131.638
-117.941
-103.933
-89.6606
-75.1677
-60.5007
-45.706
-30.83
-15.9194
-1.02064
13.8199
28.5564
43.1435
57.5361
71.69
85.5623
99.1109
112.295
125.074
137.409
149.266
160.606
171.398
181.608
191.207
200.167
208.46
216.064
222.956
229.116
234.526
239.171
243.038
246.117
248.398
249.875
250.546
250.411
249.467
247.719
245.175
241.841
237.73
232.853
227.228
220.87
213.799
206.039
197.612
188.546
178.868
168.608
157.798
146.471
134.662
122.408
109.745
96.7106
83.3472
69.7019
55.8139
41.7246
27.4778
13.1175
-1.31172
-15.7651
-30.198
-44.5654
-58.8228
-72.9261
-86.8314
-100.496
-113.877
-126.933
-139.624
-151.911
-163.755
-175.121
-185.972
-196.278
-206.004
-215.123
-223.606
-231.427
-238.564
-244.995
-250.701
-255.664
-259.873
-263.317
-265.981
-267.858
-268.951
-269.254
-268.767
-267.495
-265.443
-262.62
-259.034
-254.702
-249.636
-243.855
-237.379
-230.23
-222.433
-214.012
-204.997
-195.418
-185.306
-174.694
-163.617
-152.112
-140.214
-127.965
-115.403
-102.569
-89.5044
-76.2519
-62.8542
-49.3545
-35.7966
-22.2244
-8.68161
4.78778
18.1388
31.3254
44.3084
57.0477
69.4981
81.6181
93.3676
104.707
115.598
126.004
135.888
145.216
153.956
162.076
169.547
176.34
182.429
187.793
192.406
196.251
199.31
201.567
203.01
203.627
203.413
202.361
200.464
197.726
194.148
189.734
184.492
178.431
171.563
163.904
155.472
146.286
136.368
125.745
114.443
102.492
89.9247
76.7741
63.0758
48.8625
34.147
18.9978
3.49643
-12.3362
-28.4659
-44.8456
-61.4273
-78.1619
-95.0002
-111.892
-128.787
-145.634
-162.384
-178.986
-195.39
-211.546
-227.407
-242.923
-258.049
-272.738
-286.947
-300.633
-313.754
-326.27
-338.145
-349.344
-359.833
-369.582
-378.561
-386.745
-394.111
-400.637
-406.31
-411.112
-415.025
-418.046
-420.172
-421.395
-421.716
-421.138
-419.667
-417.313
-414.086
-410.001
-405.077
-399.334
-392.794
-385.486
-377.434
-368.673
-359.235
-349.154
-338.47
-327.222
-315.452
-303.203
-290.521
-277.451
-264.042
-250.343
-236.403
-222.274
-208.006
-193.652
-179.264
-164.894
-150.594
-136.416
-122.411
-108.631
-95.1279
-81.9502
-69.1457
-56.7615
-44.8433
-33.4352
-22.5796
-12.3173
-2.68684
6.2751
14.5341
22.0579
28.8167
34.7834
39.9331
44.2439
47.6963
50.2739
51.963
52.7524
52.6341
51.6031
49.657
46.7966
43.0243
38.3476
32.7771
26.3227
18.9984
10.8224
1.81454
-8.00298
-18.6055
-29.9662
-42.0559
-54.8436
-68.2961
-82.3788
-97.0551
-112.287
-128.035
-144.259
-160.917
-177.968
-195.368
-213.073
-231.041
-249.226
-267.585
-286.075
-304.652
-323.273
-341.896
-360.481
-378.985
-397.37
-415.598
-433.631
-451.433
-468.969
-486.204
-503.101
-519.624
-535.745
-551.412
-565.992
-579.836
-593.772
-607.461
-620.653
-633.314
-645.43
-656.986
-667.976
-678.397
-688.253
-697.49
-706.093
-714.1
-721.502
-728.294
-734.506
-740.172
-745.304
-749.906
-753.984
-757.545
-760.594
-763.142
-765.198
-766.771
-767.871
-768.51
-768.698
-768.446
-767.765
-766.67
-765.171
-763.279
-761.007
-758.371
-755.388
-752.073
-748.441
-744.51
-740.295
-735.813
-731.082
-726.12
-720.943
-715.568
-710.014
-704.295
-698.431
-692.436
-686.329
-680.124
-673.837
-667.483
-661.078
-654.635
-648.169
-641.694
-635.223
-628.768
-622.343
-615.958
-609.625
-603.357
-597.163
-591.053
-585.039
-579.129
-573.334
-567.662
-562.122
-556.724
-551.476
-546.385
-541.461
-536.712
-532.145
-527.77
-523.595
-519.627
-515.876
-512.35
-509.059
-506.012
-503.22
-500.694
-498.446
-496.491
-494.842
-493.519
-492.541
-491.936
-491.73
)
