FoamFile
{
    version     2.0;
    format      ascii;
    class       scalarAverageField;
    object      values;
}
// **********************************************************************//
0.0

1202
(
-281.401
-286.369
-281.401
-271.142
-260.238
-248.71
-236.604
-223.96
-210.825
-197.244
-183.264
-168.929
-154.288
-139.387
-124.274
-108.997
-93.607
-78.1548
-62.6946
-47.2854
-31.9887
-16.8652
-1.97188
12.6498
27.5151
41.9768
55.4174
68.3907
80.8687
92.8047
104.153
114.874
124.929
134.284
142.907
150.772
157.853
164.124
169.567
174.163
177.899
180.763
182.743
183.834
184.022
183.34
181.81
179.414
176.146
172.01
167.013
161.168
154.49
146.998
138.714
129.662
119.876
109.387
98.233
86.4567
74.1028
61.225
47.8998
34.2657
20.3097
4.47031
-12.2316
-28.0923
-43.9348
-59.8118
-75.7141
-91.6123
-107.466
-123.228
-138.852
-154.287
-169.484
-184.394
-198.967
-213.156
-226.913
-240.193
-252.952
-265.148
-276.739
-287.687
-297.956
-307.511
-316.321
-324.357
-331.591
-338.001
-343.567
-348.273
-352.104
-355.052
-357.096
-358.224
-358.433
-357.731
-356.122
-353.609
-350.202
-345.91
-340.75
-334.738
-327.895
-320.245
-311.812
-302.626
-292.719
-282.124
-270.877
-259.018
-246.584
-233.62
-220.169
-206.277
-191.988
-177.353
-162.419
-147.237
-131.857
-116.329
-100.705
-85.0362
-69.3741
-53.77
-38.2745
-22.938
-7.81038
7.05952
21.6238
35.8355
49.6492
63.0204
75.9066
88.2666
100.061
111.252
121.805
131.686
140.863
149.306
156.992
163.893
169.989
175.259
179.688
183.26
185.964
187.792
188.735
188.793
187.966
186.255
183.663
180.197
175.869
170.692
164.681
157.855
150.233
141.839
132.7
122.842
112.297
101.096
89.2744
76.8684
63.9165
50.459
36.5376
22.196
7.47889
-7.56826
-22.8984
-38.4618
-54.2086
-70.0905
-86.0573
-102.059
-118.044
-133.962
-149.763
-165.395
-180.81
-195.959
-210.792
-225.263
-239.326
-252.935
-266.047
-278.62
-290.615
-301.992
-312.716
-322.753
-332.071
-340.64
-348.435
-355.429
-361.603
-366.936
-371.412
-375.018
-377.746
-379.588
-380.532
-380.582
-379.743
-378.014
-375.405
-371.924
-367.586
-362.405
-356.4
-349.593
-342.008
-333.67
-324.608
-314.854
-304.44
-293.402
-281.777
-269.605
-256.925
-243.781
-230.216
-216.275
-202.005
-187.452
-172.665
-157.692
-142.582
-127.384
-112.149
-96.9267
-81.7653
-66.715
-51.8247
-37.1426
-22.7164
-8.59291
5.1822
18.5644
31.5102
43.9775
55.9261
67.317
78.1135
88.2802
97.7839
106.594
114.681
122.018
128.582
134.35
139.303
143.424
146.698
149.115
150.665
151.341
151.142
150.065
148.114
145.293
141.608
137.071
131.694
125.494
118.488
110.697
102.146
92.8594
82.8655
72.1951
60.8809
48.9578
36.4626
23.4339
9.91245
-4.06005
-18.4402
-33.1839
-48.2495
-63.5832
-79.1302
-94.8459
-110.682
-126.588
-142.514
-158.41
-174.224
-189.906
-205.405
-220.673
-235.66
-250.317
-264.599
-278.458
-291.849
-304.729
-317.057
-328.791
-339.896
-350.333
-360.069
-369.071
-377.311
-384.762
-391.398
-397.197
-402.141
-406.213
-409.399
-411.688
-413.072
-413.549
-413.111
-411.76
-409.504
-406.347
-402.3
-397.373
-391.584
-384.949
-377.489
-369.228
-360.192
-350.41
-339.912
-328.732
-316.905
-304.468
-291.461
-277.925
-263.901
-249.434
-234.571
-219.358
-203.841
-188.07
-172.094
-155.963
-139.727
-123.436
-107.141
-90.8915
-74.7371
-58.7274
-42.9112
-27.3362
-12.0488
2.90501
17.48
31.6334
45.3241
58.5123
71.16
83.2314
94.6923
105.511
115.658
125.106
133.83
141.808
149.019
155.448
161.078
165.899
169.9
173.076
175.422
176.938
177.625
177.485
176.527
174.763
172.202
168.857
164.747
159.891
154.311
148.031
141.076
133.474
125.256
116.453
107.099
97.2295
86.8804
76.09
64.8978
53.3442
41.4707
29.3195
16.9335
4.35433
-8.36987
-21.1911
-34.0669
-46.9527
-59.8035
-72.5745
-85.2213
-97.6996
-109.966
-121.978
-133.692
-145.069
-156.067
-166.649
-176.777
-186.415
-195.529
-204.085
-212.054
-219.405
-226.113
-232.153
-237.5
-242.136
-246.041
-249.2
-251.6
-253.228
-254.079
-254.144
-253.421
-251.911
-249.612
-246.527
-242.667
-238.041
-232.661
-226.538
-219.692
-212.141
-203.906
-195.01
-185.479
-175.341
-164.625
-153.362
-141.586
-129.329
-116.629
-103.522
-90.0469
-76.2428
-62.1498
-47.809
-33.2619
-18.5504
-3.7168
11.1966
26.1473
41.0932
55.9921
70.8027
85.4838
99.9964
114.3
128.355
142.126
155.576
168.67
181.375
193.66
205.494
216.848
227.697
238.015
247.781
256.972
265.57
273.56
280.926
287.658
293.745
299.18
303.959
308.079
311.539
314.343
316.494
318
318.87
319.115
318.751
317.792
316.257
314.169
311.547
308.417
304.809
300.75
296.266
291.393
286.163
280.611
274.774
268.689
262.393
255.926
249.32
242.605
235.801
228.926
221.99
214.999
207.959
200.876
193.752
186.589
179.39
172.154
164.882
157.572
150.223
142.835
135.41
127.949
120.458
112.941
105.41
97.8748
90.3493
82.8496
75.3927
67.9964
60.6794
53.4602
46.3571
39.3875
32.5677
25.9132
19.4377
13.1539
7.07244
1.20279
-4.44726
-9.87145
-15.0651
-20.0247
-24.7483
-29.2353
-33.4862
-37.5026
-41.2871
-44.8432
-48.1752
-51.2882
-54.1881
-56.8808
-59.3734
-61.6729
-63.7866
-65.7223
-67.4877
-69.0908
-70.5396
-71.8422
-73.0064
-74.0402
-74.9515
-75.7475
-76.4359
-77.024
-77.5188
-77.9314
-78.2742
-78.5369
-78.7211
-78.848
-78.9227
-78.9491
-78.9322
-78.8768
-78.7879
-78.6702
-78.5279
-78.3649
-78.1856
-77.9935
-77.7925
-77.5858
-77.377
-77.1693
-76.9655
-76.7686
-76.5815
-76.4066
-76.2467
-76.1045
-75.9821
-75.8824
-75.8078
-75.7612
-281.401
-281.401
-271.142
-260.238
-248.71
-236.604
-223.96
-210.825
-197.244
-183.264
-168.929
-154.288
-139.387
-124.274
-108.997
-93.607
-78.1548
-62.6946
-47.2854
-31.9887
-16.8652
-1.97188
12.6498
27.5151
41.9768
55.4174
68.3907
80.8687
92.8047
104.153
114.874
124.929
134.284
142.907
150.772
157.853
164.124
169.567
174.163
177.899
180.763
182.743
183.834
184.022
183.34
181.81
179.414
176.146
172.01
167.013
161.168
154.49
146.998
138.714
129.662
119.876
109.387
98.233
86.4567
74.1028
61.225
47.8998
34.2657
20.3097
4.47031
-12.2316
-28.0923
-43.9348
-59.8118
-75.7141
-91.6123
-107.466
-123.228
-138.852
-154.287
-169.484
-184.394
-198.967
-213.156
-226.913
-240.193
-252.952
-265.148
-276.739
-287.687
-297.956
-307.511
-316.321
-324.357
-331.591
-338.001
-343.567
-348.273
-352.104
-355.052
-357.096
-358.224
-358.433
-357.731
-356.122
-353.609
-350.202
-345.91
-340.75
-334.738
-327.895
-320.245
-311.812
-302.626
-292.719
-282.124
-270.877
-259.018
-246.584
-233.62
-220.169
-206.277
-191.988
-177.353
-162.419
-147.237
-131.857
-116.329
-100.705
-85.0362
-69.3741
-53.77
-38.2745
-22.938
-7.81038
7.05952
21.6238
35.8355
49.6492
63.0204
75.9066
88.2666
100.061
111.252
121.805
131.686
140.863
149.306
156.992
163.893
169.989
175.259
179.688
183.26
185.964
187.792
188.735
188.793
187.966
186.255
183.663
180.197
175.869
170.692
164.681
157.855
150.233
141.839
132.7
122.842
112.297
101.096
89.2744
76.8684
63.9165
50.459
36.5376
22.196
7.47889
-7.56826
-22.8984
-38.4618
-54.2086
-70.0905
-86.0573
-102.059
-118.044
-133.962
-149.763
-165.395
-180.81
-195.959
-210.792
-225.263
-239.326
-252.935
-266.047
-278.62
-290.615
-301.992
-312.716
-322.753
-332.071
-340.64
-348.435
-355.429
-361.603
-366.936
-371.412
-375.018
-377.746
-379.588
-380.532
-380.582
-379.743
-378.014
-375.405
-371.924
-367.586
-362.405
-356.4
-349.593
-342.008
-333.67
-324.608
-314.854
-304.44
-293.402
-281.777
-269.605
-256.925
-243.781
-230.216
-216.275
-202.005
-187.452
-172.665
-157.692
-142.582
-127.384
-112.149
-96.9267
-81.7653
-66.715
-51.8247
-37.1426
-22.7164
-8.59291
5.1822
18.5644
31.5102
43.9775
55.9261
67.317
78.1135
88.2802
97.7839
106.594
114.681
122.018
128.582
134.35
139.303
143.424
146.698
149.115
150.665
151.341
151.142
150.065
148.114
145.293
141.608
137.071
131.694
125.494
118.488
110.697
102.146
92.8594
82.8655
72.1951
60.8809
48.9578
36.4626
23.4339
9.91245
-4.06005
-18.4402
-33.1839
-48.2495
-63.5832
-79.1302
-94.8459
-110.682
-126.588
-142.514
-158.41
-174.224
-189.906
-205.405
-220.673
-235.66
-250.317
-264.599
-278.458
-291.849
-304.729
-317.057
-328.791
-339.896
-350.333
-360.069
-369.071
-377.311
-384.762
-391.398
-397.197
-402.141
-406.213
-409.399
-411.688
-413.072
-413.549
-413.111
-411.76
-409.504
-406.347
-402.3
-397.373
-391.584
-384.949
-377.489
-369.228
-360.192
-350.41
-339.912
-328.732
-316.905
-304.468
-291.461
-277.925
-263.901
-249.434
-234.571
-219.358
-203.841
-188.07
-172.094
-155.963
-139.727
-123.436
-107.141
-90.8915
-74.7371
-58.7274
-42.9112
-27.3362
-12.0488
2.90501
17.48
31.6334
45.3241
58.5123
71.16
83.2314
94.6923
105.511
115.658
125.106
133.83
141.808
149.019
155.448
161.078
165.899
169.9
173.076
175.422
176.938
177.625
177.485
176.527
174.763
172.202
168.857
164.747
159.891
154.311
148.031
141.076
133.474
125.256
116.453
107.099
97.2295
86.8804
76.09
64.8978
53.3442
41.4707
29.3195
16.9335
4.35433
-8.36987
-21.1911
-34.0669
-46.9527
-59.8035
-72.5745
-85.2213
-97.6996
-109.966
-121.978
-133.692
-145.069
-156.067
-166.649
-176.777
-186.415
-195.529
-204.085
-212.054
-219.405
-226.113
-232.153
-237.5
-242.136
-246.041
-249.2
-251.6
-253.228
-254.079
-254.144
-253.421
-251.911
-249.612
-246.527
-242.667
-238.041
-232.661
-226.538
-219.692
-212.141
-203.906
-195.01
-185.479
-175.341
-164.625
-153.362
-141.586
-129.329
-116.629
-103.522
-90.0469
-76.2428
-62.1498
-47.809
-33.2619
-18.5504
-3.7168
11.1966
26.1473
41.0932
55.9921
70.8027
85.4838
99.9964
114.3
128.355
142.126
155.576
168.67
181.375
193.66
205.494
216.848
227.697
238.015
247.781
256.972
265.57
273.56
280.926
287.658
293.745
299.18
303.959
308.079
311.539
314.343
316.494
318
318.87
319.115
318.751
317.792
316.257
314.169
311.547
308.417
304.809
300.75
296.266
291.393
286.163
280.611
274.774
268.689
262.393
255.926
249.32
242.605
235.801
228.926
221.99
214.999
207.959
200.876
193.752
186.589
179.39
172.154
164.882
157.572
150.223
142.835
135.41
127.949
120.458
112.941
105.41
97.8748
90.3493
82.8496
75.3927
67.9964
60.6794
53.4602
46.3571
39.3875
32.5677
25.9132
19.4377
13.1539
7.07244
1.20279
-4.44726
-9.87145
-15.0651
-20.0247
-24.7483
-29.2353
-33.4862
-37.5026
-41.2871
-44.8432
-48.1752
-51.2882
-54.1881
-56.8808
-59.3734
-61.6729
-63.7866
-65.7223
-67.4877
-69.0908
-70.5396
-71.8422
-73.0064
-74.0402
-74.9515
-75.7475
-76.4359
-77.024
-77.5188
-77.9314
-78.2742
-78.5369
-78.7211
-78.848
-78.9227
-78.9491
-78.9322
-78.8768
-78.7879
-78.6702
-78.5279
-78.3649
-78.1856
-77.9935
-77.7925
-77.5858
-77.377
-77.1693
-76.9655
-76.7686
-76.5815
-76.4066
-76.2467
-76.1045
-75.9821
-75.8824
-75.8078
-75.7612
-75.7453
)
