FoamFile
{
    version     2.0;
    format      ascii;
    class       scalarAverageField;
    object      values;
}
// **********************************************************************//
0.0

1202
(
225.853
221.869
225.853
233.442
240.262
246.282
251.487
255.858
259.381
262.044
263.839
264.756
264.79
263.952
262.257
259.693
256.261
251.966
246.816
240.819
233.986
226.329
217.859
208.588
198.522
187.666
176.017
163.558
150.256
136.035
120.773
104.905
87.4571
68.3169
49.0403
30.1436
11.7586
-6.36066
-24.2865
-42.0458
-59.6394
-77.052
-94.2577
-111.224
-127.912
-144.283
-160.293
-175.899
-191.056
-205.721
-219.849
-233.397
-246.323
-258.588
-270.151
-280.976
-291.029
-300.276
-308.687
-316.233
-322.891
-328.637
-333.45
-337.318
-340.255
-342.27
-343.287
-343.275
-342.285
-340.329
-337.413
-333.55
-328.755
-323.046
-316.449
-308.986
-300.687
-291.583
-281.709
-271.102
-259.801
-247.848
-235.286
-222.162
-208.524
-194.423
-179.91
-165.038
-149.862
-134.434
-118.811
-103.047
-87.1933
-71.3041
-55.4308
-39.625
-23.9378
-8.42253
6.87407
21.9068
36.6254
50.9832
64.9356
78.4391
91.452
103.934
115.848
127.157
137.825
147.822
157.118
165.685
173.496
180.53
186.767
192.187
196.776
200.521
203.411
205.44
206.603
206.897
206.325
204.888
202.593
199.447
195.465
190.659
185.045
178.644
171.477
163.568
154.944
145.635
135.669
125.083
113.91
102.188
89.956
77.2544
64.1242
50.6056
36.7302
22.5609
8.16616
-6.41759
-21.148
-35.9764
-50.8535
-65.7293
-80.5536
-95.2763
-109.848
-124.219
-138.341
-152.166
-165.647
-178.738
-191.395
-203.575
-215.237
-226.34
-236.847
-246.723
-255.933
-264.446
-272.233
-279.268
-285.526
-290.986
-295.631
-299.442
-302.41
-304.524
-305.77
-306.15
-305.666
-304.314
-302.101
-299.032
-295.119
-290.375
-284.816
-278.461
-271.33
-263.448
-254.842
-245.539
-235.57
-224.968
-213.769
-202.01
-189.728
-176.965
-163.762
-150.162
-136.208
-121.947
-107.425
-92.6875
-77.7824
-62.7572
-47.6599
-32.5383
-17.4404
-2.41369
12.4946
27.238
41.7701
56.0458
70.0208
83.6521
96.8978
109.717
122.071
133.922
145.234
155.972
166.105
175.602
184.435
192.578
200.005
206.696
212.632
217.794
222.17
225.744
228.509
230.454
231.579
231.883
231.362
230.018
227.858
224.889
221.122
216.569
211.246
205.17
198.36
190.84
182.634
173.767
164.268
154.168
143.5
132.297
120.597
108.435
95.8516
82.8857
69.5783
55.9751
42.1216
28.0608
13.8377
-0.501995
-14.9119
-29.3455
-43.7561
-58.0968
-72.3213
-86.3833
-100.237
-113.838
-127.141
-140.102
-152.681
-164.835
-176.524
-187.711
-198.36
-208.434
-217.901
-226.729
-234.89
-242.358
-249.107
-255.114
-260.36
-264.829
-268.504
-271.374
-273.431
-274.665
-275.07
-274.648
-273.401
-271.331
-268.445
-264.751
-260.262
-254.991
-248.955
-242.174
-234.67
-226.464
-217.585
-208.061
-197.919
-187.195
-175.92
-164.131
-151.865
-139.16
-126.056
-112.593
-98.8147
-84.7623
-70.4803
-56.0127
-41.404
-26.6991
-11.9432
2.81851
17.5412
32.1799
46.6902
61.0284
75.1509
89.0155
102.581
115.805
128.651
141.079
153.053
164.536
175.497
185.901
195.719
204.923
213.484
221.38
228.586
235.083
240.851
245.875
250.14
253.636
256.351
258.278
259.413
259.755
259.303
258.056
256.022
253.207
249.619
245.272
240.177
234.352
227.815
220.586
212.688
204.145
194.983
185.232
174.921
164.082
152.75
140.958
128.743
116.14
103.194
89.9485
76.4398
62.7103
48.8033
34.7622
20.6313
6.45495
-7.7222
-21.8555
-35.9003
-49.8125
-63.5479
-77.0634
-90.3161
-103.264
-115.867
-128.085
-139.878
-151.211
-162.047
-172.352
-182.095
-191.245
-199.773
-207.654
-214.862
-221.377
-227.178
-232.248
-236.576
-240.146
-242.944
-244.969
-246.218
-246.685
-246.373
-245.284
-243.423
-240.802
-237.429
-233.319
-228.487
-222.952
-216.735
-209.858
-202.348
-194.23
-185.534
-176.292
-166.536
-156.301
-145.624
-134.541
-123.093
-111.319
-99.261
-86.9608
-74.462
-61.8085
-49.045
-36.2163
-23.368
-10.5457
2.20518
14.8389
27.31
39.5736
51.585
63.3002
74.6758
85.6693
96.2391
106.345
115.947
125.008
133.491
141.361
148.584
155.129
160.966
166.068
170.407
173.962
176.709
178.63
179.708
179.927
179.276
177.748
175.333
172.025
167.825
162.733
156.751
149.887
142.149
133.547
124.097
113.813
102.715
90.8233
78.1626
64.758
50.6377
35.8316
20.3719
4.29212
-12.3722
-29.5841
-47.3068
-65.4978
-84.114
-103.116
-122.462
-142.108
-162.01
-182.124
-202.407
-222.815
-243.304
-263.831
-284.353
-304.83
-325.221
-345.487
-365.59
-385.492
-405.161
-424.563
-443.666
-462.443
-480.866
-498.911
-516.555
-533.78
-550.566
-566.897
-582.761
-598.149
-613.047
-627.446
-641.331
-654.689
-667.503
-679.759
-691.447
-702.556
-713.076
-722.995
-732.304
-740.993
-749.051
-756.473
-763.251
-769.381
-774.862
-779.693
-783.877
-787.42
-790.33
-792.618
-794.298
-795.386
-795.899
-795.859
-795.285
-794.198
-792.621
-790.576
-788.087
-785.173
-781.858
-778.161
-774.107
-769.714
-765.004
-759.996
-754.711
-749.168
-743.387
-737.385
-731.182
-724.796
-718.244
-711.543
-704.71
-697.762
-690.713
-683.581
-676.379
-669.121
-661.823
-654.496
-647.153
-639.808
-632.471
-625.155
-617.869
-610.625
-603.431
-596.297
-589.233
-582.248
-575.349
-568.544
-561.841
-555.247
-548.769
-542.413
-536.188
-530.097
-524.148
-518.347
-512.698
-507.209
-501.884
-496.728
-491.749
-486.95
-482.338
-477.918
-473.695
-469.676
-465.867
-462.275
-458.906
-455.767
-452.866
-450.213
-447.817
-445.686
-443.835
-442.275
-441.025
-440.102
-439.531
225.853
225.853
233.442
240.262
246.282
251.487
255.858
259.381
262.044
263.839
264.756
264.79
263.952
262.257
259.693
256.261
251.966
246.816
240.819
233.986
226.329
217.859
208.588
198.522
187.666
176.017
163.558
150.256
136.035
120.773
104.905
87.4571
68.3169
49.0403
30.1436
11.7586
-6.36066
-24.2865
-42.0458
-59.6394
-77.052
-94.2577
-111.224
-127.912
-144.283
-160.293
-175.899
-191.056
-205.721
-219.849
-233.397
-246.323
-258.588
-270.151
-280.976
-291.029
-300.276
-308.687
-316.233
-322.891
-328.637
-333.45
-337.318
-340.255
-342.27
-343.287
-343.275
-342.285
-340.329
-337.413
-333.55
-328.755
-323.046
-316.449
-308.986
-300.687
-291.583
-281.709
-271.102
-259.801
-247.848
-235.286
-222.162
-208.524
-194.423
-179.91
-165.038
-149.862
-134.434
-118.811
-103.047
-87.1933
-71.3041
-55.4308
-39.625
-23.9378
-8.42253
6.87407
21.9068
36.6254
50.9832
64.9356
78.4391
91.452
103.934
115.848
127.157
137.825
147.822
157.118
165.685
173.496
180.53
186.767
192.187
196.776
200.521
203.411
205.44
206.603
206.897
206.325
204.888
202.593
199.447
195.465
190.659
185.045
178.644
171.477
163.568
154.944
145.635
135.669
125.083
113.91
102.188
89.956
77.2544
64.1242
50.6056
36.7302
22.5609
8.16616
-6.41759
-21.148
-35.9764
-50.8535
-65.7293
-80.5536
-95.2763
-109.848
-124.219
-138.341
-152.166
-165.647
-178.738
-191.395
-203.575
-215.237
-226.34
-236.847
-246.723
-255.933
-264.446
-272.233
-279.268
-285.526
-290.986
-295.631
-299.442
-302.41
-304.524
-305.77
-306.15
-305.666
-304.314
-302.101
-299.032
-295.119
-290.375
-284.816
-278.461
-271.33
-263.448
-254.842
-245.539
-235.57
-224.968
-213.769
-202.01
-189.728
-176.965
-163.762
-150.162
-136.208
-121.947
-107.425
-92.6875
-77.7824
-62.7572
-47.6599
-32.5383
-17.4404
-2.41369
12.4946
27.238
41.7701
56.0458
70.0208
83.6521
96.8978
109.717
122.071
133.922
145.234
155.972
166.105
175.602
184.435
192.578
200.005
206.696
212.632
217.794
222.17
225.744
228.509
230.454
231.579
231.883
231.362
230.018
227.858
224.889
221.122
216.569
211.246
205.17
198.36
190.84
182.634
173.767
164.268
154.168
143.5
132.297
120.597
108.435
95.8516
82.8857
69.5783
55.9751
42.1216
28.0608
13.8377
-0.501995
-14.9119
-29.3455
-43.7561
-58.0968
-72.3213
-86.3833
-100.237
-113.838
-127.141
-140.102
-152.681
-164.835
-176.524
-187.711
-198.36
-208.434
-217.901
-226.729
-234.89
-242.358
-249.107
-255.114
-260.36
-264.829
-268.504
-271.374
-273.431
-274.665
-275.07
-274.648
-273.401
-271.331
-268.445
-264.751
-260.262
-254.991
-248.955
-242.174
-234.67
-226.464
-217.585
-208.061
-197.919
-187.195
-175.92
-164.131
-151.865
-139.16
-126.056
-112.593
-98.8147
-84.7623
-70.4803
-56.0127
-41.404
-26.6991
-11.9432
2.81851
17.5412
32.1799
46.6902
61.0284
75.1509
89.0155
102.581
115.805
128.651
141.079
153.053
164.536
175.497
185.901
195.719
204.923
213.484
221.38
228.586
235.083
240.851
245.875
250.14
253.636
256.351
258.278
259.413
259.755
259.303
258.056
256.022
253.207
249.619
245.272
240.177
234.352
227.815
220.586
212.688
204.145
194.983
185.232
174.921
164.082
152.75
140.958
128.743
116.14
103.194
89.9485
76.4398
62.7103
48.8033
34.7622
20.6313
6.45495
-7.7222
-21.8555
-35.9003
-49.8125
-63.5479
-77.0634
-90.3161
-103.264
-115.867
-128.085
-139.878
-151.211
-162.047
-172.352
-182.095
-191.245
-199.773
-207.654
-214.862
-221.377
-227.178
-232.248
-236.576
-240.146
-242.944
-244.969
-246.218
-246.685
-246.373
-245.284
-243.423
-240.802
-237.429
-233.319
-228.487
-222.952
-216.735
-209.858
-202.348
-194.23
-185.534
-176.292
-166.536
-156.301
-145.624
-134.541
-123.093
-111.319
-99.261
-86.9608
-74.462
-61.8085
-49.045
-36.2163
-23.368
-10.5457
2.20518
14.8389
27.31
39.5736
51.585
63.3002
74.6758
85.6693
96.2391
106.345
115.947
125.008
133.491
141.361
148.584
155.129
160.966
166.068
170.407
173.962
176.709
178.63
179.708
179.927
179.276
177.748
175.333
172.025
167.825
162.733
156.751
149.887
142.149
133.547
124.097
113.813
102.715
90.8233
78.1626
64.758
50.6377
35.8316
20.3719
4.29212
-12.3722
-29.5841
-47.3068
-65.4978
-84.114
-103.116
-122.462
-142.108
-162.01
-182.124
-202.407
-222.815
-243.304
-263.831
-284.353
-304.83
-325.221
-345.487
-365.59
-385.492
-405.161
-424.563
-443.666
-462.443
-480.866
-498.911
-516.555
-533.78
-550.566
-566.897
-582.761
-598.149
-613.047
-627.446
-641.331
-654.689
-667.503
-679.759
-691.447
-702.556
-713.076
-722.995
-732.304
-740.993
-749.051
-756.473
-763.251
-769.381
-774.862
-779.693
-783.877
-787.42
-790.33
-792.618
-794.298
-795.386
-795.899
-795.859
-795.285
-794.198
-792.621
-790.576
-788.087
-785.173
-781.858
-778.161
-774.107
-769.714
-765.004
-759.996
-754.711
-749.168
-743.387
-737.385
-731.182
-724.796
-718.244
-711.543
-704.71
-697.762
-690.713
-683.581
-676.379
-669.121
-661.823
-654.496
-647.153
-639.808
-632.471
-625.155
-617.869
-610.625
-603.431
-596.297
-589.233
-582.248
-575.349
-568.544
-561.841
-555.247
-548.769
-542.413
-536.188
-530.097
-524.148
-518.347
-512.698
-507.209
-501.884
-496.728
-491.749
-486.95
-482.338
-477.918
-473.695
-469.676
-465.867
-462.275
-458.906
-455.767
-452.866
-450.213
-447.817
-445.686
-443.835
-442.275
-441.025
-440.102
-439.531
-439.336
)
