FoamFile
{
    version     2.0;
    format      ascii;
    class       scalarAverageField;
    object      values;
}
// **********************************************************************//
0.0

728
(
-8893.5
-8894.32
-8895.24
-8896.05
-8896.74
-8897.22
-8897.48
-8897.48
-8897.22
-8896.74
-8896.05
-8895.24
-8894.32
-8893.5
-9467.58
-9466.79
-9465.67
-9462.94
-9460.25
-9461.19
-9462.53
-9462.53
-9461.19
-9460.25
-9462.94
-9465.67
-9466.79
-9467.58
-17645.9
-17689.9
-17758.7
-17807.7
-17848.8
-17894.7
-17920
-17920
-17894.7
-17848.8
-17807.7
-17758.7
-17689.9
-17645.9
-447.582
-478.015
-524.274
-576.631
-621.691
-656.657
-677.398
-677.398
-656.657
-621.691
-576.631
-524.274
-478.015
-447.582
33.9385
39.7759
48.1378
54.6096
59.2139
61.458
61.8125
61.8125
61.458
59.2139
54.6096
48.1378
39.7759
33.9385
5.97819
-46.5868
-63.291
-66.8332
-64.6772
-60.3603
-57.0237
-57.0237
-60.3603
-64.6772
-66.8332
-63.291
-46.5868
5.97819
16.5576
6.77694
2.67764
1.08635
0.424879
0.172565
0.0779986
0.0570048
0.0879925
0.194667
0.489272
1.17447
2.97618
6.98345
36.9544
16.0389
6.34737
2.45015
0.90418
0.322457
0.122431
0.0923195
0.196197
0.54463
1.53802
4.05885
10.4242
28.4053
16.4013
20.7526
26.4364
32.2164
37.7498
42.2312
44.7909
44.7909
42.2312
37.7498
32.2164
26.4364
20.7526
16.4013
45.4425
36.4805
37.3882
39.0413
40.8499
42.2754
43.0987
43.0987
42.2754
40.8499
39.0413
37.3882
36.4805
45.4425
6.98345
2.97618
1.17447
0.489272
0.194667
0.0879925
0.0570049
0.0779987
0.172565
0.42488
1.08635
2.67764
6.77694
16.5576
28.4053
10.4242
4.05885
1.53802
0.54463
0.196197
0.0923195
0.122431
0.322458
0.904181
2.45015
6.34738
16.0389
36.9544
0.0983418
0.108056
0.117285
0.125514
0.132235
0.137001
0.139474
0.139474
0.137001
0.132235
0.125514
0.117285
0.108055
0.0983416
0.154835
0.1791
0.202896
0.224704
0.242935
0.256092
0.262997
0.262997
0.256092
0.242934
0.224704
0.202895
0.1791
0.154835
0.270249
0.328048
0.386433
0.441453
0.488602
0.523309
0.541758
0.541758
0.523309
0.488602
0.441453
0.386433
0.328047
0.270249
0.497398
0.629273
0.76582
0.898038
1.01437
1.10189
1.14908
1.14908
1.10189
1.01437
0.898037
0.76582
0.629272
0.497397
0.952821
1.24541
1.55583
1.86508
2.14519
2.36097
2.47903
2.47903
2.36097
2.14519
1.86508
1.55583
1.24541
0.95282
1.91261
2.54643
3.24251
3.9571
4.62556
5.15408
5.44763
5.44763
5.15408
4.62556
3.9571
3.24251
2.54643
1.91261
4.0333
5.37188
6.94563
8.60587
10.2097
11.5102
12.2419
12.2419
11.5102
10.2097
8.60587
6.94563
5.37188
4.0333
9.16109
11.6735
15.3695
19.4595
23.6553
27.2199
29.2619
29.2619
27.2199
23.6553
19.4595
15.3695
11.6735
9.16109
4.9248
2.49768
1.286
0.68265
0.376433
0.216255
0.131431
0.0886299
2.51653
1.43231
0.808632
0.463864
0.274334
0.168797
0.109979
0.0793408
1.23092
0.776249
0.483529
0.302823
0.194239
0.129402
0.0912381
0.0708023
0.593115
0.408562
0.280415
0.192669
0.135176
0.0983747
0.0755966
0.0632679
0.280294
0.210555
0.160184
0.121416
0.0939116
0.0751703
0.0631327
0.0569095
0.136354
0.11093
0.0934068
0.0782865
0.0669425
0.0589182
0.0537917
0.0518269
0.07372
0.0648173
0.0599328
0.0549375
0.0512216
0.0487272
0.047439
0.0480645
0.0570168
0.0510386
0.0487372
0.0462225
0.0446223
0.0438392
0.0439556
0.0456205
0.0753957
0.0626167
0.0557088
0.049948
0.0460959
0.0438926
0.0431636
0.0444629
0.136999
0.104079
0.0827745
0.0666457
0.0556313
0.0486687
0.0449539
0.0445453
0.279137
0.194207
0.13799
0.099393
0.0741404
0.0582988
0.0492171
0.0457766
0.562995
0.364195
0.235223
0.153328
0.103166
0.0730223
0.0558381
0.0480567
1.16219
0.676895
0.396167
0.235219
0.144499
0.0930452
0.0646708
0.0512459
2.23247
1.19075
0.639578
0.350281
0.199123
0.118218
0.0754399
0.0551634
0.0595818
0.0642296
0.0688018
0.0729782
0.0764465
0.0789325
0.0802308
0.0802308
0.0789325
0.0764464
0.072978
0.0688016
0.0642293
0.0595815
0.0876895
0.100764
0.113851
0.126019
0.13629
0.14375
0.147678
0.147678
0.14375
0.13629
0.126019
0.113851
0.100764
0.0876892
0.147783
0.180235
0.213611
0.24544
0.272919
0.293235
0.304058
0.304058
0.293235
0.272919
0.24544
0.21361
0.180235
0.147783
0.266159
0.34167
0.421486
0.499672
0.568853
0.621038
0.649211
0.649211
0.621038
0.568853
0.499672
0.421486
0.34167
0.266159
0.499036
0.669028
0.853589
1.03925
1.20776
1.33754
1.40856
1.40856
1.33754
1.20776
1.03925
0.853589
0.669027
0.499036
0.981085
1.36064
1.78426
2.22114
2.62808
2.94849
3.12646
3.12646
2.94849
2.62808
2.22114
1.78426
1.36064
0.981085
1.99069
2.82949
3.80395
4.83452
5.82006
6.61252
7.05883
7.05883
6.61252
5.82006
4.83452
3.80395
2.82949
1.99069
4.25985
6.06381
8.308
10.7404
13.1334
15.1007
16.2237
16.2237
15.1007
13.1334
10.7404
8.308
6.06381
4.25985
0.0551631
0.0754396
0.118218
0.199123
0.350281
0.639578
1.19075
2.23247
0.0512456
0.0646705
0.093045
0.144499
0.235219
0.396167
0.676895
1.16219
0.0480563
0.0558378
0.0730221
0.103166
0.153328
0.235223
0.364195
0.562995
0.0457762
0.0492168
0.0582986
0.0741403
0.0993929
0.13799
0.194207
0.279137
0.0445449
0.0449536
0.0486685
0.0556312
0.0666457
0.0827745
0.104079
0.136999
0.0444625
0.0431632
0.0438924
0.0460958
0.049948
0.0557088
0.0626167
0.0753957
0.04562
0.0439552
0.043839
0.0446222
0.0462225
0.0487373
0.0510386
0.0570168
0.048064
0.0474386
0.048727
0.0512215
0.0549375
0.0599328
0.0648173
0.0737201
0.0518265
0.0537914
0.058918
0.0669424
0.0782865
0.0934069
0.11093
0.136354
0.056909
0.0631323
0.0751702
0.0939116
0.121416
0.160184
0.210556
0.280295
0.0632675
0.0755962
0.0983745
0.135176
0.192669
0.280416
0.408563
0.593115
0.0708019
0.0912378
0.129401
0.194239
0.302823
0.48353
0.77625
1.23092
0.0793405
0.109978
0.168797
0.274334
0.463865
0.808632
1.43231
2.51653
0.0886296
0.131431
0.216255
0.376433
0.68265
1.286
2.49768
4.9248
80.436
79.3132
76.3506
73.5425
70.8955
68.7683
67.5345
67.5345
68.7683
70.8955
73.5425
76.3506
79.3132
80.436
-6111.58
-9121.52
-12468.9
-8586.53
-4256.54
-1405.19
-512.873
-6110.47
-9123.67
-12469.8
-8586.68
-4256.57
-1405.19
-512.874
-6110.43
-9125.2
-12470.5
-8586.79
-4256.6
-1405.2
-512.876
-6110
-9126.36
-12471.1
-8586.88
-4256.63
-1405.2
-512.878
-6109.99
-9127.11
-12471.6
-8586.93
-4256.66
-1405.21
-512.88
-6110.25
-9127.53
-12471.9
-8586.95
-4256.67
-1405.21
-512.881
-6110.52
-9127.71
-12472.1
-8586.96
-4256.68
-1405.21
-512.881
-6110.52
-9127.71
-12472.1
-8586.96
-4256.68
-1405.21
-512.881
-6110.25
-9127.53
-12471.9
-8586.95
-4256.67
-1405.21
-512.881
-6109.99
-9127.11
-12471.6
-8586.93
-4256.66
-1405.21
-512.88
-6110
-9126.36
-12471.1
-8586.88
-4256.63
-1405.2
-512.878
-6110.43
-9125.2
-12470.5
-8586.79
-4256.6
-1405.2
-512.876
-6110.47
-9123.67
-12469.8
-8586.68
-4256.57
-1405.19
-512.874
-6111.58
-9121.52
-12468.9
-8586.53
-4256.54
-1405.19
-512.873
)
