FoamFile
{
    version     2.0;
    format      ascii;
    class       scalarAverageField;
    object      values;
}
// **********************************************************************//
0.0

1202
(
-146.768
-154.198
-146.768
-131.822
-116.711
-101.472
-86.1583
-70.8233
-55.5207
-40.3049
-25.2308
-10.3543
4.27143
18.568
32.5358
46.1704
59.3884
72.1389
84.3751
96.053
107.132
117.574
127.344
136.41
144.742
152.314
159.1
165.08
170.234
174.547
178.003
180.593
182.308
183.14
183.16
182.392
180.778
178.309
174.988
170.82
165.811
159.972
153.314
145.851
137.599
128.579
118.81
108.319
97.1328
85.2842
72.8102
59.77
46.3465
32.5677
15.4512
-2.69935
-18.7468
-34.7673
-50.8188
-66.9103
-83.0168
-99.0981
-115.107
-130.996
-146.716
-162.214
-177.44
-192.345
-206.878
-220.992
-234.639
-247.772
-260.346
-272.32
-283.653
-294.304
-304.238
-313.423
-321.827
-329.421
-336.18
-342.082
-347.104
-351.231
-354.454
-356.763
-358.135
-358.536
-357.962
-356.444
-353.997
-350.639
-346.389
-341.265
-335.287
-328.476
-320.856
-312.45
-303.287
-293.396
-282.809
-271.562
-259.69
-247.232
-234.23
-220.726
-206.764
-192.388
-177.647
-162.588
-147.26
-131.712
-115.995
-100.159
-84.2542
-68.3321
-52.4431
-36.6377
-20.9657
-5.47661
9.78069
24.7586
39.4103
53.6905
67.5547
80.9601
93.8655
106.231
118.019
129.195
139.722
149.57
158.709
167.111
174.752
181.608
187.659
192.888
197.279
200.819
203.498
205.307
206.243
206.307
205.496
203.813
201.264
197.86
193.611
188.53
182.635
175.944
168.48
160.267
151.329
141.698
131.403
120.477
108.956
96.8775
84.2787
71.2008
57.6858
43.777
29.5161
14.9527
0.137915
-14.8829
-30.0621
-45.3508
-60.699
-76.057
-91.3747
-106.602
-121.69
-136.588
-151.248
-165.622
-179.662
-193.325
-206.563
-219.334
-231.596
-243.31
-254.435
-264.937
-274.78
-283.934
-292.368
-300.054
-306.968
-313.088
-318.393
-322.866
-326.495
-329.271
-331.175
-332.209
-332.376
-331.669
-330.091
-327.65
-324.354
-320.216
-315.249
-309.471
-302.9
-295.561
-287.477
-278.676
-269.188
-259.042
-248.274
-236.919
-225.014
-212.598
-199.711
-186.396
-172.696
-158.654
-144.317
-129.731
-114.941
-99.9952
-84.9415
-69.8274
-54.701
-39.61
-24.6022
-9.72494
4.97506
19.4516
33.6591
47.5533
61.0905
74.2282
86.9252
99.1417
110.84
121.983
132.535
142.463
151.736
160.325
168.202
175.341
181.721
187.321
192.12
196.103
199.257
201.57
203.034
203.644
203.396
202.287
200.319
197.497
193.827
189.318
183.983
177.836
170.893
163.174
154.7
145.495
135.585
124.999
113.768
101.923
89.4994
76.5334
63.0629
49.1263
34.7653
20.0252
4.94938
-10.4185
-26.0326
-41.8463
-57.8122
-73.8826
-90.009
-106.143
-122.236
-138.24
-154.106
-169.786
-185.234
-200.403
-215.247
-229.72
-243.781
-257.387
-270.496
-283.069
-295.069
-306.462
-317.211
-327.286
-336.659
-345.3
-353.186
-360.293
-366.601
-372.096
-376.761
-380.58
-383.546
-385.656
-386.904
-387.288
-386.81
-385.474
-383.287
-380.26
-376.404
-371.736
-366.272
-360.034
-353.044
-345.328
-336.912
-327.827
-318.106
-307.78
-296.887
-285.465
-273.552
-261.191
-248.422
-235.29
-221.84
-208.117
-194.168
-180.043
-165.786
-151.448
-137.078
-122.723
-108.433
-94.2565
-80.2418
-66.4365
-52.8881
-39.6425
-26.7451
-14.24
-2.17
9.42336
20.5002
31.0221
40.9528
50.2576
58.9042
66.862
74.1032
80.6019
86.3348
91.2812
95.4231
98.7449
101.234
102.88
103.676
103.617
102.703
100.936
98.318
94.8566
90.5624
85.4484
79.53
72.8256
65.3562
57.1454
48.2195
38.6072
28.3394
17.4495
5.97306
-6.05259
-18.5881
-31.5921
-45.0219
-58.8332
-72.9806
-87.4181
-102.096
-116.965
-131.975
-147.076
-162.219
-177.352
-192.426
-207.389
-222.19
-236.78
-251.11
-265.132
-278.796
-292.058
-304.873
-317.196
-328.985
-340.201
-350.805
-360.76
-370.033
-378.591
-386.405
-393.447
-399.695
-405.124
-409.717
-413.457
-416.33
-418.327
-419.439
-419.663
-418.998
-417.443
-415.001
-411.683
-407.501
-402.466
-396.594
-389.905
-382.421
-374.166
-365.168
-355.457
-345.064
-334.025
-322.376
-310.156
-297.405
-284.165
-270.482
-256.4
-241.966
-227.229
-212.236
-197.038
-181.686
-166.23
-150.721
-135.209
-119.748
-104.387
-89.1771
-74.1676
-59.4076
-44.944
-30.8223
-17.093
-3.80284
9.00836
21.2997
33.0318
44.1671
54.67
64.507
73.6469
82.0607
89.722
96.6066
102.693
107.963
112.399
115.989
118.721
120.587
121.581
121.701
120.946
119.321
116.829
113.48
109.283
104.252
98.4023
91.7518
84.3219
76.1334
67.2125
57.5889
47.2886
36.3421
24.7834
12.6469
-0.03136
-13.214
-26.8623
-40.9362
-55.3947
-70.1958
-85.2969
-100.655
-116.226
-131.965
-147.829
-163.773
-179.752
-195.723
-211.642
-227.466
-243.151
-258.661
-273.958
-289.009
-303.785
-318.264
-332.427
-346.259
-359.751
-372.894
-385.686
-398.123
-410.202
-421.925
-433.289
-444.297
-454.947
-465.242
-475.183
-484.767
-493.994
-502.859
-511.359
-519.487
-527.236
-534.598
-541.562
-548.12
-554.264
-559.984
-565.272
-570.119
-574.522
-578.491
-582.053
-585.258
-587.971
-590.131
-591.87
-593.204
-594.132
-594.659
-594.795
-594.551
-593.941
-592.978
-591.678
-590.059
-588.135
-585.92
-583.437
-580.701
-577.73
-574.541
-571.152
-567.582
-563.847
-559.964
-555.952
-551.825
-547.6
-543.294
-538.923
-534.499
-530.04
-525.558
-521.069
-516.584
-512.117
-507.68
-503.286
-498.945
-494.67
-490.471
-486.36
-482.345
-478.438
-474.649
-470.986
-467.459
-464.078
-460.852
-457.792
-454.905
-452.202
-449.693
-447.387
-445.297
-443.433
-441.809
-440.438
-439.335
-438.52
-438.015
-146.768
-146.768
-131.822
-116.711
-101.472
-86.1583
-70.8233
-55.5207
-40.3049
-25.2308
-10.3543
4.27143
18.568
32.5358
46.1704
59.3884
72.1389
84.3751
96.053
107.132
117.574
127.344
136.41
144.742
152.314
159.1
165.08
170.234
174.547
178.003
180.593
182.308
183.14
183.16
182.392
180.778
178.309
174.988
170.82
165.811
159.972
153.314
145.851
137.599
128.579
118.81
108.319
97.1328
85.2842
72.8102
59.77
46.3465
32.5677
15.4512
-2.69935
-18.7468
-34.7673
-50.8188
-66.9103
-83.0168
-99.0981
-115.107
-130.996
-146.716
-162.214
-177.44
-192.345
-206.878
-220.992
-234.639
-247.772
-260.346
-272.32
-283.653
-294.304
-304.238
-313.423
-321.827
-329.421
-336.18
-342.082
-347.104
-351.231
-354.454
-356.763
-358.135
-358.536
-357.962
-356.444
-353.997
-350.639
-346.389
-341.265
-335.287
-328.476
-320.856
-312.45
-303.287
-293.396
-282.809
-271.562
-259.69
-247.232
-234.23
-220.726
-206.764
-192.388
-177.647
-162.588
-147.26
-131.712
-115.995
-100.159
-84.2542
-68.3321
-52.4431
-36.6377
-20.9657
-5.47661
9.78069
24.7586
39.4103
53.6905
67.5547
80.9601
93.8655
106.231
118.019
129.195
139.722
149.57
158.709
167.111
174.752
181.608
187.659
192.888
197.279
200.819
203.498
205.307
206.243
206.307
205.496
203.813
201.264
197.86
193.611
188.53
182.635
175.944
168.48
160.267
151.329
141.698
131.403
120.477
108.956
96.8775
84.2787
71.2008
57.6858
43.777
29.5161
14.9527
0.137915
-14.8829
-30.0621
-45.3508
-60.699
-76.057
-91.3747
-106.602
-121.69
-136.588
-151.248
-165.622
-179.662
-193.325
-206.563
-219.334
-231.596
-243.31
-254.435
-264.937
-274.78
-283.934
-292.368
-300.054
-306.968
-313.088
-318.393
-322.866
-326.495
-329.271
-331.175
-332.209
-332.376
-331.669
-330.091
-327.65
-324.354
-320.216
-315.249
-309.471
-302.9
-295.561
-287.477
-278.676
-269.188
-259.042
-248.274
-236.919
-225.014
-212.598
-199.711
-186.396
-172.696
-158.654
-144.317
-129.731
-114.941
-99.9952
-84.9415
-69.8274
-54.701
-39.61
-24.6022
-9.72494
4.97506
19.4516
33.6591
47.5533
61.0905
74.2282
86.9252
99.1417
110.84
121.983
132.535
142.463
151.736
160.325
168.202
175.341
181.721
187.321
192.12
196.103
199.257
201.57
203.034
203.644
203.396
202.287
200.319
197.497
193.827
189.318
183.983
177.836
170.893
163.174
154.7
145.495
135.585
124.999
113.768
101.923
89.4994
76.5334
63.0629
49.1263
34.7653
20.0252
4.94938
-10.4185
-26.0326
-41.8463
-57.8122
-73.8826
-90.009
-106.143
-122.236
-138.24
-154.106
-169.786
-185.234
-200.403
-215.247
-229.72
-243.781
-257.387
-270.496
-283.069
-295.069
-306.462
-317.211
-327.286
-336.659
-345.3
-353.186
-360.293
-366.601
-372.096
-376.761
-380.58
-383.546
-385.656
-386.904
-387.288
-386.81
-385.474
-383.287
-380.26
-376.404
-371.736
-366.272
-360.034
-353.044
-345.328
-336.912
-327.827
-318.106
-307.78
-296.887
-285.465
-273.552
-261.191
-248.422
-235.29
-221.84
-208.117
-194.168
-180.043
-165.786
-151.448
-137.078
-122.723
-108.433
-94.2565
-80.2418
-66.4365
-52.8881
-39.6425
-26.7451
-14.24
-2.17
9.42336
20.5002
31.0221
40.9528
50.2576
58.9042
66.862
74.1032
80.6019
86.3348
91.2812
95.4231
98.7449
101.234
102.88
103.676
103.617
102.703
100.936
98.318
94.8566
90.5624
85.4484
79.53
72.8256
65.3562
57.1454
48.2195
38.6072
28.3394
17.4495
5.97306
-6.05259
-18.5881
-31.5921
-45.0219
-58.8332
-72.9806
-87.4181
-102.096
-116.965
-131.975
-147.076
-162.219
-177.352
-192.426
-207.389
-222.19
-236.78
-251.11
-265.132
-278.796
-292.058
-304.873
-317.196
-328.985
-340.201
-350.805
-360.76
-370.033
-378.591
-386.405
-393.447
-399.695
-405.124
-409.717
-413.457
-416.33
-418.327
-419.439
-419.663
-418.998
-417.443
-415.001
-411.683
-407.501
-402.466
-396.594
-389.905
-382.421
-374.166
-365.168
-355.457
-345.064
-334.025
-322.376
-310.156
-297.405
-284.165
-270.482
-256.4
-241.966
-227.229
-212.236
-197.038
-181.686
-166.23
-150.721
-135.209
-119.748
-104.387
-89.1771
-74.1676
-59.4076
-44.944
-30.8223
-17.093
-3.80284
9.00836
21.2997
33.0318
44.1671
54.67
64.507
73.6469
82.0607
89.722
96.6066
102.693
107.963
112.399
115.989
118.721
120.587
121.581
121.701
120.946
119.321
116.829
113.48
109.283
104.252
98.4023
91.7518
84.3219
76.1334
67.2125
57.5889
47.2886
36.3421
24.7834
12.6469
-0.03136
-13.214
-26.8623
-40.9362
-55.3947
-70.1958
-85.2969
-100.655
-116.226
-131.965
-147.829
-163.773
-179.752
-195.723
-211.642
-227.466
-243.151
-258.661
-273.958
-289.009
-303.785
-318.264
-332.427
-346.259
-359.751
-372.894
-385.686
-398.123
-410.202
-421.925
-433.289
-444.297
-454.947
-465.242
-475.183
-484.767
-493.994
-502.859
-511.359
-519.487
-527.236
-534.598
-541.562
-548.12
-554.264
-559.984
-565.272
-570.119
-574.522
-578.491
-582.053
-585.258
-587.971
-590.131
-591.87
-593.204
-594.132
-594.659
-594.795
-594.551
-593.941
-592.978
-591.678
-590.059
-588.135
-585.92
-583.437
-580.701
-577.73
-574.541
-571.152
-567.582
-563.847
-559.964
-555.952
-551.825
-547.6
-543.294
-538.923
-534.499
-530.04
-525.558
-521.069
-516.584
-512.117
-507.68
-503.286
-498.945
-494.67
-490.471
-486.36
-482.345
-478.438
-474.649
-470.986
-467.459
-464.078
-460.852
-457.792
-454.905
-452.202
-449.693
-447.387
-445.297
-443.433
-441.809
-440.438
-439.335
-438.52
-438.015
-437.843
)
