FoamFile
{
    version     2.0;
    format      ascii;
    class       scalarAverageField;
    object      values;
}
// **********************************************************************//
0.0

1202
(
-275.182
-280.152
-275.182
-264.916
-254.001
-242.459
-230.332
-217.666
-204.505
-190.892
-176.878
-162.509
-147.834
-132.9
-117.756
-102.452
-87.0397
-71.5704
-56.0988
-40.6795
-25.3655
-10.2066
4.75082
19.4572
33.5328
47.2306
60.8159
73.9225
86.5062
98.5309
109.961
120.761
130.895
140.332
149.041
156.996
164.17
170.54
176.087
180.793
184.643
187.625
189.728
190.946
191.269
190.722
189.327
187.069
183.941
179.951
175.105
169.417
162.903
155.582
147.478
138.615
129.027
118.746
107.809
96.2561
84.1353
71.4995
58.428
45.0442
31.303
15.9932
-0.114855
-15.6689
-31.2224
-46.8142
-62.4313
-78.0438
-93.6121
-109.091
-124.434
-139.592
-154.517
-169.159
-183.471
-197.404
-210.913
-223.953
-236.479
-248.448
-259.822
-270.56
-280.627
-289.988
-298.611
-306.468
-313.532
-319.779
-325.19
-329.747
-333.435
-336.247
-338.169
-339.189
-339.308
-338.529
-336.849
-334.276
-330.82
-326.49
-321.303
-315.276
-308.43
-300.79
-292.381
-283.234
-273.379
-262.851
-251.685
-239.922
-227.6
-214.762
-201.453
-187.717
-173.6
-159.151
-144.419
-129.454
-114.305
-99.0215
-83.6565
-68.2606
-52.8846
-37.5793
-22.3949
-7.3808
7.41335
21.9391
36.1496
49.9989
63.442
76.4356
88.9379
100.909
112.31
123.105
133.259
142.74
151.517
159.563
166.853
173.362
179.07
183.959
188.013
191.219
193.567
195.049
195.661
195.397
194.261
192.258
189.39
185.665
181.097
175.697
169.484
162.475
154.693
146.16
136.904
126.952
116.336
105.089
93.2449
80.8408
67.9156
54.5096
40.6643
26.4232
11.8303
-3.06971
-18.2344
-33.609
-49.1376
-64.7755
-80.4747
-96.1858
-111.859
-127.444
-142.891
-158.151
-173.175
-187.913
-202.32
-216.348
-229.952
-243.088
-255.714
-267.789
-279.275
-290.134
-300.331
-309.834
-318.611
-326.635
-333.88
-340.323
-345.945
-350.726
-354.652
-357.712
-359.897
-361.202
-361.62
-361.149
-359.799
-357.573
-354.478
-350.526
-345.731
-340.111
-333.685
-326.475
-318.506
-309.806
-300.405
-290.334
-279.627
-268.322
-256.455
-244.067
-231.198
-217.892
-204.194
-190.148
-175.801
-161.2
-146.395
-131.431
-116.359
-101.229
-86.0892
-70.9893
-55.9785
-41.1054
-26.4181
-11.9645
2.20892
16.0562
29.5328
42.5952
55.2011
67.31
78.8827
89.8818
100.272
110.019
119.092
127.461
135.099
141.981
148.083
153.387
157.873
161.528
164.338
166.293
167.385
167.611
166.966
165.453
163.078
159.843
155.756
150.831
145.082
138.525
131.178
123.063
114.206
104.631
94.3684
83.4481
71.9034
59.7692
47.0825
33.8816
20.2072
6.10104
-8.39371
-23.2324
-38.3699
-53.7582
-69.3482
-85.0922
-100.942
-116.848
-132.76
-148.629
-164.405
-180.039
-195.481
-210.683
-225.596
-240.173
-254.37
-268.14
-281.439
-294.226
-306.46
-318.101
-329.113
-339.46
-349.11
-358.031
-366.194
-373.574
-380.147
-385.89
-390.787
-394.821
-397.978
-400.25
-401.628
-402.111
-401.689
-400.367
-398.154
-395.053
-391.075
-386.23
-380.537
-374.013
-366.678
-358.556
-349.673
-340.057
-329.74
-318.754
-307.135
-294.921
-282.148
-268.86
-255.098
-240.905
-226.328
-211.413
-196.206
-180.756
-165.113
-149.325
-133.443
-117.515
-101.593
-85.7253
-69.9618
-54.3514
-38.9425
-23.7828
-8.9187
5.60759
19.749
33.4601
46.7029
59.4379
71.6274
83.2357
94.2294
104.577
114.249
123.218
131.461
138.956
145.682
151.624
156.766
161.098
164.611
167.298
169.157
170.188
170.392
169.772
168.339
166.104
163.078
159.274
154.713
149.415
143.402
136.699
129.333
121.333
112.731
103.559
93.8523
83.6472
72.9816
61.895
50.4276
38.6215
26.5193
14.1646
1.60128
-11.1261
-23.9703
-36.8845
-49.8239
-62.7427
-75.5951
-88.3356
-100.919
-113.301
-125.436
-137.283
-148.799
-159.942
-170.674
-180.955
-190.748
-200.017
-208.73
-216.854
-224.358
-231.216
-237.401
-242.89
-247.66
-251.694
-254.974
-257.487
-259.221
-260.167
-260.319
-259.673
-258.23
-255.99
-252.952
-249.128
-244.53
-239.167
-233.054
-226.208
-218.648
-210.396
-201.477
-191.916
-181.742
-170.986
-159.679
-147.856
-135.551
-122.802
-109.648
-96.127
-82.2804
-68.1498
-53.7773
-39.2058
-24.4788
-9.63964
5.26777
20.1995
35.1119
49.961
64.7025
79.2847
93.7274
107.941
121.837
135.437
148.696
161.576
174.042
186.062
197.604
208.639
219.14
229.082
238.442
247.198
255.332
262.826
269.666
275.841
281.34
286.157
290.285
293.724
296.471
298.531
299.908
300.608
300.643
300.023
298.763
296.879
294.391
291.319
287.686
283.516
278.842
273.689
268.086
262.067
255.667
248.921
241.865
234.538
226.98
219.229
211.326
203.305
195.202
187.044
178.849
170.632
162.401
154.166
145.934
137.707
129.493
121.293
113.109
104.944
96.7971
88.6689
80.5601
72.4717
64.4066
56.3691
48.3646
40.4015
32.4904
24.6438
16.876
9.20256
1.6398
-5.79534
-13.086
-20.2157
-27.1686
-33.9301
-40.4868
-46.8262
-52.9378
-58.8124
-64.4422
-69.8212
-74.9448
-79.8099
-84.4148
-88.7592
-92.844
-96.6711
-100.244
-103.567
-106.644
-109.482
-112.088
-114.468
-116.63
-118.582
-120.333
-121.891
-123.265
-124.464
-125.497
-126.375
-127.112
-127.728
-128.182
-128.497
-128.728
-128.855
-128.887
-128.832
-128.698
-128.493
-128.223
-127.896
-127.518
-127.097
-126.636
-126.145
-125.627
-125.09
-124.536
-123.972
-123.404
-122.835
-122.27
-121.713
-121.168
-120.64
-120.132
-119.649
-119.193
-118.768
-118.38
-118.028
-117.72
-117.457
-117.245
-117.088
-116.989
-275.182
-275.182
-264.916
-254.001
-242.459
-230.332
-217.666
-204.505
-190.892
-176.878
-162.509
-147.834
-132.9
-117.756
-102.452
-87.0397
-71.5704
-56.0988
-40.6795
-25.3655
-10.2066
4.75082
19.4572
33.5328
47.2306
60.8159
73.9225
86.5062
98.5309
109.961
120.761
130.895
140.332
149.041
156.996
164.17
170.54
176.087
180.793
184.643
187.625
189.728
190.946
191.269
190.722
189.327
187.069
183.941
179.951
175.105
169.417
162.903
155.582
147.478
138.615
129.027
118.746
107.809
96.2561
84.1353
71.4995
58.428
45.0442
31.303
15.9932
-0.114855
-15.6689
-31.2224
-46.8142
-62.4313
-78.0438
-93.6121
-109.091
-124.434
-139.592
-154.517
-169.159
-183.471
-197.404
-210.913
-223.953
-236.479
-248.448
-259.822
-270.56
-280.627
-289.988
-298.611
-306.468
-313.532
-319.779
-325.19
-329.747
-333.435
-336.247
-338.169
-339.189
-339.308
-338.529
-336.849
-334.276
-330.82
-326.49
-321.303
-315.276
-308.43
-300.79
-292.381
-283.234
-273.379
-262.851
-251.685
-239.922
-227.6
-214.762
-201.453
-187.717
-173.6
-159.151
-144.419
-129.454
-114.305
-99.0215
-83.6565
-68.2606
-52.8846
-37.5793
-22.3949
-7.3808
7.41335
21.9391
36.1496
49.9989
63.442
76.4356
88.9379
100.909
112.31
123.105
133.259
142.74
151.517
159.563
166.853
173.362
179.07
183.959
188.013
191.219
193.567
195.049
195.661
195.397
194.261
192.258
189.39
185.665
181.097
175.697
169.484
162.475
154.693
146.16
136.904
126.952
116.336
105.089
93.2449
80.8408
67.9156
54.5096
40.6643
26.4232
11.8303
-3.06971
-18.2344
-33.609
-49.1376
-64.7755
-80.4747
-96.1858
-111.859
-127.444
-142.891
-158.151
-173.175
-187.913
-202.32
-216.348
-229.952
-243.088
-255.714
-267.789
-279.275
-290.134
-300.331
-309.834
-318.611
-326.635
-333.88
-340.323
-345.945
-350.726
-354.652
-357.712
-359.897
-361.202
-361.62
-361.149
-359.799
-357.573
-354.478
-350.526
-345.731
-340.111
-333.685
-326.475
-318.506
-309.806
-300.405
-290.334
-279.627
-268.322
-256.455
-244.067
-231.198
-217.892
-204.194
-190.148
-175.801
-161.2
-146.395
-131.431
-116.359
-101.229
-86.0892
-70.9893
-55.9785
-41.1054
-26.4181
-11.9645
2.20892
16.0562
29.5328
42.5952
55.2011
67.31
78.8827
89.8818
100.272
110.019
119.092
127.461
135.099
141.981
148.083
153.387
157.873
161.528
164.338
166.293
167.385
167.611
166.966
165.453
163.078
159.843
155.756
150.831
145.082
138.525
131.178
123.063
114.206
104.631
94.3684
83.4481
71.9034
59.7692
47.0825
33.8816
20.2072
6.10104
-8.39371
-23.2324
-38.3699
-53.7582
-69.3482
-85.0922
-100.942
-116.848
-132.76
-148.629
-164.405
-180.039
-195.481
-210.683
-225.596
-240.173
-254.37
-268.14
-281.439
-294.226
-306.46
-318.101
-329.113
-339.46
-349.11
-358.031
-366.194
-373.574
-380.147
-385.89
-390.787
-394.821
-397.978
-400.25
-401.628
-402.111
-401.689
-400.367
-398.154
-395.053
-391.075
-386.23
-380.537
-374.013
-366.678
-358.556
-349.673
-340.057
-329.74
-318.754
-307.135
-294.921
-282.148
-268.86
-255.098
-240.905
-226.328
-211.413
-196.206
-180.756
-165.113
-149.325
-133.443
-117.515
-101.593
-85.7253
-69.9618
-54.3514
-38.9425
-23.7828
-8.9187
5.60759
19.749
33.4601
46.7029
59.4379
71.6274
83.2357
94.2294
104.577
114.249
123.218
131.461
138.956
145.682
151.624
156.766
161.098
164.611
167.298
169.157
170.188
170.392
169.772
168.339
166.104
163.078
159.274
154.713
149.415
143.402
136.699
129.333
121.333
112.731
103.559
93.8523
83.6472
72.9816
61.895
50.4276
38.6215
26.5193
14.1646
1.60128
-11.1261
-23.9703
-36.8845
-49.8239
-62.7427
-75.5951
-88.3356
-100.919
-113.301
-125.436
-137.283
-148.799
-159.942
-170.674
-180.955
-190.748
-200.017
-208.73
-216.854
-224.358
-231.216
-237.401
-242.89
-247.66
-251.694
-254.974
-257.487
-259.221
-260.167
-260.319
-259.673
-258.23
-255.99
-252.952
-249.128
-244.53
-239.167
-233.054
-226.208
-218.648
-210.396
-201.477
-191.916
-181.742
-170.986
-159.679
-147.856
-135.551
-122.802
-109.648
-96.127
-82.2804
-68.1498
-53.7773
-39.2058
-24.4788
-9.63964
5.26777
20.1995
35.1119
49.961
64.7025
79.2847
93.7274
107.941
121.837
135.437
148.696
161.576
174.042
186.062
197.604
208.639
219.14
229.082
238.442
247.198
255.332
262.826
269.666
275.841
281.34
286.157
290.285
293.724
296.471
298.531
299.908
300.608
300.643
300.023
298.763
296.879
294.391
291.319
287.686
283.516
278.842
273.689
268.086
262.067
255.667
248.921
241.865
234.538
226.98
219.229
211.326
203.305
195.202
187.044
178.849
170.632
162.401
154.166
145.934
137.707
129.493
121.293
113.109
104.944
96.7971
88.6689
80.5601
72.4717
64.4066
56.3691
48.3646
40.4015
32.4904
24.6438
16.876
9.20256
1.6398
-5.79534
-13.086
-20.2157
-27.1686
-33.9301
-40.4868
-46.8262
-52.9378
-58.8124
-64.4422
-69.8212
-74.9448
-79.8099
-84.4148
-88.7592
-92.844
-96.6711
-100.244
-103.567
-106.644
-109.482
-112.088
-114.468
-116.63
-118.582
-120.333
-121.891
-123.265
-124.464
-125.497
-126.375
-127.112
-127.728
-128.182
-128.497
-128.728
-128.855
-128.887
-128.832
-128.698
-128.493
-128.223
-127.896
-127.518
-127.097
-126.636
-126.145
-125.627
-125.09
-124.536
-123.972
-123.404
-122.835
-122.27
-121.713
-121.168
-120.64
-120.132
-119.649
-119.193
-118.768
-118.38
-118.028
-117.72
-117.457
-117.245
-117.088
-116.989
-116.956
)
