FoamFile
{
    version     2.0;
    format      ascii;
    class       scalarAverageField;
    object      values;
}
// **********************************************************************//
0.0

1202
(
-251.852
-247.68
-251.852
-259.81
-266.995
-273.385
-278.952
-283.677
-287.541
-290.529
-292.634
-293.842
-294.148
-293.562
-292.084
-289.714
-286.464
-282.343
-277.369
-271.558
-264.933
-257.518
-249.339
-240.428
-230.817
-220.539
-209.632
-198.133
-186.082
-173.522
-160.496
-147.047
-133.224
-119.076
-104.653
-90.0124
-75.2089
-60.3017
-45.352
-30.4242
-15.5857
-0.90684
13.5388
27.6942
41.5874
55.0236
67.6974
79.8895
91.894
103.587
114.857
125.635
135.863
145.492
154.48
162.791
170.392
177.253
183.347
188.651
193.144
196.809
199.629
201.591
202.687
202.906
202.236
200.702
198.328
195.111
191.053
186.163
180.456
173.947
166.656
158.606
149.822
140.331
130.162
119.349
107.921
95.9143
83.366
70.3122
56.7923
42.8466
28.5124
13.7071
-1.54345
-17.0175
-32.617
-48.3204
-64.0869
-79.8726
-95.6338
-111.325
-126.9
-142.311
-157.51
-172.444
-187.063
-201.317
-215.159
-228.542
-241.42
-253.749
-265.488
-276.596
-287.035
-296.771
-305.77
-314.001
-321.437
-328.052
-333.825
-338.734
-342.764
-345.904
-348.143
-349.467
-349.877
-349.376
-347.962
-345.64
-342.42
-338.312
-333.33
-327.494
-320.822
-313.337
-305.066
-296.035
-286.277
-275.824
-264.71
-252.974
-240.655
-227.792
-214.43
-200.611
-186.381
-171.788
-156.878
-141.7
-126.302
-110.735
-95.0481
-79.292
-63.5166
-47.7719
-32.1076
-16.5733
-1.21734
13.9121
28.7679
43.304
57.4755
71.2389
84.5518
97.3738
109.666
121.39
132.512
142.998
152.817
161.94
170.338
177.989
184.868
190.958
196.24
200.7
204.325
207.105
209.032
210.105
210.321
209.679
208.184
205.841
202.66
198.652
193.831
188.214
181.82
174.669
166.787
158.199
148.933
139.021
128.494
117.387
105.737
93.5817
80.9612
67.9167
54.4904
40.7266
26.6723
12.3735
-2.12361
-16.7713
-31.5213
-46.3249
-61.1333
-75.8975
-90.5688
-105.099
-119.439
-133.541
-147.359
-160.847
-173.961
-186.656
-198.89
-210.622
-221.815
-232.429
-242.43
-251.786
-260.464
-268.435
-275.674
-282.156
-287.86
-292.767
-296.861
-300.128
-302.559
-304.146
-304.878
-304.757
-303.787
-301.968
-299.306
-295.811
-291.493
-286.369
-280.452
-273.765
-266.328
-258.165
-249.304
-239.774
-229.604
-218.827
-207.48
-195.596
-183.215
-170.377
-157.123
-143.492
-129.529
-115.279
-100.786
-86.0953
-71.2524
-56.3037
-41.2958
-26.2751
-11.288
3.61946
18.4015
33.0129
47.409
61.5459
75.3808
88.8718
101.979
114.661
126.882
138.603
149.792
160.414
170.438
179.833
188.573
196.633
203.989
210.619
216.504
221.628
225.977
229.538
232.302
234.261
235.41
235.751
235.282
234.003
231.921
229.044
225.383
220.95
215.76
209.83
203.18
195.831
187.81
179.139
169.848
159.968
149.531
138.57
127.12
115.22
102.905
90.2162
77.1965
63.8909
50.3402
36.5885
22.6805
8.66147
-5.42273
-19.526
-33.602
-47.6045
-61.4874
-75.205
-88.7118
-101.963
-114.915
-127.525
-139.749
-151.55
-162.885
-173.719
-184.013
-193.734
-202.849
-211.328
-219.141
-226.263
-232.667
-238.335
-243.246
-247.382
-250.731
-253.283
-255.026
-255.948
-256.053
-255.341
-253.811
-251.468
-248.32
-244.375
-239.647
-234.151
-227.903
-220.925
-213.238
-204.868
-195.841
-186.186
-175.933
-165.116
-153.769
-141.928
-129.631
-116.916
-103.825
-90.3984
-76.678
-62.7074
-48.5306
-34.1918
-19.7359
-5.20802
9.34653
23.8826
38.355
52.719
66.9299
80.9439
94.7182
108.21
121.378
134.181
146.58
158.537
170.015
180.978
191.394
201.228
210.453
219.038
226.956
234.183
240.695
246.473
251.499
255.755
259.226
261.902
263.773
264.834
265.08
264.506
263.114
260.906
257.889
254.07
249.459
244.069
237.915
231.015
223.389
215.059
206.05
196.389
186.105
175.229
163.794
151.836
139.392
126.499
113.2
99.5387
85.5568
71.2988
56.8108
42.1399
27.3338
12.4411
-2.48907
-17.4072
-32.2634
-47.0079
-61.591
-75.9631
-90.0751
-103.879
-117.326
-130.37
-142.966
-155.068
-166.634
-177.623
-187.993
-197.709
-206.733
-215.032
-222.575
-229.331
-235.274
-240.383
-244.632
-247.998
-250.472
-252.039
-252.687
-252.409
-251.199
-249.055
-245.978
-241.971
-237.04
-231.195
-224.448
-216.812
-208.305
-198.945
-188.755
-177.76
-165.985
-153.46
-140.213
-126.279
-111.69
-96.4829
-80.6934
-64.3607
-47.5237
-30.223
-12.4997
5.60453
24.0475
42.7873
61.7749
80.9727
100.344
119.841
139.422
159.046
178.674
198.266
217.783
237.189
256.449
275.527
294.392
313.013
331.361
349.41
367.134
384.511
401.52
418.143
434.364
450.169
465.547
480.488
494.985
509.033
522.617
535.721
548.328
560.422
571.981
582.988
593.428
603.283
612.534
621.164
629.156
636.496
643.169
649.164
654.474
659.095
663.025
666.269
668.834
670.732
671.979
672.594
672.601
672.026
670.896
669.239
667.086
664.468
661.414
657.954
654.117
649.932
645.428
640.628
635.562
630.251
624.721
618.994
613.09
607.031
600.838
594.528
588.117
581.624
575.064
568.451
561.801
555.126
548.439
541.751
535.072
528.414
521.787
515.199
508.659
502.173
495.75
489.399
483.123
476.93
470.825
464.814
458.902
453.095
447.395
441.808
436.338
430.988
425.764
420.668
415.703
410.874
406.184
401.635
397.233
392.98
388.878
384.933
381.148
377.525
374.07
370.786
367.677
364.747
362.003
359.449
357.091
354.935
352.989
351.26
349.759
348.494
347.481
346.733
346.27
-251.852
-251.852
-259.81
-266.995
-273.385
-278.952
-283.677
-287.541
-290.529
-292.634
-293.842
-294.148
-293.562
-292.084
-289.714
-286.464
-282.343
-277.369
-271.558
-264.933
-257.518
-249.339
-240.428
-230.817
-220.539
-209.632
-198.133
-186.082
-173.522
-160.496
-147.047
-133.224
-119.076
-104.653
-90.0124
-75.2089
-60.3017
-45.352
-30.4242
-15.5857
-0.90684
13.5388
27.6942
41.5874
55.0236
67.6974
79.8895
91.894
103.587
114.857
125.635
135.863
145.492
154.48
162.791
170.392
177.253
183.347
188.651
193.144
196.809
199.629
201.591
202.687
202.906
202.236
200.702
198.328
195.111
191.053
186.163
180.456
173.947
166.656
158.606
149.822
140.331
130.162
119.349
107.921
95.9143
83.366
70.3122
56.7923
42.8466
28.5124
13.7071
-1.54345
-17.0175
-32.617
-48.3204
-64.0869
-79.8726
-95.6338
-111.325
-126.9
-142.311
-157.51
-172.444
-187.063
-201.317
-215.159
-228.542
-241.42
-253.749
-265.488
-276.596
-287.035
-296.771
-305.77
-314.001
-321.437
-328.052
-333.825
-338.734
-342.764
-345.904
-348.143
-349.467
-349.877
-349.376
-347.962
-345.64
-342.42
-338.312
-333.33
-327.494
-320.822
-313.337
-305.066
-296.035
-286.277
-275.824
-264.71
-252.974
-240.655
-227.792
-214.43
-200.611
-186.381
-171.788
-156.878
-141.7
-126.302
-110.735
-95.0481
-79.292
-63.5166
-47.7719
-32.1076
-16.5733
-1.21734
13.9121
28.7679
43.304
57.4755
71.2389
84.5518
97.3738
109.666
121.39
132.512
142.998
152.817
161.94
170.338
177.989
184.868
190.958
196.24
200.7
204.325
207.105
209.032
210.105
210.321
209.679
208.184
205.841
202.66
198.652
193.831
188.214
181.82
174.669
166.787
158.199
148.933
139.021
128.494
117.387
105.737
93.5817
80.9612
67.9167
54.4904
40.7266
26.6723
12.3735
-2.12361
-16.7713
-31.5213
-46.3249
-61.1333
-75.8975
-90.5688
-105.099
-119.439
-133.541
-147.359
-160.847
-173.961
-186.656
-198.89
-210.622
-221.815
-232.429
-242.43
-251.786
-260.464
-268.435
-275.674
-282.156
-287.86
-292.767
-296.861
-300.128
-302.559
-304.146
-304.878
-304.757
-303.787
-301.968
-299.306
-295.811
-291.493
-286.369
-280.452
-273.765
-266.328
-258.165
-249.304
-239.774
-229.604
-218.827
-207.48
-195.596
-183.215
-170.377
-157.123
-143.492
-129.529
-115.279
-100.786
-86.0953
-71.2524
-56.3037
-41.2958
-26.2751
-11.288
3.61946
18.4015
33.0129
47.409
61.5459
75.3808
88.8718
101.979
114.661
126.882
138.603
149.792
160.414
170.438
179.833
188.573
196.633
203.989
210.619
216.504
221.628
225.977
229.538
232.302
234.261
235.41
235.751
235.282
234.003
231.921
229.044
225.383
220.95
215.76
209.83
203.18
195.831
187.81
179.139
169.848
159.968
149.531
138.57
127.12
115.22
102.905
90.2162
77.1965
63.8909
50.3402
36.5885
22.6805
8.66147
-5.42273
-19.526
-33.602
-47.6045
-61.4874
-75.205
-88.7118
-101.963
-114.915
-127.525
-139.749
-151.55
-162.885
-173.719
-184.013
-193.734
-202.849
-211.328
-219.141
-226.263
-232.667
-238.335
-243.246
-247.382
-250.731
-253.283
-255.026
-255.948
-256.053
-255.341
-253.811
-251.468
-248.32
-244.375
-239.647
-234.151
-227.903
-220.925
-213.238
-204.868
-195.841
-186.186
-175.933
-165.116
-153.769
-141.928
-129.631
-116.916
-103.825
-90.3984
-76.678
-62.7074
-48.5306
-34.1918
-19.7359
-5.20802
9.34653
23.8826
38.355
52.719
66.9299
80.9439
94.7182
108.21
121.378
134.181
146.58
158.537
170.015
180.978
191.394
201.228
210.453
219.038
226.956
234.183
240.695
246.473
251.499
255.755
259.226
261.902
263.773
264.834
265.08
264.506
263.114
260.906
257.889
254.07
249.459
244.069
237.915
231.015
223.389
215.059
206.05
196.389
186.105
175.229
163.794
151.836
139.392
126.499
113.2
99.5387
85.5568
71.2988
56.8108
42.1399
27.3338
12.4411
-2.48907
-17.4072
-32.2634
-47.0079
-61.591
-75.9631
-90.0751
-103.879
-117.326
-130.37
-142.966
-155.068
-166.634
-177.623
-187.993
-197.709
-206.733
-215.032
-222.575
-229.331
-235.274
-240.383
-244.632
-247.998
-250.472
-252.039
-252.687
-252.409
-251.199
-249.055
-245.978
-241.971
-237.04
-231.195
-224.448
-216.812
-208.305
-198.945
-188.755
-177.76
-165.985
-153.46
-140.213
-126.279
-111.69
-96.4829
-80.6934
-64.3607
-47.5237
-30.223
-12.4997
5.60453
24.0475
42.7873
61.7749
80.9727
100.344
119.841
139.422
159.046
178.674
198.266
217.783
237.189
256.449
275.527
294.392
313.013
331.361
349.41
367.134
384.511
401.52
418.143
434.364
450.169
465.547
480.488
494.985
509.033
522.617
535.721
548.328
560.422
571.981
582.988
593.428
603.283
612.534
621.164
629.156
636.496
643.169
649.164
654.474
659.095
663.025
666.269
668.834
670.732
671.979
672.594
672.601
672.026
670.896
669.239
667.086
664.468
661.414
657.954
654.117
649.932
645.428
640.628
635.562
630.251
624.721
618.994
613.09
607.031
600.838
594.528
588.117
581.624
575.064
568.451
561.801
555.126
548.439
541.751
535.072
528.414
521.787
515.199
508.659
502.173
495.75
489.399
483.123
476.93
470.825
464.814
458.902
453.095
447.395
441.808
436.338
430.988
425.764
420.668
415.703
410.874
406.184
401.635
397.233
392.98
388.878
384.933
381.148
377.525
374.07
370.786
367.677
364.747
362.003
359.449
357.091
354.935
352.989
351.26
349.759
348.494
347.481
346.733
346.27
346.113
)
