FoamFile
{
    version     2.0;
    format      ascii;
    class       scalarAverageField;
    object      values;
}
// **********************************************************************//
0.0

1202
(
74.6579
81.8205
74.6579
60.1205
45.2304
30.1161
14.8655
-0.46203
-15.8073
-31.1092
-46.3092
-61.3525
-76.1888
-90.7692
-105.046
-118.971
-132.496
-145.577
-158.167
-170.224
-181.707
-192.574
-202.788
-212.315
-221.12
-229.173
-236.445
-242.912
-248.551
-253.342
-257.269
-260.32
-262.495
-263.788
-264.146
-263.556
-262.055
-259.66
-256.385
-252.245
-247.26
-241.452
-234.844
-227.467
-219.348
-210.522
-201.022
-190.887
-180.156
-168.87
-157.072
-144.805
-132.114
-119.047
-105.65
-91.9701
-78.0546
-63.951
-49.7073
-35.3698
-20.9856
-6.60055
7.7437
22.0101
36.1792
50.2618
64.1446
77.0825
89.4245
101.83
113.929
125.629
136.868
147.59
157.75
167.305
176.216
184.446
191.964
198.74
204.748
209.963
214.365
217.935
220.66
222.523
223.517
223.633
222.871
221.245
218.764
215.422
211.225
206.185
200.309
193.617
186.127
177.861
168.843
159.1
148.661
137.559
125.826
113.498
100.615
87.2162
73.3426
59.0378
44.3469
29.3155
13.9884
-1.58076
-17.3386
-33.2382
-49.2286
-65.2584
-81.2761
-97.2297
-113.067
-128.738
-144.189
-159.372
-174.235
-188.731
-202.812
-216.432
-229.546
-242.11
-254.084
-265.429
-276.107
-286.083
-295.326
-303.803
-311.49
-318.361
-324.394
-329.569
-333.871
-337.287
-339.808
-341.424
-342.129
-341.925
-340.816
-338.807
-335.902
-332.115
-327.459
-321.952
-315.611
-308.462
-300.527
-291.835
-282.415
-272.3
-261.524
-250.124
-238.138
-225.607
-212.571
-199.075
-185.164
-170.882
-156.278
-141.399
-126.293
-111.01
-95.5999
-80.1114
-64.5951
-49.1007
-33.6779
-18.3759
-3.24349
11.6715
26.3217
40.6608
54.6436
68.2265
81.3666
94.0229
106.156
117.728
128.703
139.046
148.726
157.713
165.98
173.499
180.249
186.208
191.358
195.683
199.171
201.809
203.588
204.506
204.56
203.748
202.072
199.536
196.151
191.925
186.871
181.006
174.347
166.914
158.73
149.821
140.214
129.939
119.026
107.511
95.4295
82.8174
69.715
56.163
42.2027
27.8782
13.2365
-1.67673
-16.8159
-32.1333
-47.581
-63.1102
-78.6721
-94.2176
-109.698
-125.064
-140.267
-155.259
-169.993
-184.423
-198.503
-212.188
-225.436
-238.204
-250.454
-262.147
-273.246
-283.716
-293.526
-302.644
-311.043
-318.697
-325.583
-331.682
-336.973
-341.442
-345.078
-347.87
-349.805
-350.885
-351.108
-350.474
-348.988
-346.654
-343.483
-339.488
-334.681
-329.081
-322.707
-315.581
-307.728
-299.174
-289.949
-280.082
-269.608
-258.562
-246.979
-234.898
-222.357
-209.4
-196.069
-182.405
-168.455
-154.262
-139.875
-125.338
-110.7
-96.0069
-81.307
-66.6476
-52.0762
-37.6399
-23.3857
-9.35967
4.39268
17.8266
30.8981
43.5645
55.7843
67.5172
78.7245
89.3688
99.4143
108.828
117.576
125.629
132.961
139.545
145.356
150.373
154.579
157.956
160.49
162.168
162.985
162.935
162.013
160.216
157.547
154.012
149.616
144.371
138.29
131.386
123.678
115.188
105.937
95.9522
85.2606
73.8926
61.8806
49.2594
36.0657
22.3381
8.1169
-6.5571
-21.6391
-37.0814
-52.8382
-68.8627
-85.1063
-101.52
-118.053
-134.654
-151.273
-167.859
-184.36
-200.724
-216.9
-232.839
-248.49
-263.805
-278.735
-293.234
-307.256
-320.757
-333.695
-346.029
-357.72
-368.732
-379.029
-388.58
-397.355
-405.327
-412.47
-418.762
-424.185
-428.721
-432.361
-435.091
-436.898
-437.783
-437.747
-436.788
-434.911
-432.123
-428.436
-423.862
-418.418
-412.123
-405
-397.072
-388.368
-378.916
-368.751
-357.905
-346.417
-334.324
-321.668
-308.492
-294.839
-280.755
-266.289
-251.486
-236.398
-221.075
-205.565
-189.923
-174.198
-158.444
-142.711
-127.05
-111.514
-96.1529
-81.0151
-66.1506
-51.6075
-37.4329
-23.6716
-10.3673
2.43806
14.7043
26.3934
37.469
47.8972
57.6465
66.6874
74.9935
82.5406
89.3071
95.2743
100.426
104.75
108.235
110.874
112.663
113.6
113.685
112.923
111.325
108.898
105.652
101.606
96.7764
91.1857
84.8564
77.8144
70.0881
61.7078
52.7064
43.1184
32.9804
22.3308
11.2099
-0.34078
-12.2787
-24.5603
-37.1421
-49.991
-63.0435
-76.2349
-89.5295
-102.881
-116.241
-129.561
-142.793
-155.888
-168.798
-181.475
-193.872
-205.944
-217.645
-228.933
-239.764
-250.098
-259.896
-269.12
-277.736
-285.709
-293.009
-299.605
-305.471
-310.583
-314.918
-318.457
-321.183
-323.082
-324.143
-324.357
-323.717
-322.221
-319.868
-316.661
-312.604
-307.707
-301.982
-295.434
-288.084
-279.955
-271.063
-261.432
-251.088
-240.059
-228.374
-216.066
-203.169
-189.717
-175.749
-161.303
-146.419
-131.139
-115.503
-99.5575
-83.3442
-66.9083
-50.2947
-33.5488
-16.7165
0.156615
17.0256
33.8454
50.5718
67.1615
83.573
99.7666
115.707
131.363
146.704
161.712
176.367
190.659
204.575
218.111
231.265
244.035
256.417
268.415
280.033
291.272
302.137
312.632
322.764
332.535
341.95
351.01
359.717
368.069
376.065
383.7
390.971
397.872
404.397
410.543
416.303
421.673
426.649
431.229
435.411
439.197
442.587
445.584
448.193
450.416
452.269
453.788
454.925
455.685
456.132
456.256
456.071
455.591
454.83
453.803
452.524
451.01
449.276
447.336
445.206
442.902
440.438
437.831
435.094
432.241
429.287
426.246
423.132
419.957
416.733
413.474
410.191
406.895
403.598
400.31
397.042
393.803
390.604
387.453
384.36
381.333
378.381
375.513
372.736
370.058
367.486
365.031
362.698
360.495
358.431
356.513
354.75
353.151
351.724
350.48
349.429
348.585
347.961
347.573
74.6579
74.6579
60.1205
45.2304
30.1161
14.8655
-0.46203
-15.8073
-31.1092
-46.3092
-61.3525
-76.1888
-90.7692
-105.046
-118.971
-132.496
-145.577
-158.167
-170.224
-181.707
-192.574
-202.788
-212.315
-221.12
-229.173
-236.445
-242.912
-248.551
-253.342
-257.269
-260.32
-262.495
-263.788
-264.146
-263.556
-262.055
-259.66
-256.385
-252.245
-247.26
-241.452
-234.844
-227.467
-219.348
-210.522
-201.022
-190.887
-180.156
-168.87
-157.072
-144.805
-132.114
-119.047
-105.65
-91.9701
-78.0546
-63.951
-49.7073
-35.3698
-20.9856
-6.60055
7.7437
22.0101
36.1792
50.2618
64.1446
77.0825
89.4245
101.83
113.929
125.629
136.868
147.59
157.75
167.305
176.216
184.446
191.964
198.74
204.748
209.963
214.365
217.935
220.66
222.523
223.517
223.633
222.871
221.245
218.764
215.422
211.225
206.185
200.309
193.617
186.127
177.861
168.843
159.1
148.661
137.559
125.826
113.498
100.615
87.2162
73.3426
59.0378
44.3469
29.3155
13.9884
-1.58076
-17.3386
-33.2382
-49.2286
-65.2584
-81.2761
-97.2297
-113.067
-128.738
-144.189
-159.372
-174.235
-188.731
-202.812
-216.432
-229.546
-242.11
-254.084
-265.429
-276.107
-286.083
-295.326
-303.803
-311.49
-318.361
-324.394
-329.569
-333.871
-337.287
-339.808
-341.424
-342.129
-341.925
-340.816
-338.807
-335.902
-332.115
-327.459
-321.952
-315.611
-308.462
-300.527
-291.835
-282.415
-272.3
-261.524
-250.124
-238.138
-225.607
-212.571
-199.075
-185.164
-170.882
-156.278
-141.399
-126.293
-111.01
-95.5999
-80.1114
-64.5951
-49.1007
-33.6779
-18.3759
-3.24349
11.6715
26.3217
40.6608
54.6436
68.2265
81.3666
94.0229
106.156
117.728
128.703
139.046
148.726
157.713
165.98
173.499
180.249
186.208
191.358
195.683
199.171
201.809
203.588
204.506
204.56
203.748
202.072
199.536
196.151
191.925
186.871
181.006
174.347
166.914
158.73
149.821
140.214
129.939
119.026
107.511
95.4295
82.8174
69.715
56.163
42.2027
27.8782
13.2365
-1.67673
-16.8159
-32.1333
-47.581
-63.1102
-78.6721
-94.2176
-109.698
-125.064
-140.267
-155.259
-169.993
-184.423
-198.503
-212.188
-225.436
-238.204
-250.454
-262.147
-273.246
-283.716
-293.526
-302.644
-311.043
-318.697
-325.583
-331.682
-336.973
-341.442
-345.078
-347.87
-349.805
-350.885
-351.108
-350.474
-348.988
-346.654
-343.483
-339.488
-334.681
-329.081
-322.707
-315.581
-307.728
-299.174
-289.949
-280.082
-269.608
-258.562
-246.979
-234.898
-222.357
-209.4
-196.069
-182.405
-168.455
-154.262
-139.875
-125.338
-110.7
-96.0069
-81.307
-66.6476
-52.0762
-37.6399
-23.3857
-9.35967
4.39268
17.8266
30.8981
43.5645
55.7843
67.5172
78.7245
89.3688
99.4143
108.828
117.576
125.629
132.961
139.545
145.356
150.373
154.579
157.956
160.49
162.168
162.985
162.935
162.013
160.216
157.547
154.012
149.616
144.371
138.29
131.386
123.678
115.188
105.937
95.9522
85.2606
73.8926
61.8806
49.2594
36.0657
22.3381
8.1169
-6.5571
-21.6391
-37.0814
-52.8382
-68.8627
-85.1063
-101.52
-118.053
-134.654
-151.273
-167.859
-184.36
-200.724
-216.9
-232.839
-248.49
-263.805
-278.735
-293.234
-307.256
-320.757
-333.695
-346.029
-357.72
-368.732
-379.029
-388.58
-397.355
-405.327
-412.47
-418.762
-424.185
-428.721
-432.361
-435.091
-436.898
-437.783
-437.747
-436.788
-434.911
-432.123
-428.436
-423.862
-418.418
-412.123
-405
-397.072
-388.368
-378.916
-368.751
-357.905
-346.417
-334.324
-321.668
-308.492
-294.839
-280.755
-266.289
-251.486
-236.398
-221.075
-205.565
-189.923
-174.198
-158.444
-142.711
-127.05
-111.514
-96.1529
-81.0151
-66.1506
-51.6075
-37.4329
-23.6716
-10.3673
2.43806
14.7043
26.3934
37.469
47.8972
57.6465
66.6874
74.9935
82.5406
89.3071
95.2743
100.426
104.75
108.235
110.874
112.663
113.6
113.685
112.923
111.325
108.898
105.652
101.606
96.7764
91.1857
84.8564
77.8144
70.0881
61.7078
52.7064
43.1184
32.9804
22.3308
11.2099
-0.34078
-12.2787
-24.5603
-37.1421
-49.991
-63.0435
-76.2349
-89.5295
-102.881
-116.241
-129.561
-142.793
-155.888
-168.798
-181.475
-193.872
-205.944
-217.645
-228.933
-239.764
-250.098
-259.896
-269.12
-277.736
-285.709
-293.009
-299.605
-305.471
-310.583
-314.918
-318.457
-321.183
-323.082
-324.143
-324.357
-323.717
-322.221
-319.868
-316.661
-312.604
-307.707
-301.982
-295.434
-288.084
-279.955
-271.063
-261.432
-251.088
-240.059
-228.374
-216.066
-203.169
-189.717
-175.749
-161.303
-146.419
-131.139
-115.503
-99.5575
-83.3442
-66.9083
-50.2947
-33.5488
-16.7165
0.156615
17.0256
33.8454
50.5718
67.1615
83.573
99.7666
115.707
131.363
146.704
161.712
176.367
190.659
204.575
218.111
231.265
244.035
256.417
268.415
280.033
291.272
302.137
312.632
322.764
332.535
341.95
351.01
359.717
368.069
376.065
383.7
390.971
397.872
404.397
410.543
416.303
421.673
426.649
431.229
435.411
439.197
442.587
445.584
448.193
450.416
452.269
453.788
454.925
455.685
456.132
456.256
456.071
455.591
454.83
453.803
452.524
451.01
449.276
447.336
445.206
442.902
440.438
437.831
435.094
432.241
429.287
426.246
423.132
419.957
416.733
413.474
410.191
406.895
403.598
400.31
397.042
393.803
390.604
387.453
384.36
381.333
378.381
375.513
372.736
370.058
367.486
365.031
362.698
360.495
358.431
356.513
354.75
353.151
351.724
350.48
349.429
348.585
347.961
347.573
347.442
)
