FoamFile
{
    version     2.0;
    format      ascii;
    class       scalarAverageField;
    object      values;
}
// **********************************************************************//
0.0

1202
(
-243.606
-239.437
-243.606
-251.554
-258.721
-265.086
-270.622
-275.308
-279.126
-282.064
-284.111
-285.254
-285.486
-284.82
-283.256
-280.793
-277.438
-273.207
-268.112
-262.171
-255.406
-247.839
-239.497
-230.41
-220.608
-210.128
-199.005
-187.279
-174.99
-162.183
-148.9
-135.19
-121.102
-106.685
-91.9921
-77.0773
-61.995
-46.8011
-31.5529
-16.3087
-1.12785
13.9299
28.806
43.452
57.8595
71.9012
85.3311
98.3247
111.085
123.481
135.429
146.87
157.757
168.046
177.697
186.676
194.95
202.492
209.276
215.278
220.476
224.855
228.398
231.095
232.935
233.91
234.017
233.262
231.654
229.193
225.887
221.746
216.785
211.017
204.465
197.147
189.089
180.316
170.855
160.736
149.993
138.658
126.773
114.38
101.533
88.2505
73.983
59.2665
44.7613
30.033
15.0977
0.011095
-15.1716
-30.3977
-45.6168
-60.781
-75.8432
-90.7558
-105.47
-119.935
-134.104
-147.926
-161.356
-174.348
-186.856
-198.839
-210.255
-221.065
-231.233
-240.723
-249.503
-257.544
-264.818
-271.3
-276.97
-281.807
-285.795
-288.923
-291.183
-292.56
-293.053
-292.668
-291.401
-289.26
-286.251
-282.389
-277.685
-272.159
-265.829
-258.72
-250.855
-242.263
-232.974
-223.022
-212.44
-201.266
-189.537
-177.296
-164.582
-151.44
-137.914
-124.05
-109.894
-95.4939
-80.8977
-66.1536
-51.3103
-36.4167
-21.5217
-6.67375
8.0789
22.6886
37.1081
51.2912
65.1927
78.7681
91.9745
104.77
117.115
128.97
140.298
151.064
161.235
170.779
179.666
187.871
195.367
202.132
208.146
213.391
217.851
221.513
224.367
226.404
227.619
228.008
227.574
226.318
224.244
221.358
217.671
213.196
207.948
201.944
195.204
187.75
179.606
170.798
161.355
151.308
140.69
129.534
117.878
105.758
93.215
80.2894
67.0242
53.4648
39.6299
25.5852
11.4018
-2.89778
-17.2673
-31.6583
-46.0228
-60.3133
-74.4826
-88.4835
-102.269
-115.795
-129.014
-141.884
-154.36
-166.401
-177.968
-189.021
-199.523
-209.438
-218.734
-227.379
-235.344
-242.602
-249.129
-254.902
-259.903
-264.113
-267.52
-270.111
-271.878
-272.816
-272.92
-272.185
-270.62
-268.229
-265.019
-261.001
-256.188
-250.595
-244.24
-237.145
-229.333
-220.83
-211.662
-201.861
-191.456
-180.483
-168.977
-156.974
-144.512
-131.633
-118.377
-104.785
-90.901
-76.7688
-62.4327
-47.9376
-33.3288
-18.6516
-3.95148
10.7262
25.3362
39.8338
54.1748
68.3156
82.2133
95.8261
109.113
122.035
134.554
146.631
158.231
169.321
179.869
189.844
199.216
207.959
216.049
223.464
230.181
236.182
241.452
245.977
249.744
252.745
254.971
256.421
257.087
256.972
256.082
254.416
251.982
248.791
244.854
240.183
234.796
228.711
221.947
214.525
206.471
197.81
188.569
178.779
168.471
157.676
146.429
134.766
122.722
110.336
97.645
84.6913
71.5171
58.1621
44.6681
31.0773
17.4324
3.77607
-9.84868
-23.3991
-36.8325
-50.1066
-63.1795
-76.0101
-88.5578
-100.783
-112.647
-124.113
-135.143
-145.703
-155.76
-165.281
-174.237
-182.599
-190.341
-197.437
-203.865
-209.606
-214.64
-218.951
-222.526
-225.355
-227.429
-228.742
-229.282
-229.054
-228.062
-226.306
-223.791
-220.526
-216.521
-211.79
-206.346
-200.207
-193.394
-185.928
-177.833
-169.133
-159.856
-150.032
-139.691
-128.866
-117.59
-105.899
-93.8282
-81.4161
-68.7008
-55.7216
-42.5186
-29.1324
-15.6044
-1.97617
11.7105
25.4136
39.091
52.7005
66.2006
79.5498
92.7061
105.629
118.28
130.619
142.608
154.209
165.387
176.105
186.33
196.029
205.171
213.727
221.667
228.964
235.597
241.54
246.772
251.275
255.032
258.027
260.248
261.682
262.324
262.168
261.21
259.446
256.878
253.511
249.35
244.404
238.682
232.199
224.97
217.014
208.35
199.001
188.993
178.354
167.111
155.298
142.948
130.096
116.779
103.034
88.9074
74.4437
59.682
44.6678
29.4477
14.0689
-1.42031
-16.9712
-32.5344
-48.06
-63.4982
-78.7989
-93.9123
-108.789
-123.379
-137.634
-151.507
-164.951
-177.918
-190.367
-202.254
-213.536
-224.173
-234.129
-243.367
-251.853
-259.555
-266.445
-272.493
-277.679
-281.981
-285.37
-287.837
-289.37
-289.956
-289.586
-288.254
-285.958
-282.698
-278.476
-273.3
-267.177
-260.119
-252.138
-243.251
-233.478
-222.839
-211.358
-199.061
-185.976
-172.132
-157.562
-142.299
-126.377
-109.835
-92.708
-75.0375
-56.8627
-38.2247
-19.1655
0.27278
20.0472
40.1148
60.4317
80.9537
101.64
122.448
143.336
164.263
185.188
206.072
226.875
247.562
268.095
288.441
308.569
328.447
348.045
367.336
386.296
404.902
423.132
440.967
458.393
475.392
491.949
508.046
523.659
538.757
553.315
567.316
580.736
593.554
605.749
617.298
628.183
638.382
647.879
656.659
664.708
672.021
678.591
684.416
689.5
693.851
697.482
700.407
702.648
704.227
705.168
705.501
705.252
704.451
703.127
701.31
699.029
696.312
693.186
689.68
685.818
681.628
677.132
672.355
667.32
662.049
656.564
650.885
645.033
639.024
632.879
626.614
620.245
613.789
607.262
600.678
594.05
587.391
580.714
574.031
567.354
560.692
554.056
547.456
540.9
534.398
527.957
521.586
515.292
509.081
502.962
496.938
491.018
485.208
479.512
473.935
468.484
463.163
457.977
452.931
448.03
443.278
438.679
434.239
429.962
425.854
421.918
418.159
414.582
411.193
407.997
405.001
402.211
399.633
397.275
395.145
393.252
391.608
390.222
389.111
388.291
387.784
-243.606
-243.606
-251.554
-258.721
-265.086
-270.622
-275.308
-279.126
-282.064
-284.111
-285.254
-285.486
-284.82
-283.256
-280.793
-277.438
-273.207
-268.112
-262.171
-255.406
-247.839
-239.497
-230.41
-220.608
-210.128
-199.005
-187.279
-174.99
-162.183
-148.9
-135.19
-121.102
-106.685
-91.9921
-77.0773
-61.995
-46.8011
-31.5529
-16.3087
-1.12785
13.9299
28.806
43.452
57.8595
71.9012
85.3311
98.3247
111.085
123.481
135.429
146.87
157.757
168.046
177.697
186.676
194.95
202.492
209.276
215.278
220.476
224.855
228.398
231.095
232.935
233.91
234.017
233.262
231.654
229.193
225.887
221.746
216.785
211.017
204.465
197.147
189.089
180.316
170.855
160.736
149.993
138.658
126.773
114.38
101.533
88.2505
73.983
59.2665
44.7613
30.033
15.0977
0.011095
-15.1716
-30.3977
-45.6168
-60.781
-75.8432
-90.7558
-105.47
-119.935
-134.104
-147.926
-161.356
-174.348
-186.856
-198.839
-210.255
-221.065
-231.233
-240.723
-249.503
-257.544
-264.818
-271.3
-276.97
-281.807
-285.795
-288.923
-291.183
-292.56
-293.053
-292.668
-291.401
-289.26
-286.251
-282.389
-277.685
-272.159
-265.829
-258.72
-250.855
-242.263
-232.974
-223.022
-212.44
-201.266
-189.537
-177.296
-164.582
-151.44
-137.914
-124.05
-109.894
-95.4939
-80.8977
-66.1536
-51.3103
-36.4167
-21.5217
-6.67375
8.0789
22.6886
37.1081
51.2912
65.1927
78.7681
91.9745
104.77
117.115
128.97
140.298
151.064
161.235
170.779
179.666
187.871
195.367
202.132
208.146
213.391
217.851
221.513
224.367
226.404
227.619
228.008
227.574
226.318
224.244
221.358
217.671
213.196
207.948
201.944
195.204
187.75
179.606
170.798
161.355
151.308
140.69
129.534
117.878
105.758
93.215
80.2894
67.0242
53.4648
39.6299
25.5852
11.4018
-2.89778
-17.2673
-31.6583
-46.0228
-60.3133
-74.4826
-88.4835
-102.269
-115.795
-129.014
-141.884
-154.36
-166.401
-177.968
-189.021
-199.523
-209.438
-218.734
-227.379
-235.344
-242.602
-249.129
-254.902
-259.903
-264.113
-267.52
-270.111
-271.878
-272.816
-272.92
-272.185
-270.62
-268.229
-265.019
-261.001
-256.188
-250.595
-244.24
-237.145
-229.333
-220.83
-211.662
-201.861
-191.456
-180.483
-168.977
-156.974
-144.512
-131.633
-118.377
-104.785
-90.901
-76.7688
-62.4327
-47.9376
-33.3288
-18.6516
-3.95148
10.7262
25.3362
39.8338
54.1748
68.3156
82.2133
95.8261
109.113
122.035
134.554
146.631
158.231
169.321
179.869
189.844
199.216
207.959
216.049
223.464
230.181
236.182
241.452
245.977
249.744
252.745
254.971
256.421
257.087
256.972
256.082
254.416
251.982
248.791
244.854
240.183
234.796
228.711
221.947
214.525
206.471
197.81
188.569
178.779
168.471
157.676
146.429
134.766
122.722
110.336
97.645
84.6913
71.5171
58.1621
44.6681
31.0773
17.4324
3.77607
-9.84868
-23.3991
-36.8325
-50.1066
-63.1795
-76.0101
-88.5578
-100.783
-112.647
-124.113
-135.143
-145.703
-155.76
-165.281
-174.237
-182.599
-190.341
-197.437
-203.865
-209.606
-214.64
-218.951
-222.526
-225.355
-227.429
-228.742
-229.282
-229.054
-228.062
-226.306
-223.791
-220.526
-216.521
-211.79
-206.346
-200.207
-193.394
-185.928
-177.833
-169.133
-159.856
-150.032
-139.691
-128.866
-117.59
-105.899
-93.8282
-81.4161
-68.7008
-55.7216
-42.5186
-29.1324
-15.6044
-1.97617
11.7105
25.4136
39.091
52.7005
66.2006
79.5498
92.7061
105.629
118.28
130.619
142.608
154.209
165.387
176.105
186.33
196.029
205.171
213.727
221.667
228.964
235.597
241.54
246.772
251.275
255.032
258.027
260.248
261.682
262.324
262.168
261.21
259.446
256.878
253.511
249.35
244.404
238.682
232.199
224.97
217.014
208.35
199.001
188.993
178.354
167.111
155.298
142.948
130.096
116.779
103.034
88.9074
74.4437
59.682
44.6678
29.4477
14.0689
-1.42031
-16.9712
-32.5344
-48.06
-63.4982
-78.7989
-93.9123
-108.789
-123.379
-137.634
-151.507
-164.951
-177.918
-190.367
-202.254
-213.536
-224.173
-234.129
-243.367
-251.853
-259.555
-266.445
-272.493
-277.679
-281.981
-285.37
-287.837
-289.37
-289.956
-289.586
-288.254
-285.958
-282.698
-278.476
-273.3
-267.177
-260.119
-252.138
-243.251
-233.478
-222.839
-211.358
-199.061
-185.976
-172.132
-157.562
-142.299
-126.377
-109.835
-92.708
-75.0375
-56.8627
-38.2247
-19.1655
0.27278
20.0472
40.1148
60.4317
80.9537
101.64
122.448
143.336
164.263
185.188
206.072
226.875
247.562
268.095
288.441
308.569
328.447
348.045
367.336
386.296
404.902
423.132
440.967
458.393
475.392
491.949
508.046
523.659
538.757
553.315
567.316
580.736
593.554
605.749
617.298
628.183
638.382
647.879
656.659
664.708
672.021
678.591
684.416
689.5
693.851
697.482
700.407
702.648
704.227
705.168
705.501
705.252
704.451
703.127
701.31
699.029
696.312
693.186
689.68
685.818
681.628
677.132
672.355
667.32
662.049
656.564
650.885
645.033
639.024
632.879
626.614
620.245
613.789
607.262
600.678
594.05
587.391
580.714
574.031
567.354
560.692
554.056
547.456
540.9
534.398
527.957
521.586
515.292
509.081
502.962
496.938
491.018
485.208
479.512
473.935
468.484
463.163
457.977
452.931
448.03
443.278
438.679
434.239
429.962
425.854
421.918
418.159
414.582
411.193
407.997
405.001
402.211
399.633
397.275
395.145
393.252
391.608
390.222
389.111
388.291
387.784
387.612
)
