FoamFile
{
    version 2.0;
    format  ascii;
    class   faceList;
    object  faces;
}
// ******************************************************************************************//


497
(
4(140 35 4 12)
4(141 34 35 140)
4(142 33 34 141)
4(143 32 33 142)
4(144 31 32 143)
4(145 30 31 144)
4(29 7 30 145)
4(146 140 12 13)
4(147 141 140 146)
4(148 142 141 147)
4(149 143 142 148)
4(150 144 143 149)
4(151 145 144 150)
4(28 29 145 151)
4(152 146 13 14)
4(153 147 146 152)
4(154 148 147 153)
4(155 149 148 154)
4(156 150 149 155)
4(157 151 150 156)
4(27 28 151 157)
4(158 152 14 15)
4(159 153 152 158)
4(160 154 153 159)
4(161 155 154 160)
4(162 156 155 161)
4(163 157 156 162)
4(26 27 157 163)
4(164 158 15 16)
4(165 159 158 164)
4(166 160 159 165)
4(167 161 160 166)
4(168 162 161 167)
4(169 163 162 168)
4(25 26 163 169)
4(170 164 16 17)
4(171 165 164 170)
4(172 166 165 171)
4(173 167 166 172)
4(174 168 167 173)
4(175 169 168 174)
4(24 25 169 175)
4(18 170 17 5)
4(19 171 170 18)
4(20 172 171 19)
4(21 173 172 20)
4(22 174 173 21)
4(23 175 174 22)
4(6 24 175 23)
4(176 63 0 36)
4(177 62 63 176)
4(178 61 62 177)
4(179 60 61 178)
4(12 4 60 179)
4(180 176 36 37)
4(181 177 176 180)
4(182 178 177 181)
4(183 179 178 182)
4(13 12 179 183)
4(184 180 37 38)
4(185 181 180 184)
4(186 182 181 185)
4(187 183 182 186)
4(14 13 183 187)
4(188 184 38 39)
4(189 185 184 188)
4(190 186 185 189)
4(191 187 186 190)
4(15 14 187 191)
4(192 188 39 40)
4(193 189 188 192)
4(194 190 189 193)
4(195 191 190 194)
4(16 15 191 195)
4(196 192 40 41)
4(197 193 192 196)
4(198 194 193 197)
4(199 195 194 198)
4(17 16 195 199)
4(67 196 41 1)
4(66 197 196 67)
4(65 198 197 66)
4(64 199 198 65)
4(5 17 199 64)
4(200 18 5 64)
4(201 19 18 200)
4(202 20 19 201)
4(203 21 20 202)
4(204 22 21 203)
4(205 23 22 204)
4(68 6 23 205)
4(206 200 64 65)
4(207 201 200 206)
4(208 202 201 207)
4(209 203 202 208)
4(210 204 203 209)
4(211 205 204 210)
4(69 68 205 211)
4(212 206 65 66)
4(213 207 206 212)
4(214 208 207 213)
4(215 209 208 214)
4(216 210 209 215)
4(217 211 210 216)
4(70 69 211 217)
4(218 212 66 67)
4(219 213 212 218)
4(220 214 213 219)
4(221 215 214 220)
4(222 216 215 221)
4(223 217 216 222)
4(71 70 217 223)
4(42 218 67 1)
4(43 219 218 42)
4(44 220 219 43)
4(45 221 220 44)
4(46 222 221 45)
4(47 223 222 46)
4(2 71 223 47)
4(6 68 224 24)
4(68 69 225 224)
4(69 70 226 225)
4(70 71 227 226)
4(71 2 48 227)
4(24 224 228 25)
4(224 225 229 228)
4(225 226 230 229)
4(226 227 231 230)
4(227 48 49 231)
4(25 228 232 26)
4(228 229 233 232)
4(229 230 234 233)
4(230 231 235 234)
4(231 49 50 235)
4(26 232 236 27)
4(232 233 237 236)
4(233 234 238 237)
4(234 235 239 238)
4(235 50 51 239)
4(27 236 240 28)
4(236 237 241 240)
4(237 238 242 241)
4(238 239 243 242)
4(239 51 52 243)
4(28 240 244 29)
4(240 241 245 244)
4(241 242 246 245)
4(242 243 247 246)
4(243 52 53 247)
4(29 244 72 7)
4(244 245 73 72)
4(245 246 74 73)
4(246 247 75 74)
4(247 53 3 75)
4(7 72 248 30)
4(72 73 249 248)
4(73 74 250 249)
4(74 75 251 250)
4(75 3 54 251)
4(30 248 252 31)
4(248 249 253 252)
4(249 250 254 253)
4(250 251 255 254)
4(251 54 55 255)
4(31 252 256 32)
4(252 253 257 256)
4(253 254 258 257)
4(254 255 259 258)
4(255 55 56 259)
4(32 256 260 33)
4(256 257 261 260)
4(257 258 262 261)
4(258 259 263 262)
4(259 56 57 263)
4(33 260 264 34)
4(260 261 265 264)
4(261 262 266 265)
4(262 263 267 266)
4(263 57 58 267)
4(34 264 268 35)
4(264 265 269 268)
4(265 266 270 269)
4(266 267 271 270)
4(267 58 59 271)
4(35 268 60 4)
4(268 269 61 60)
4(269 270 62 61)
4(270 271 63 62)
4(271 59 0 63)
4(272 36 0 106)
4(273 37 36 272)
4(274 38 37 273)
4(275 39 38 274)
4(276 40 39 275)
4(277 41 40 276)
4(76 1 41 277)
4(278 272 106 107)
4(279 273 272 278)
4(280 274 273 279)
4(281 275 274 280)
4(282 276 275 281)
4(283 277 276 282)
4(77 76 277 283)
4(284 278 107 108)
4(285 279 278 284)
4(286 280 279 285)
4(287 281 280 286)
4(288 282 281 287)
4(289 283 282 288)
4(78 77 283 289)
4(290 284 108 109)
4(291 285 284 290)
4(292 286 285 291)
4(293 287 286 292)
4(294 288 287 293)
4(295 289 288 294)
4(79 78 289 295)
4(296 290 109 110)
4(297 291 290 296)
4(298 292 291 297)
4(299 293 292 298)
4(300 294 293 299)
4(301 295 294 300)
4(80 79 295 301)
4(302 296 110 111)
4(303 297 296 302)
4(304 298 297 303)
4(305 299 298 304)
4(306 300 299 305)
4(307 301 300 306)
4(81 80 301 307)
4(308 302 111 112)
4(309 303 302 308)
4(310 304 303 309)
4(311 305 304 310)
4(312 306 305 311)
4(313 307 306 312)
4(82 81 307 313)
4(314 308 112 113)
4(315 309 308 314)
4(316 310 309 315)
4(317 311 310 316)
4(318 312 311 317)
4(319 313 312 318)
4(83 82 313 319)
4(320 314 113 114)
4(321 315 314 320)
4(322 316 315 321)
4(323 317 316 322)
4(324 318 317 323)
4(325 319 318 324)
4(84 83 319 325)
4(326 320 114 115)
4(327 321 320 326)
4(328 322 321 327)
4(329 323 322 328)
4(330 324 323 329)
4(331 325 324 330)
4(85 84 325 331)
4(116 326 115 8)
4(117 327 326 116)
4(118 328 327 117)
4(119 329 328 118)
4(120 330 329 119)
4(121 331 330 120)
4(9 85 331 121)
4(332 42 1 76)
4(333 43 42 332)
4(334 44 43 333)
4(335 45 44 334)
4(336 46 45 335)
4(337 47 46 336)
4(86 2 47 337)
4(338 332 76 77)
4(339 333 332 338)
4(340 334 333 339)
4(341 335 334 340)
4(342 336 335 341)
4(343 337 336 342)
4(87 86 337 343)
4(344 338 77 78)
4(345 339 338 344)
4(346 340 339 345)
4(347 341 340 346)
4(348 342 341 347)
4(349 343 342 348)
4(88 87 343 349)
4(350 344 78 79)
4(351 345 344 350)
4(352 346 345 351)
4(353 347 346 352)
4(354 348 347 353)
4(355 349 348 354)
4(89 88 349 355)
4(356 350 79 80)
4(357 351 350 356)
4(358 352 351 357)
4(359 353 352 358)
4(360 354 353 359)
4(361 355 354 360)
4(90 89 355 361)
4(362 356 80 81)
4(363 357 356 362)
4(364 358 357 363)
4(365 359 358 364)
4(366 360 359 365)
4(367 361 360 366)
4(91 90 361 367)
4(368 362 81 82)
4(369 363 362 368)
4(370 364 363 369)
4(371 365 364 370)
4(372 366 365 371)
4(373 367 366 372)
4(92 91 367 373)
4(374 368 82 83)
4(375 369 368 374)
4(376 370 369 375)
4(377 371 370 376)
4(378 372 371 377)
4(379 373 372 378)
4(93 92 373 379)
4(380 374 83 84)
4(381 375 374 380)
4(382 376 375 381)
4(383 377 376 382)
4(384 378 377 383)
4(385 379 378 384)
4(94 93 379 385)
4(386 380 84 85)
4(387 381 380 386)
4(388 382 381 387)
4(389 383 382 388)
4(390 384 383 389)
4(391 385 384 390)
4(95 94 385 391)
4(122 386 85 9)
4(123 387 386 122)
4(124 388 387 123)
4(125 389 388 124)
4(126 390 389 125)
4(127 391 390 126)
4(10 95 391 127)
4(2 86 392 48)
4(86 87 393 392)
4(87 88 394 393)
4(88 89 395 394)
4(89 90 396 395)
4(90 91 397 396)
4(91 92 398 397)
4(92 93 399 398)
4(93 94 400 399)
4(94 95 401 400)
4(95 10 128 401)
4(48 392 402 49)
4(392 393 403 402)
4(393 394 404 403)
4(394 395 405 404)
4(395 396 406 405)
4(396 397 407 406)
4(397 398 408 407)
4(398 399 409 408)
4(399 400 410 409)
4(400 401 411 410)
4(401 128 129 411)
4(49 402 412 50)
4(402 403 413 412)
4(403 404 414 413)
4(404 405 415 414)
4(405 406 416 415)
4(406 407 417 416)
4(407 408 418 417)
4(408 409 419 418)
4(409 410 420 419)
4(410 411 421 420)
4(411 129 130 421)
4(50 412 422 51)
4(412 413 423 422)
4(413 414 424 423)
4(414 415 425 424)
4(415 416 426 425)
4(416 417 427 426)
4(417 418 428 427)
4(418 419 429 428)
4(419 420 430 429)
4(420 421 431 430)
4(421 130 131 431)
4(51 422 432 52)
4(422 423 433 432)
4(423 424 434 433)
4(424 425 435 434)
4(425 426 436 435)
4(426 427 437 436)
4(427 428 438 437)
4(428 429 439 438)
4(429 430 440 439)
4(430 431 441 440)
4(431 131 132 441)
4(52 432 442 53)
4(432 433 443 442)
4(433 434 444 443)
4(434 435 445 444)
4(435 436 446 445)
4(436 437 447 446)
4(437 438 448 447)
4(438 439 449 448)
4(439 440 450 449)
4(440 441 451 450)
4(441 132 133 451)
4(53 442 96 3)
4(442 443 97 96)
4(443 444 98 97)
4(444 445 99 98)
4(445 446 100 99)
4(446 447 101 100)
4(447 448 102 101)
4(448 449 103 102)
4(449 450 104 103)
4(450 451 105 104)
4(451 133 11 105)
4(3 96 452 54)
4(96 97 453 452)
4(97 98 454 453)
4(98 99 455 454)
4(99 100 456 455)
4(100 101 457 456)
4(101 102 458 457)
4(102 103 459 458)
4(103 104 460 459)
4(104 105 461 460)
4(105 11 134 461)
4(54 452 462 55)
4(452 453 463 462)
4(453 454 464 463)
4(454 455 465 464)
4(455 456 466 465)
4(456 457 467 466)
4(457 458 468 467)
4(458 459 469 468)
4(459 460 470 469)
4(460 461 471 470)
4(461 134 135 471)
4(55 462 472 56)
4(462 463 473 472)
4(463 464 474 473)
4(464 465 475 474)
4(465 466 476 475)
4(466 467 477 476)
4(467 468 478 477)
4(468 469 479 478)
4(469 470 480 479)
4(470 471 481 480)
4(471 135 136 481)
4(56 472 482 57)
4(472 473 483 482)
4(473 474 484 483)
4(474 475 485 484)
4(475 476 486 485)
4(476 477 487 486)
4(477 478 488 487)
4(478 479 489 488)
4(479 480 490 489)
4(480 481 491 490)
4(481 136 137 491)
4(57 482 492 58)
4(482 483 493 492)
4(483 484 494 493)
4(484 485 495 494)
4(485 486 496 495)
4(486 487 497 496)
4(487 488 498 497)
4(488 489 499 498)
4(489 490 500 499)
4(490 491 501 500)
4(491 137 138 501)
4(58 492 502 59)
4(492 493 503 502)
4(493 494 504 503)
4(494 495 505 504)
4(495 496 506 505)
4(496 497 507 506)
4(497 498 508 507)
4(498 499 509 508)
4(499 500 510 509)
4(500 501 511 510)
4(501 138 139 511)
4(59 502 106 0)
4(502 503 107 106)
4(503 504 108 107)
4(504 505 109 108)
4(505 506 110 109)
4(506 507 111 110)
4(507 508 112 111)
4(508 509 113 112)
4(509 510 114 113)
4(510 511 115 114)
4(511 139 8 115)
)
