FoamFile
{
    version 2.0;
    format  ascii;
    class   vectorField;
    object  points;
}
// ******************************************************************************************//


512
(
(-1.68997 1.68997 -10)
(1.68997 1.68997 -10)
(1.68997 -1.68997 -10)
(-1.68997 -1.68997 -10)
(-0.844985 0.844985 -10)
(0.844985 0.844985 -10)
(0.844985 -0.844985 -10)
(-0.844985 -0.844985 -10)
(-6.71745 6.71745 -10)
(6.71745 6.71745 -10)
(6.71745 -6.71745 -10)
(-6.71745 -6.71745 -10)
(-0.60356 0.844985 -10)
(-0.362136 0.844985 -10)
(-0.120712 0.844985 -10)
(0.120712 0.844985 -10)
(0.362136 0.844985 -10)
(0.60356 0.844985 -10)
(0.844985 0.60356 -10)
(0.844985 0.362136 -10)
(0.844985 0.120712 -10)
(0.844985 -0.120712 -10)
(0.844985 -0.362136 -10)
(0.844985 -0.60356 -10)
(0.60356 -0.844985 -10)
(0.362136 -0.844985 -10)
(0.120712 -0.844985 -10)
(-0.120712 -0.844985 -10)
(-0.362136 -0.844985 -10)
(-0.60356 -0.844985 -10)
(-0.844985 -0.60356 -10)
(-0.844985 -0.362136 -10)
(-0.844985 -0.120712 -10)
(-0.844985 0.120712 -10)
(-0.844985 0.362136 -10)
(-0.844985 0.60356 -10)
(-1.27154 2.02365 -10)
(-0.789359 2.25586 -10)
(-0.267593 2.37495 -10)
(0.267593 2.37495 -10)
(0.789359 2.25586 -10)
(1.27154 2.02365 -10)
(2.02365 1.27154 -10)
(2.25586 0.789359 -10)
(2.37495 0.267593 -10)
(2.37495 -0.267593 -10)
(2.25586 -0.789359 -10)
(2.02365 -1.27154 -10)
(1.27154 -2.02365 -10)
(0.789359 -2.25586 -10)
(0.267593 -2.37495 -10)
(-0.267593 -2.37495 -10)
(-0.789359 -2.25586 -10)
(-1.27154 -2.02365 -10)
(-2.02365 -1.27154 -10)
(-2.25586 -0.789359 -10)
(-2.37495 -0.267593 -10)
(-2.37495 0.267593 -10)
(-2.25586 0.789359 -10)
(-2.02365 1.27154 -10)
(-1.01064 1.01064 -10)
(-1.17794 1.17794 -10)
(-1.34692 1.34692 -10)
(-1.51759 1.51759 -10)
(1.01064 1.01064 -10)
(1.17794 1.17794 -10)
(1.34692 1.34692 -10)
(1.51759 1.51759 -10)
(1.01064 -1.01064 -10)
(1.17794 -1.17794 -10)
(1.34692 -1.34692 -10)
(1.51759 -1.51759 -10)
(-1.01064 -1.01064 -10)
(-1.17794 -1.17794 -10)
(-1.34692 -1.34692 -10)
(-1.51759 -1.51759 -10)
(2.0927 2.0927 -10)
(2.5055 2.5055 -10)
(2.92862 2.92862 -10)
(3.36232 3.36232 -10)
(3.80686 3.80686 -10)
(4.26251 4.26251 -10)
(4.72955 4.72955 -10)
(5.20828 5.20828 -10)
(5.69896 5.69896 -10)
(6.20192 6.20192 -10)
(2.0927 -2.0927 -10)
(2.5055 -2.5055 -10)
(2.92862 -2.92862 -10)
(3.36232 -3.36232 -10)
(3.80686 -3.80686 -10)
(4.26251 -4.26251 -10)
(4.72955 -4.72955 -10)
(5.20828 -5.20828 -10)
(5.69896 -5.69896 -10)
(6.20192 -6.20192 -10)
(-2.0927 -2.0927 -10)
(-2.5055 -2.5055 -10)
(-2.92862 -2.92862 -10)
(-3.36232 -3.36232 -10)
(-3.80686 -3.80686 -10)
(-4.26251 -4.26251 -10)
(-4.72955 -4.72955 -10)
(-5.20828 -5.20828 -10)
(-5.69896 -5.69896 -10)
(-6.20192 -6.20192 -10)
(-2.0927 2.0927 -10)
(-2.5055 2.5055 -10)
(-2.92862 2.92862 -10)
(-3.36232 3.36232 -10)
(-3.80686 3.80686 -10)
(-4.26251 4.26251 -10)
(-4.72955 4.72955 -10)
(-5.20828 5.20828 -10)
(-5.69896 5.69896 -10)
(-6.20192 6.20192 -10)
(-5.05426 8.0438 -10)
(-3.13762 8.96681 -10)
(-1.06365 9.44018 -10)
(1.06365 9.44018 -10)
(3.13762 8.96681 -10)
(5.05426 8.0438 -10)
(8.0438 5.05426 -10)
(8.96681 3.13762 -10)
(9.44018 1.06365 -10)
(9.44018 -1.06365 -10)
(8.96681 -3.13762 -10)
(8.0438 -5.05426 -10)
(5.05426 -8.0438 -10)
(3.13762 -8.96681 -10)
(1.06365 -9.44018 -10)
(-1.06365 -9.44018 -10)
(-3.13762 -8.96681 -10)
(-5.05426 -8.0438 -10)
(-8.0438 -5.05426 -10)
(-8.96681 -3.13762 -10)
(-9.44018 -1.06365 -10)
(-9.44018 1.06365 -10)
(-8.96681 3.13762 -10)
(-8.0438 5.05426 -10)
(-0.60356 0.60356 -10)
(-0.60356 0.362136 -10)
(-0.60356 0.120712 -10)
(-0.60356 -0.120712 -10)
(-0.60356 -0.362136 -10)
(-0.60356 -0.60356 -10)
(-0.362136 0.60356 -10)
(-0.362136 0.362136 -10)
(-0.362136 0.120712 -10)
(-0.362136 -0.120712 -10)
(-0.362136 -0.362136 -10)
(-0.362136 -0.60356 -10)
(-0.120712 0.60356 -10)
(-0.120712 0.362136 -10)
(-0.120712 0.120712 -10)
(-0.120712 -0.120712 -10)
(-0.120712 -0.362136 -10)
(-0.120712 -0.60356 -10)
(0.120712 0.60356 -10)
(0.120712 0.362136 -10)
(0.120712 0.120712 -10)
(0.120712 -0.120712 -10)
(0.120712 -0.362136 -10)
(0.120712 -0.60356 -10)
(0.362136 0.60356 -10)
(0.362136 0.362136 -10)
(0.362136 0.120712 -10)
(0.362136 -0.120712 -10)
(0.362136 -0.362136 -10)
(0.362136 -0.60356 -10)
(0.60356 0.60356 -10)
(0.60356 0.362136 -10)
(0.60356 0.120712 -10)
(0.60356 -0.120712 -10)
(0.60356 -0.362136 -10)
(0.60356 -0.60356 -10)
(-1.13528 1.7832 -10)
(-1.00036 1.54514 -10)
(-0.866773 1.30943 -10)
(-0.734512 1.07605 -10)
(-0.702206 1.96804 -10)
(-0.615915 1.68307 -10)
(-0.530479 1.40093 -10)
(-0.445889 1.12157 -10)
(-0.237629 2.06284 -10)
(-0.207962 1.75381 -10)
(-0.178589 1.44785 -10)
(-0.149506 1.14492 -10)
(0.237629 2.06284 -10)
(0.207962 1.75381 -10)
(0.178589 1.44785 -10)
(0.149506 1.14492 -10)
(0.702206 1.96804 -10)
(0.615915 1.68307 -10)
(0.530479 1.40093 -10)
(0.445889 1.12157 -10)
(1.13528 1.7832 -10)
(1.00036 1.54514 -10)
(0.866773 1.30943 -10)
(0.734512 1.07605 -10)
(1.07605 0.734512 -10)
(1.12157 0.445889 -10)
(1.14492 0.149506 -10)
(1.14492 -0.149506 -10)
(1.12157 -0.445889 -10)
(1.07605 -0.734512 -10)
(1.30943 0.866773 -10)
(1.40093 0.530479 -10)
(1.44785 0.178589 -10)
(1.44785 -0.178589 -10)
(1.40093 -0.530479 -10)
(1.30943 -0.866773 -10)
(1.54514 1.00036 -10)
(1.68307 0.615915 -10)
(1.75381 0.207962 -10)
(1.75381 -0.207962 -10)
(1.68307 -0.615915 -10)
(1.54514 -1.00036 -10)
(1.7832 1.13528 -10)
(1.96804 0.702206 -10)
(2.06284 0.237629 -10)
(2.06284 -0.237629 -10)
(1.96804 -0.702206 -10)
(1.7832 -1.13528 -10)
(0.734512 -1.07605 -10)
(0.866773 -1.30943 -10)
(1.00036 -1.54514 -10)
(1.13528 -1.7832 -10)
(0.445889 -1.12157 -10)
(0.530479 -1.40093 -10)
(0.615915 -1.68307 -10)
(0.702206 -1.96804 -10)
(0.149506 -1.14492 -10)
(0.178589 -1.44785 -10)
(0.207962 -1.75381 -10)
(0.237629 -2.06284 -10)
(-0.149506 -1.14492 -10)
(-0.178589 -1.44785 -10)
(-0.207962 -1.75381 -10)
(-0.237629 -2.06284 -10)
(-0.445889 -1.12157 -10)
(-0.530479 -1.40093 -10)
(-0.615915 -1.68307 -10)
(-0.702206 -1.96804 -10)
(-0.734512 -1.07605 -10)
(-0.866773 -1.30943 -10)
(-1.00036 -1.54514 -10)
(-1.13528 -1.7832 -10)
(-1.07605 -0.734512 -10)
(-1.30943 -0.866773 -10)
(-1.54514 -1.00036 -10)
(-1.7832 -1.13528 -10)
(-1.12157 -0.445889 -10)
(-1.40093 -0.530479 -10)
(-1.68307 -0.615915 -10)
(-1.96804 -0.702206 -10)
(-1.14492 -0.149506 -10)
(-1.44785 -0.178589 -10)
(-1.75381 -0.207962 -10)
(-2.06284 -0.237629 -10)
(-1.14492 0.149506 -10)
(-1.44785 0.178589 -10)
(-1.75381 0.207962 -10)
(-2.06284 0.237629 -10)
(-1.12157 0.445889 -10)
(-1.40093 0.530479 -10)
(-1.68307 0.615915 -10)
(-1.96804 0.702206 -10)
(-1.07605 0.734512 -10)
(-1.30943 0.866773 -10)
(-1.54514 1.00036 -10)
(-1.7832 1.13528 -10)
(-1.57456 2.5059 -10)
(-0.977469 2.79345 -10)
(-0.331362 2.94092 -10)
(0.331362 2.94092 -10)
(0.977469 2.79345 -10)
(1.57456 2.5059 -10)
(-1.88516 3.00021 -10)
(-1.17028 3.34447 -10)
(-0.396725 3.52103 -10)
(0.396725 3.52103 -10)
(1.17028 3.34447 -10)
(1.88516 3.00021 -10)
(-2.20351 3.50687 -10)
(-1.36791 3.90927 -10)
(-0.463722 4.11565 -10)
(0.463722 4.11565 -10)
(1.36791 3.90927 -10)
(2.20351 3.50687 -10)
(-2.52983 4.0262 -10)
(-1.57049 4.4882 -10)
(-0.532395 4.72513 -10)
(0.532395 4.72513 -10)
(1.57049 4.4882 -10)
(2.52983 4.0262 -10)
(-2.86431 4.55852 -10)
(-1.77813 5.08159 -10)
(-0.602784 5.34986 -10)
(0.602784 5.34986 -10)
(1.77813 5.08159 -10)
(2.86431 4.55852 -10)
(-3.20714 5.10414 -10)
(-1.99095 5.68982 -10)
(-0.674933 5.9902 -10)
(0.674933 5.9902 -10)
(1.99095 5.68982 -10)
(3.20714 5.10414 -10)
(-3.55855 5.6634 -10)
(-2.2091 6.31326 -10)
(-0.748886 6.64654 -10)
(0.748886 6.64654 -10)
(2.2091 6.31326 -10)
(3.55855 5.6634 -10)
(-3.91874 6.23664 -10)
(-2.43271 6.95228 -10)
(-0.824687 7.3193 -10)
(0.824687 7.3193 -10)
(2.43271 6.95228 -10)
(3.91874 6.23664 -10)
(-4.28794 6.82422 -10)
(-2.6619 7.60728 -10)
(-0.902384 8.00888 -10)
(0.902384 8.00888 -10)
(2.6619 7.60728 -10)
(4.28794 6.82422 -10)
(-4.66637 7.42648 -10)
(-2.89682 8.27865 -10)
(-0.982022 8.71569 -10)
(0.982022 8.71569 -10)
(2.89682 8.27865 -10)
(4.66637 7.42648 -10)
(2.5059 1.57456 -10)
(2.79345 0.977469 -10)
(2.94092 0.331362 -10)
(2.94092 -0.331362 -10)
(2.79345 -0.977469 -10)
(2.5059 -1.57456 -10)
(3.00021 1.88516 -10)
(3.34447 1.17028 -10)
(3.52103 0.396725 -10)
(3.52103 -0.396725 -10)
(3.34447 -1.17028 -10)
(3.00021 -1.88516 -10)
(3.50687 2.20351 -10)
(3.90927 1.36791 -10)
(4.11565 0.463722 -10)
(4.11565 -0.463722 -10)
(3.90927 -1.36791 -10)
(3.50687 -2.20351 -10)
(4.0262 2.52983 -10)
(4.4882 1.57049 -10)
(4.72513 0.532395 -10)
(4.72513 -0.532395 -10)
(4.4882 -1.57049 -10)
(4.0262 -2.52983 -10)
(4.55852 2.86431 -10)
(5.08159 1.77813 -10)
(5.34986 0.602784 -10)
(5.34986 -0.602784 -10)
(5.08159 -1.77813 -10)
(4.55852 -2.86431 -10)
(5.10414 3.20714 -10)
(5.68982 1.99095 -10)
(5.9902 0.674933 -10)
(5.9902 -0.674933 -10)
(5.68982 -1.99095 -10)
(5.10414 -3.20714 -10)
(5.6634 3.55855 -10)
(6.31326 2.2091 -10)
(6.64654 0.748886 -10)
(6.64654 -0.748886 -10)
(6.31326 -2.2091 -10)
(5.6634 -3.55855 -10)
(6.23664 3.91874 -10)
(6.95228 2.43271 -10)
(7.3193 0.824687 -10)
(7.3193 -0.824687 -10)
(6.95228 -2.43271 -10)
(6.23664 -3.91874 -10)
(6.82422 4.28794 -10)
(7.60728 2.6619 -10)
(8.00888 0.902384 -10)
(8.00888 -0.902384 -10)
(7.60728 -2.6619 -10)
(6.82422 -4.28794 -10)
(7.42648 4.66637 -10)
(8.27865 2.89682 -10)
(8.71569 0.982022 -10)
(8.71569 -0.982022 -10)
(8.27865 -2.89682 -10)
(7.42648 -4.66637 -10)
(1.57456 -2.5059 -10)
(1.88516 -3.00021 -10)
(2.20351 -3.50687 -10)
(2.52983 -4.0262 -10)
(2.86431 -4.55852 -10)
(3.20714 -5.10414 -10)
(3.55855 -5.6634 -10)
(3.91874 -6.23664 -10)
(4.28794 -6.82422 -10)
(4.66637 -7.42648 -10)
(0.977469 -2.79345 -10)
(1.17028 -3.34447 -10)
(1.36791 -3.90927 -10)
(1.57049 -4.4882 -10)
(1.77813 -5.08159 -10)
(1.99095 -5.68982 -10)
(2.2091 -6.31326 -10)
(2.43271 -6.95228 -10)
(2.6619 -7.60728 -10)
(2.89682 -8.27865 -10)
(0.331362 -2.94092 -10)
(0.396725 -3.52103 -10)
(0.463722 -4.11565 -10)
(0.532395 -4.72513 -10)
(0.602784 -5.34986 -10)
(0.674933 -5.9902 -10)
(0.748886 -6.64654 -10)
(0.824687 -7.3193 -10)
(0.902384 -8.00888 -10)
(0.982022 -8.71569 -10)
(-0.331362 -2.94092 -10)
(-0.396725 -3.52103 -10)
(-0.463722 -4.11565 -10)
(-0.532395 -4.72513 -10)
(-0.602784 -5.34986 -10)
(-0.674933 -5.9902 -10)
(-0.748886 -6.64654 -10)
(-0.824687 -7.3193 -10)
(-0.902384 -8.00888 -10)
(-0.982022 -8.71569 -10)
(-0.977469 -2.79345 -10)
(-1.17028 -3.34447 -10)
(-1.36791 -3.90927 -10)
(-1.57049 -4.4882 -10)
(-1.77813 -5.08159 -10)
(-1.99095 -5.68982 -10)
(-2.2091 -6.31326 -10)
(-2.43271 -6.95228 -10)
(-2.6619 -7.60728 -10)
(-2.89682 -8.27865 -10)
(-1.57456 -2.5059 -10)
(-1.88516 -3.00021 -10)
(-2.20351 -3.50687 -10)
(-2.52983 -4.0262 -10)
(-2.86431 -4.55852 -10)
(-3.20714 -5.10414 -10)
(-3.55855 -5.6634 -10)
(-3.91874 -6.23664 -10)
(-4.28794 -6.82422 -10)
(-4.66637 -7.42648 -10)
(-2.5059 -1.57456 -10)
(-3.00021 -1.88516 -10)
(-3.50687 -2.20351 -10)
(-4.0262 -2.52983 -10)
(-4.55852 -2.86431 -10)
(-5.10414 -3.20714 -10)
(-5.6634 -3.55855 -10)
(-6.23664 -3.91874 -10)
(-6.82422 -4.28794 -10)
(-7.42648 -4.66637 -10)
(-2.79345 -0.977469 -10)
(-3.34447 -1.17028 -10)
(-3.90927 -1.36791 -10)
(-4.4882 -1.57049 -10)
(-5.08159 -1.77813 -10)
(-5.68982 -1.99095 -10)
(-6.31326 -2.2091 -10)
(-6.95228 -2.43271 -10)
(-7.60728 -2.6619 -10)
(-8.27865 -2.89682 -10)
(-2.94092 -0.331362 -10)
(-3.52103 -0.396725 -10)
(-4.11565 -0.463722 -10)
(-4.72513 -0.532395 -10)
(-5.34986 -0.602784 -10)
(-5.9902 -0.674933 -10)
(-6.64654 -0.748886 -10)
(-7.3193 -0.824687 -10)
(-8.00888 -0.902384 -10)
(-8.71569 -0.982022 -10)
(-2.94092 0.331362 -10)
(-3.52103 0.396725 -10)
(-4.11565 0.463722 -10)
(-4.72513 0.532395 -10)
(-5.34986 0.602784 -10)
(-5.9902 0.674933 -10)
(-6.64654 0.748886 -10)
(-7.3193 0.824687 -10)
(-8.00888 0.902384 -10)
(-8.71569 0.982022 -10)
(-2.79345 0.977469 -10)
(-3.34447 1.17028 -10)
(-3.90927 1.36791 -10)
(-4.4882 1.57049 -10)
(-5.08159 1.77813 -10)
(-5.68982 1.99095 -10)
(-6.31326 2.2091 -10)
(-6.95228 2.43271 -10)
(-7.60728 2.6619 -10)
(-8.27865 2.89682 -10)
(-2.5059 1.57456 -10)
(-3.00021 1.88516 -10)
(-3.50687 2.20351 -10)
(-4.0262 2.52983 -10)
(-4.55852 2.86431 -10)
(-5.10414 3.20714 -10)
(-5.6634 3.55855 -10)
(-6.23664 3.91874 -10)
(-6.82422 4.28794 -10)
(-7.42648 4.66637 -10)
)
