FoamFile
{
    version     2.0;
    format      ascii;
    class       scalarAverageField;
    object      values;
}
// **********************************************************************//
0.0

1202
(
257.007
261.793
257.007
247.085
236.491
225.254
213.375
200.827
187.519
173.227
156.461
136.906
117.746
100.126
82.8743
65.7791
48.7655
31.8134
14.9314
-1.85543
-18.5125
-34.9994
-51.2724
-67.286
-82.9937
-98.3492
-113.306
-127.819
-141.842
-155.334
-168.251
-180.555
-192.208
-203.172
-213.413
-222.903
-231.611
-239.509
-246.576
-252.79
-258.133
-262.586
-266.146
-268.825
-270.608
-271.449
-271.342
-270.323
-268.41
-265.615
-261.957
-257.452
-252.123
-245.995
-239.093
-231.446
-223.084
-214.04
-204.346
-194.04
-183.157
-171.738
-159.82
-147.446
-134.657
-121.498
-108.013
-94.2477
-80.247
-66.0574
-51.7249
-37.2941
-22.8064
-8.29531
6.21784
20.734
35.1876
48.0485
60.2827
73.2623
85.9143
98.1889
110.032
121.394
132.231
142.496
152.149
161.153
169.471
177.068
183.916
189.99
195.265
199.721
203.34
206.111
208.021
209.064
209.236
208.536
206.966
204.531
201.239
197.098
192.122
186.327
179.731
172.356
164.224
155.36
145.794
135.555
124.677
113.192
101.139
88.5563
75.4831
61.9621
48.0366
33.7517
19.1534
4.28861
-10.7989
-26.0548
-41.4237
-56.8602
-72.3145
-87.7357
-103.073
-118.276
-133.295
-148.079
-162.579
-176.748
-190.538
-203.904
-216.8
-229.185
-241.017
-252.255
-262.864
-272.808
-282.053
-290.57
-298.329
-305.306
-311.476
-316.822
-321.324
-324.968
-327.743
-329.641
-330.657
-330.787
-330.028
-328.389
-325.875
-322.496
-318.264
-313.195
-307.306
-300.618
-293.156
-284.945
-276.014
-266.395
-256.12
-245.225
-233.747
-221.726
-209.203
-196.221
-182.823
-169.055
-154.964
-140.598
-126.004
-111.231
-96.3289
-81.3472
-66.3358
-51.3445
-36.4228
-21.6201
-6.98507
7.43413
21.5902
35.4367
48.9285
62.0213
74.6727
86.8415
98.4881
109.575
120.065
129.926
139.124
147.63
155.416
162.457
168.73
174.214
178.891
182.745
185.764
187.935
189.253
189.713
189.308
188.042
185.92
182.943
179.12
174.463
168.984
162.7
155.629
147.791
139.211
129.912
119.924
109.277
98.0027
86.1344
73.709
60.7642
47.3393
33.4756
19.2157
4.60312
-10.3184
-25.5018
-40.8972
-56.4579
-72.1363
-87.8837
-103.651
-119.388
-135.048
-150.58
-165.936
-181.067
-195.926
-210.466
-224.642
-238.409
-251.723
-264.543
-276.828
-288.54
-299.642
-310.099
-319.878
-328.949
-337.284
-344.855
-351.641
-357.62
-362.774
-367.086
-370.544
-373.139
-374.864
-375.715
-375.683
-374.775
-372.998
-370.355
-366.856
-362.513
-357.341
-351.359
-344.585
-337.044
-328.761
-319.763
-310.079
-299.743
-288.786
-277.247
-265.163
-252.574
-239.52
-226.045
-212.191
-198.005
-183.531
-168.817
-153.911
-138.861
-123.714
-108.52
-93.3288
-78.1877
-63.1457
-48.2512
-33.552
-19.0959
-4.92267
8.91717
22.3743
35.4124
47.989
60.0638
71.5985
82.5567
92.9035
102.606
111.634
119.959
127.554
134.396
140.462
145.735
150.198
153.836
156.639
158.598
159.706
159.962
159.364
157.915
155.619
152.488
148.527
143.751
138.178
131.823
124.708
116.858
108.298
99.0546
89.1597
78.6455
67.5464
55.8989
43.7414
31.1139
18.058
4.61662
-9.16578
-23.2437
-37.5711
-52.1004
-66.7809
-81.563
-96.3988
-111.239
-126.032
-140.731
-155.285
-169.645
-183.762
-197.589
-211.078
-224.183
-236.86
-249.065
-260.756
-271.892
-282.434
-292.346
-301.594
-310.144
-317.967
-325.033
-331.318
-336.799
-341.456
-345.269
-348.227
-350.316
-351.527
-351.854
-351.293
-349.846
-347.517
-344.303
-340.218
-335.278
-329.493
-322.879
-315.458
-307.251
-298.285
-288.586
-278.185
-267.113
-255.406
-243.099
-230.232
-216.844
-202.978
-188.676
-173.983
-158.946
-143.611
-128.025
-112.238
-96.2964
-80.2514
-64.1517
-48.0467
-31.9855
-16.0171
-0.189615
15.4492
30.8526
45.9746
60.7703
75.1966
89.2112
102.773
115.844
128.385
140.363
151.744
162.495
172.588
181.996
190.694
198.659
205.872
212.314
217.969
222.827
226.875
230.106
232.514
234.097
234.854
234.785
233.896
232.196
229.691
226.392
222.313
217.47
211.881
205.564
198.542
190.839
182.48
173.492
163.903
153.745
143.048
131.847
120.175
108.068
95.5615
82.6878
69.4901
56.015
42.2986
28.3796
14.2983
0.095155
-14.1889
-28.5131
-42.8365
-57.1188
-71.3201
-85.4006
-99.3214
-113.045
-126.533
-139.751
-152.663
-165.236
-177.437
-189.235
-200.603
-211.512
-221.938
-231.857
-241.247
-250.09
-258.369
-266.069
-273.177
-279.685
-285.584
-290.869
-295.539
-299.593
-303.035
-305.872
-308.11
-309.752
-310.818
-311.326
-311.289
-310.727
-309.663
-308.12
-306.125
-303.704
-300.889
-297.71
-294.201
-290.396
-286.329
-282.037
-277.557
-272.923
-268.17
-263.327
-258.414
-253.445
-248.425
-243.356
-238.233
-233.052
-227.805
-222.485
-217.08
-211.578
-205.966
-200.231
-194.357
-188.334
-182.151
-175.798
-169.271
-162.569
-155.693
-148.649
-141.449
-134.107
-126.641
-119.073
-111.426
-103.726
-95.9986
-88.2719
-80.5727
-72.9278
-65.3626
-57.9016
-50.5674
-43.3811
-36.3617
-29.5262
-22.8898
-16.4652
-10.2636
-4.29397
1.43657
6.92271
12.1608
17.1489
21.8864
26.3742
30.6142
34.6098
38.365
41.885
45.1756
48.2433
51.0952
53.7388
56.1819
58.4329
60.5
62.3918
64.117
65.6842
67.1019
68.3788
69.5233
70.5437
71.4479
72.2441
72.9398
73.5424
74.0593
74.4973
74.8625
75.1614
75.4021
75.5949
75.7354
75.8274
75.8844
75.9096
75.9069
75.8808
75.8354
75.7746
75.7019
75.6209
75.5349
75.447
75.3603
75.2773
75.2008
75.1333
75.077
75.0342
75.0072
257.007
257.007
247.085
236.491
225.254
213.375
200.827
187.519
173.227
156.461
136.906
117.746
100.126
82.8743
65.7791
48.7655
31.8134
14.9314
-1.85543
-18.5125
-34.9994
-51.2724
-67.286
-82.9937
-98.3492
-113.306
-127.819
-141.842
-155.334
-168.251
-180.555
-192.208
-203.172
-213.413
-222.903
-231.611
-239.509
-246.576
-252.79
-258.133
-262.586
-266.146
-268.825
-270.608
-271.449
-271.342
-270.323
-268.41
-265.615
-261.957
-257.452
-252.123
-245.995
-239.093
-231.446
-223.084
-214.04
-204.346
-194.04
-183.157
-171.738
-159.82
-147.446
-134.657
-121.498
-108.013
-94.2477
-80.247
-66.0574
-51.7249
-37.2941
-22.8064
-8.29531
6.21784
20.734
35.1876
48.0485
60.2827
73.2623
85.9143
98.1889
110.032
121.394
132.231
142.496
152.149
161.153
169.471
177.068
183.916
189.99
195.265
199.721
203.34
206.111
208.021
209.064
209.236
208.536
206.966
204.531
201.239
197.098
192.122
186.327
179.731
172.356
164.224
155.36
145.794
135.555
124.677
113.192
101.139
88.5563
75.4831
61.9621
48.0366
33.7517
19.1534
4.28861
-10.7989
-26.0548
-41.4237
-56.8602
-72.3145
-87.7357
-103.073
-118.276
-133.295
-148.079
-162.579
-176.748
-190.538
-203.904
-216.8
-229.185
-241.017
-252.255
-262.864
-272.808
-282.053
-290.57
-298.329
-305.306
-311.476
-316.822
-321.324
-324.968
-327.743
-329.641
-330.657
-330.787
-330.028
-328.389
-325.875
-322.496
-318.264
-313.195
-307.306
-300.618
-293.156
-284.945
-276.014
-266.395
-256.12
-245.225
-233.747
-221.726
-209.203
-196.221
-182.823
-169.055
-154.964
-140.598
-126.004
-111.231
-96.3289
-81.3472
-66.3358
-51.3445
-36.4228
-21.6201
-6.98507
7.43413
21.5902
35.4367
48.9285
62.0213
74.6727
86.8415
98.4881
109.575
120.065
129.926
139.124
147.63
155.416
162.457
168.73
174.214
178.891
182.745
185.764
187.935
189.253
189.713
189.308
188.042
185.92
182.943
179.12
174.463
168.984
162.7
155.629
147.791
139.211
129.912
119.924
109.277
98.0027
86.1344
73.709
60.7642
47.3393
33.4756
19.2157
4.60312
-10.3184
-25.5018
-40.8972
-56.4579
-72.1363
-87.8837
-103.651
-119.388
-135.048
-150.58
-165.936
-181.067
-195.926
-210.466
-224.642
-238.409
-251.723
-264.543
-276.828
-288.54
-299.642
-310.099
-319.878
-328.949
-337.284
-344.855
-351.641
-357.62
-362.774
-367.086
-370.544
-373.139
-374.864
-375.715
-375.683
-374.775
-372.998
-370.355
-366.856
-362.513
-357.341
-351.359
-344.585
-337.044
-328.761
-319.763
-310.079
-299.743
-288.786
-277.247
-265.163
-252.574
-239.52
-226.045
-212.191
-198.005
-183.531
-168.817
-153.911
-138.861
-123.714
-108.52
-93.3288
-78.1877
-63.1457
-48.2512
-33.552
-19.0959
-4.92267
8.91717
22.3743
35.4124
47.989
60.0638
71.5985
82.5567
92.9035
102.606
111.634
119.959
127.554
134.396
140.462
145.735
150.198
153.836
156.639
158.598
159.706
159.962
159.364
157.915
155.619
152.488
148.527
143.751
138.178
131.823
124.708
116.858
108.298
99.0546
89.1597
78.6455
67.5464
55.8989
43.7414
31.1139
18.058
4.61662
-9.16578
-23.2437
-37.5711
-52.1004
-66.7809
-81.563
-96.3988
-111.239
-126.032
-140.731
-155.285
-169.645
-183.762
-197.589
-211.078
-224.183
-236.86
-249.065
-260.756
-271.892
-282.434
-292.346
-301.594
-310.144
-317.967
-325.033
-331.318
-336.799
-341.456
-345.269
-348.227
-350.316
-351.527
-351.854
-351.293
-349.846
-347.517
-344.303
-340.218
-335.278
-329.493
-322.879
-315.458
-307.251
-298.285
-288.586
-278.185
-267.113
-255.406
-243.099
-230.232
-216.844
-202.978
-188.676
-173.983
-158.946
-143.611
-128.025
-112.238
-96.2964
-80.2514
-64.1517
-48.0467
-31.9855
-16.0171
-0.189615
15.4492
30.8526
45.9746
60.7703
75.1966
89.2112
102.773
115.844
128.385
140.363
151.744
162.495
172.588
181.996
190.694
198.659
205.872
212.314
217.969
222.827
226.875
230.106
232.514
234.097
234.854
234.785
233.896
232.196
229.691
226.392
222.313
217.47
211.881
205.564
198.542
190.839
182.48
173.492
163.903
153.745
143.048
131.847
120.175
108.068
95.5615
82.6878
69.4901
56.015
42.2986
28.3796
14.2983
0.095155
-14.1889
-28.5131
-42.8365
-57.1188
-71.3201
-85.4006
-99.3214
-113.045
-126.533
-139.751
-152.663
-165.236
-177.437
-189.235
-200.603
-211.512
-221.938
-231.857
-241.247
-250.09
-258.369
-266.069
-273.177
-279.685
-285.584
-290.869
-295.539
-299.593
-303.035
-305.872
-308.11
-309.752
-310.818
-311.326
-311.289
-310.727
-309.663
-308.12
-306.125
-303.704
-300.889
-297.71
-294.201
-290.396
-286.329
-282.037
-277.557
-272.923
-268.17
-263.327
-258.414
-253.445
-248.425
-243.356
-238.233
-233.052
-227.805
-222.485
-217.08
-211.578
-205.966
-200.231
-194.357
-188.334
-182.151
-175.798
-169.271
-162.569
-155.693
-148.649
-141.449
-134.107
-126.641
-119.073
-111.426
-103.726
-95.9986
-88.2719
-80.5727
-72.9278
-65.3626
-57.9016
-50.5674
-43.3811
-36.3617
-29.5262
-22.8898
-16.4652
-10.2636
-4.29397
1.43657
6.92271
12.1608
17.1489
21.8864
26.3742
30.6142
34.6098
38.365
41.885
45.1756
48.2433
51.0952
53.7388
56.1819
58.4329
60.5
62.3918
64.117
65.6842
67.1019
68.3788
69.5233
70.5437
71.4479
72.2441
72.9398
73.5424
74.0593
74.4973
74.8625
75.1614
75.4021
75.5949
75.7354
75.8274
75.8844
75.9096
75.9069
75.8808
75.8354
75.7746
75.7019
75.6209
75.5349
75.447
75.3603
75.2773
75.2008
75.1333
75.077
75.0342
75.0072
74.9979
)
