FoamFile
{
    version     2.0;
    format      ascii;
    class       scalarAverageField;
    object      values;
}
// **********************************************************************//
0.0

1202
(
304.052
304.515
304.052
302.707
300.515
297.474
293.588
288.867
283.319
276.957
269.795
261.849
253.133
243.663
233.451
222.501
210.809
198.344
185.033
170.694
155.251
137.043
116.391
96.4465
77.8511
59.8913
42.2542
24.8326
7.58139
-9.50981
-26.431
-43.1596
-59.665
-75.9114
-91.86
-107.47
-122.699
-137.505
-151.845
-165.677
-178.962
-191.657
-203.726
-215.13
-225.835
-235.808
-245.018
-253.435
-261.034
-267.79
-273.683
-278.692
-282.8
-286.012
-288.344
-289.76
-290.217
-289.723
-288.301
-285.962
-282.719
-278.586
-273.581
-267.725
-261.041
-253.553
-245.291
-236.286
-226.57
-216.178
-205.151
-193.528
-181.35
-168.663
-155.514
-141.949
-128.019
-113.774
-99.2653
-84.5464
-69.6715
-54.6965
-39.6767
-24.6698
-9.73556
5.06644
19.6814
34.03
48.0173
61.6467
74.9431
87.8564
100.327
112.303
123.738
134.591
144.823
154.399
163.287
171.457
178.883
185.541
191.41
196.47
200.705
204.103
206.652
208.344
209.174
209.139
208.238
206.476
203.859
200.394
196.089
190.959
185.022
178.295
170.799
162.558
153.599
143.949
133.639
122.701
111.171
99.0855
86.482
73.4016
59.8863
45.9796
31.726
17.1718
2.364
-12.6501
-27.8208
-43.0971
-58.4302
-73.7703
-89.0669
-104.269
-119.329
-134.195
-148.818
-163.149
-177.144
-190.753
-203.932
-216.637
-228.827
-240.459
-251.498
-261.905
-271.644
-280.686
-288.999
-296.556
-303.332
-309.303
-314.453
-318.763
-322.219
-324.811
-326.53
-327.374
-327.337
-326.418
-324.625
-321.966
-318.448
-314.084
-308.891
-302.886
-296.09
-288.528
-280.226
-271.212
-261.517
-251.175
-240.222
-228.693
-216.63
-204.073
-191.064
-177.647
-163.867
-149.772
-135.409
-120.825
-106.067
-91.1872
-76.2335
-61.2557
-46.303
-31.4248
-16.67
-2.0869
12.2771
26.3764
40.1637
53.5928
66.6217
79.2085
91.3125
102.895
113.918
124.347
134.149
143.291
151.746
159.485
166.484
172.722
178.178
182.835
186.678
189.695
191.877
193.215
193.707
193.351
192.145
190.097
187.213
183.5
178.969
173.636
167.517
160.63
152.999
144.647
135.6
125.886
115.536
104.583
93.062
81.0084
68.4609
55.4592
42.0447
28.2598
14.1485
-0.244295
-14.8733
-29.6916
-44.6501
-59.7003
-74.7952
-89.8862
-104.925
-119.862
-134.651
-149.243
-163.59
-177.646
-191.366
-204.705
-217.619
-230.066
-242.006
-253.4
-264.21
-274.4
-283.938
-292.792
-300.932
-308.332
-314.967
-320.816
-325.858
-330.077
-333.457
-335.988
-337.662
-338.471
-338.413
-337.49
-335.697
-333.043
-329.538
-325.192
-320.017
-314.029
-307.247
-299.693
-291.389
-282.362
-272.64
-262.254
-251.235
-239.618
-227.44
-214.739
-201.555
-187.928
-173.902
-159.52
-144.826
-129.865
-114.685
-99.3322
-83.8534
-68.2963
-52.7086
-37.1378
-21.6311
-6.23563
9.00243
24.0372
38.8238
53.3188
67.4795
81.2633
94.6293
107.54
119.958
131.848
143.175
153.91
164.022
173.482
182.267
190.352
197.717
204.344
210.215
215.319
219.643
223.178
225.919
227.861
229.004
229.349
228.898
227.658
225.639
222.851
219.306
215.022
210.014
204.302
197.91
190.861
183.179
174.894
166.034
156.631
146.717
136.325
125.491
114.252
102.646
90.7106
78.4859
66.0104
53.3274
40.4804
27.51
14.4588
1.36901
-11.7169
-24.7563
-37.7067
-50.5263
-63.1731
-75.6062
-87.7852
-99.6706
-111.223
-122.406
-133.182
-143.516
-153.374
-162.725
-171.537
-179.78
-187.428
-194.456
-200.84
-206.557
-211.59
-215.921
-219.533
-222.416
-224.558
-225.95
-226.589
-226.474
-225.599
-223.962
-221.572
-218.438
-214.566
-209.966
-204.652
-198.64
-191.948
-184.595
-176.603
-167.998
-158.803
-149.047
-138.76
-127.974
-116.72
-105.034
-92.9499
-80.5053
-67.7379
-54.6867
-41.3912
-27.8921
-14.2301
-0.447005
13.4154
27.3149
41.2094
55.0566
68.8143
82.4407
95.8944
109.134
122.119
134.808
147.164
159.149
170.727
181.86
192.514
202.655
212.251
221.271
229.684
237.465
244.587
251.024
256.754
261.756
266.012
269.503
272.216
274.135
275.25
275.552
275.034
273.692
271.522
268.522
264.693
260.042
254.572
248.291
241.209
233.338
224.692
215.287
205.142
194.275
182.71
170.47
157.58
144.068
129.961
115.291
100.086
84.3854
68.2242
51.6356
34.6561
17.3229
-0.32593
-18.2516
-36.415
-54.7765
-73.2966
-91.9357
-110.654
-129.413
-148.173
-166.896
-185.545
-204.082
-222.475
-240.687
-258.685
-276.44
-293.92
-311.097
-327.946
-344.443
-360.564
-376.29
-391.603
-406.487
-420.929
-434.92
-448.447
-461.503
-474.087
-486.198
-497.834
-508.999
-519.698
-529.937
-539.723
-549.066
-557.974
-566.452
-574.5
-582.117
-589.296
-596.032
-602.319
-608.151
-613.52
-618.418
-622.834
-626.759
-630.183
-633.096
-635.491
-637.363
-638.706
-639.518
-639.803
-639.563
-638.809
-637.55
-635.801
-633.581
-630.907
-627.805
-624.296
-620.406
-616.16
-611.586
-606.707
-601.548
-596.137
-590.496
-584.649
-578.619
-572.426
-566.092
-559.637
-553.08
-546.436
-539.726
-532.964
-526.163
-519.341
-512.508
-505.678
-498.863
-492.072
-485.316
-478.606
-471.947
-465.349
-458.82
-452.365
-445.992
-439.705
-433.51
-427.411
-421.413
-415.52
-409.736
-404.064
-398.507
-393.069
-387.75
-382.554
-377.485
-372.542
-367.73
-363.048
-358.501
-354.09
-349.816
-345.681
-341.688
-337.838
-334.134
-330.578
-327.171
-323.918
-320.818
-317.877
-315.096
-312.48
-310.032
-307.756
-305.657
-303.74
-302.011
-300.476
-299.144
-298.022
-297.124
-296.462
-296.051
304.052
304.052
302.707
300.515
297.474
293.588
288.867
283.319
276.957
269.795
261.849
253.133
243.663
233.451
222.501
210.809
198.344
185.033
170.694
155.251
137.043
116.391
96.4465
77.8511
59.8913
42.2542
24.8326
7.58139
-9.50981
-26.431
-43.1596
-59.665
-75.9114
-91.86
-107.47
-122.699
-137.505
-151.845
-165.677
-178.962
-191.657
-203.726
-215.13
-225.835
-235.808
-245.018
-253.435
-261.034
-267.79
-273.683
-278.692
-282.8
-286.012
-288.344
-289.76
-290.217
-289.723
-288.301
-285.962
-282.719
-278.586
-273.581
-267.725
-261.041
-253.553
-245.291
-236.286
-226.57
-216.178
-205.151
-193.528
-181.35
-168.663
-155.514
-141.949
-128.019
-113.774
-99.2653
-84.5464
-69.6715
-54.6965
-39.6767
-24.6698
-9.73556
5.06644
19.6814
34.03
48.0173
61.6467
74.9431
87.8564
100.327
112.303
123.738
134.591
144.823
154.399
163.287
171.457
178.883
185.541
191.41
196.47
200.705
204.103
206.652
208.344
209.174
209.139
208.238
206.476
203.859
200.394
196.089
190.959
185.022
178.295
170.799
162.558
153.599
143.949
133.639
122.701
111.171
99.0855
86.482
73.4016
59.8863
45.9796
31.726
17.1718
2.364
-12.6501
-27.8208
-43.0971
-58.4302
-73.7703
-89.0669
-104.269
-119.329
-134.195
-148.818
-163.149
-177.144
-190.753
-203.932
-216.637
-228.827
-240.459
-251.498
-261.905
-271.644
-280.686
-288.999
-296.556
-303.332
-309.303
-314.453
-318.763
-322.219
-324.811
-326.53
-327.374
-327.337
-326.418
-324.625
-321.966
-318.448
-314.084
-308.891
-302.886
-296.09
-288.528
-280.226
-271.212
-261.517
-251.175
-240.222
-228.693
-216.63
-204.073
-191.064
-177.647
-163.867
-149.772
-135.409
-120.825
-106.067
-91.1872
-76.2335
-61.2557
-46.303
-31.4248
-16.67
-2.0869
12.2771
26.3764
40.1637
53.5928
66.6217
79.2085
91.3125
102.895
113.918
124.347
134.149
143.291
151.746
159.485
166.484
172.722
178.178
182.835
186.678
189.695
191.877
193.215
193.707
193.351
192.145
190.097
187.213
183.5
178.969
173.636
167.517
160.63
152.999
144.647
135.6
125.886
115.536
104.583
93.062
81.0084
68.4609
55.4592
42.0447
28.2598
14.1485
-0.244295
-14.8733
-29.6916
-44.6501
-59.7003
-74.7952
-89.8862
-104.925
-119.862
-134.651
-149.243
-163.59
-177.646
-191.366
-204.705
-217.619
-230.066
-242.006
-253.4
-264.21
-274.4
-283.938
-292.792
-300.932
-308.332
-314.967
-320.816
-325.858
-330.077
-333.457
-335.988
-337.662
-338.471
-338.413
-337.49
-335.697
-333.043
-329.538
-325.192
-320.017
-314.029
-307.247
-299.693
-291.389
-282.362
-272.64
-262.254
-251.235
-239.618
-227.44
-214.739
-201.555
-187.928
-173.902
-159.52
-144.826
-129.865
-114.685
-99.3322
-83.8534
-68.2963
-52.7086
-37.1378
-21.6311
-6.23563
9.00243
24.0372
38.8238
53.3188
67.4795
81.2633
94.6293
107.54
119.958
131.848
143.175
153.91
164.022
173.482
182.267
190.352
197.717
204.344
210.215
215.319
219.643
223.178
225.919
227.861
229.004
229.349
228.898
227.658
225.639
222.851
219.306
215.022
210.014
204.302
197.91
190.861
183.179
174.894
166.034
156.631
146.717
136.325
125.491
114.252
102.646
90.7106
78.4859
66.0104
53.3274
40.4804
27.51
14.4588
1.36901
-11.7169
-24.7563
-37.7067
-50.5263
-63.1731
-75.6062
-87.7852
-99.6706
-111.223
-122.406
-133.182
-143.516
-153.374
-162.725
-171.537
-179.78
-187.428
-194.456
-200.84
-206.557
-211.59
-215.921
-219.533
-222.416
-224.558
-225.95
-226.589
-226.474
-225.599
-223.962
-221.572
-218.438
-214.566
-209.966
-204.652
-198.64
-191.948
-184.595
-176.603
-167.998
-158.803
-149.047
-138.76
-127.974
-116.72
-105.034
-92.9499
-80.5053
-67.7379
-54.6867
-41.3912
-27.8921
-14.2301
-0.447005
13.4154
27.3149
41.2094
55.0566
68.8143
82.4407
95.8944
109.134
122.119
134.808
147.164
159.149
170.727
181.86
192.514
202.655
212.251
221.271
229.684
237.465
244.587
251.024
256.754
261.756
266.012
269.503
272.216
274.135
275.25
275.552
275.034
273.692
271.522
268.522
264.693
260.042
254.572
248.291
241.209
233.338
224.692
215.287
205.142
194.275
182.71
170.47
157.58
144.068
129.961
115.291
100.086
84.3854
68.2242
51.6356
34.6561
17.3229
-0.32593
-18.2516
-36.415
-54.7765
-73.2966
-91.9357
-110.654
-129.413
-148.173
-166.896
-185.545
-204.082
-222.475
-240.687
-258.685
-276.44
-293.92
-311.097
-327.946
-344.443
-360.564
-376.29
-391.603
-406.487
-420.929
-434.92
-448.447
-461.503
-474.087
-486.198
-497.834
-508.999
-519.698
-529.937
-539.723
-549.066
-557.974
-566.452
-574.5
-582.117
-589.296
-596.032
-602.319
-608.151
-613.52
-618.418
-622.834
-626.759
-630.183
-633.096
-635.491
-637.363
-638.706
-639.518
-639.803
-639.563
-638.809
-637.55
-635.801
-633.581
-630.907
-627.805
-624.296
-620.406
-616.16
-611.586
-606.707
-601.548
-596.137
-590.496
-584.649
-578.619
-572.426
-566.092
-559.637
-553.08
-546.436
-539.726
-532.964
-526.163
-519.341
-512.508
-505.678
-498.863
-492.072
-485.316
-478.606
-471.947
-465.349
-458.82
-452.365
-445.992
-439.705
-433.51
-427.411
-421.413
-415.52
-409.736
-404.064
-398.507
-393.069
-387.75
-382.554
-377.485
-372.542
-367.73
-363.048
-358.501
-354.09
-349.816
-345.681
-341.688
-337.838
-334.134
-330.578
-327.171
-323.918
-320.818
-317.877
-315.096
-312.48
-310.032
-307.756
-305.657
-303.74
-302.011
-300.476
-299.144
-298.022
-297.124
-296.462
-296.051
-295.912
)
