FoamFile
{
    version     2.0;
    format      ascii;
    class       scalarAverageField;
    object      values;
}
// **********************************************************************//
0.0

1202
(
230.443
226.455
230.443
238.044
244.879
250.92
256.15
260.551
264.108
266.812
268.65
269.615
269.702
268.917
267.27
264.756
261.376
257.137
252.048
246.119
239.364
231.797
223.431
214.281
204.359
193.675
182.234
170.029
157.04
143.213
128.478
113.255
96.2801
78.0249
60.0551
42.1451
24.5622
7.15114
-10.1314
-27.2951
-44.3301
-61.2144
-77.9176
-94.4039
-110.634
-126.566
-142.156
-157.361
-172.136
-186.436
-200.219
-213.441
-226.062
-238.04
-249.339
-259.921
-269.752
-278.8
-287.036
-294.433
-300.966
-306.614
-311.355
-315.178
-318.095
-320.096
-321.043
-320.903
-319.784
-317.713
-314.7
-310.759
-305.904
-300.155
-293.535
-286.067
-277.779
-268.704
-258.874
-248.326
-237.099
-225.233
-212.772
-199.762
-186.251
-172.288
-157.926
-143.217
-128.215
-112.973
-97.5474
-81.991
-66.3585
-50.7019
-35.0727
-19.5215
-4.09982
11.1388
26.153
40.8989
55.3248
69.3855
83.0374
96.2384
108.948
121.126
132.736
143.743
154.113
163.816
172.823
181.107
188.642
195.408
201.386
206.557
210.907
214.424
217.099
218.925
219.896
220.012
219.278
217.693
215.263
211.999
207.911
203.016
197.328
190.868
183.657
175.72
167.082
157.773
147.822
137.264
126.133
114.466
102.301
89.6801
76.6432
63.2342
49.4971
35.4748
21.2175
6.77608
-7.80417
-22.475
-37.1874
-51.892
-66.5397
-81.0809
-95.4669
-109.649
-123.579
-137.211
-150.497
-163.394
-175.857
-187.844
-199.315
-210.23
-220.553
-230.248
-239.282
-247.626
-255.25
-262.128
-268.238
-273.558
-278.072
-281.763
-284.619
-286.634
-287.799
-288.104
-287.554
-286.154
-283.907
-280.82
-276.903
-272.171
-266.64
-260.33
-253.261
-245.459
-236.949
-227.76
-217.924
-207.473
-196.444
-184.872
-172.797
-160.258
-147.298
-133.958
-120.284
-106.32
-92.1111
-77.7043
-63.1462
-48.4839
-33.7648
-19.0361
-4.34501
10.2616
24.7374
39.0377
53.1162
66.9276
80.43
93.5813
106.341
118.668
130.526
141.878
152.69
162.928
172.56
181.56
189.899
197.552
204.497
210.712
216.18
220.886
224.815
227.956
230.302
231.844
232.58
232.508
231.634
229.957
227.482
224.22
220.183
215.384
209.838
203.565
196.583
188.916
180.59
171.631
162.068
151.931
141.255
130.072
118.42
106.335
93.8566
81.025
67.8789
54.4642
40.8267
27.0081
13.0533
-0.992825
-15.0846
-29.1762
-43.2217
-57.1754
-70.9917
-84.6254
-98.032
-111.168
-123.989
-136.454
-148.522
-160.153
-171.308
-181.951
-192.047
-201.562
-210.464
-218.725
-226.315
-233.212
-239.39
-244.828
-249.51
-253.418
-256.54
-258.863
-260.382
-261.092
-260.982
-260.055
-258.318
-255.774
-252.427
-248.29
-243.374
-237.694
-231.268
-224.115
-216.258
-207.718
-198.526
-188.706
-178.29
-167.311
-155.802
-143.797
-131.334
-118.451
-105.188
-91.5842
-77.6812
-63.5213
-49.1474
-34.6027
-19.9311
-5.17643
9.61703
24.4051
39.1439
53.7897
68.2993
82.6298
96.739
110.585
124.13
137.331
150.151
162.555
174.504
185.965
196.907
207.295
217.102
226.3
234.862
242.765
249.985
256.503
262.301
267.361
271.671
275.219
277.994
279.989
281.198
281.62
281.255
280.101
278.162
275.445
271.958
267.711
262.717
256.99
250.547
243.407
235.59
227.119
218.018
208.315
198.038
187.215
175.88
164.065
151.805
139.134
126.092
112.721
99.057
85.1415
71.0157
56.7217
42.302
27.7998
13.2586
-1.27774
-15.7655
-30.1611
-44.4209
-58.5018
-72.3613
-85.9573
-99.2486
-112.195
-124.758
-136.899
-148.581
-159.769
-170.43
-180.532
-190.045
-198.94
-207.191
-214.775
-221.67
-227.855
-233.315
-238.037
-242
-245.198
-247.63
-249.286
-250.163
-250.264
-249.59
-248.147
-245.944
-242.99
-239.299
-234.886
-229.769
-223.968
-217.507
-210.408
-202.699
-194.409
-185.569
-176.211
-166.368
-156.078
-145.377
-134.304
-122.899
-111.203
-99.2591
-87.1093
-74.7977
-62.3688
-49.8677
-37.3398
-24.8307
-12.386
-0.051535
12.1272
24.105
35.837
47.2791
58.3877
69.12
79.4342
89.2896
98.6468
107.468
115.715
123.354
130.351
136.673
142.292
147.179
151.308
154.656
157.2
158.921
159.803
159.829
158.99
157.278
154.682
151.197
146.824
141.562
135.416
128.392
120.498
111.744
102.146
91.7192
80.483
68.4584
55.6689
42.1404
27.9007
12.9798
-2.59032
-18.776
-35.5416
-52.8505
-70.6643
-88.9455
-107.65
-126.735
-146.16
-165.882
-185.859
-206.046
-226.399
-246.875
-267.43
-288.022
-308.61
-329.151
-349.605
-369.933
-390.098
-410.063
-429.794
-449.258
-468.424
-487.263
-505.748
-523.854
-541.56
-558.845
-575.689
-592.078
-607.998
-623.434
-638.374
-652.799
-666.691
-680.035
-692.815
-705.019
-716.636
-727.656
-738.067
-747.857
-757.017
-765.539
-773.415
-780.641
-787.212
-793.127
-798.388
-802.999
-806.966
-810.299
-813.01
-815.113
-816.625
-817.563
-817.947
-817.797
-817.132
-815.976
-814.347
-812.268
-809.757
-806.835
-803.522
-799.837
-795.8
-791.43
-786.745
-781.765
-776.507
-770.99
-765.232
-759.251
-753.065
-746.692
-740.147
-733.449
-726.614
-719.657
-712.595
-705.443
-698.216
-690.928
-683.593
-676.225
-668.838
-661.443
-654.053
-646.68
-639.335
-632.028
-624.77
-617.572
-610.442
-603.391
-596.426
-589.556
-582.789
-576.135
-569.599
-563.188
-556.911
-550.774
-544.784
-538.947
-533.27
-527.758
-522.419
-517.257
-512.28
-507.495
-502.905
-498.519
-494.342
-490.382
-486.645
-483.139
-479.872
-476.852
-474.088
-471.591
-469.372
-467.443
-465.817
-464.513
-463.551
-462.956
230.443
230.443
238.044
244.879
250.92
256.15
260.551
264.108
266.812
268.65
269.615
269.702
268.917
267.27
264.756
261.376
257.137
252.048
246.119
239.364
231.797
223.431
214.281
204.359
193.675
182.234
170.029
157.04
143.213
128.478
113.255
96.2801
78.0249
60.0551
42.1451
24.5622
7.15114
-10.1314
-27.2951
-44.3301
-61.2144
-77.9176
-94.4039
-110.634
-126.566
-142.156
-157.361
-172.136
-186.436
-200.219
-213.441
-226.062
-238.04
-249.339
-259.921
-269.752
-278.8
-287.036
-294.433
-300.966
-306.614
-311.355
-315.178
-318.095
-320.096
-321.043
-320.903
-319.784
-317.713
-314.7
-310.759
-305.904
-300.155
-293.535
-286.067
-277.779
-268.704
-258.874
-248.326
-237.099
-225.233
-212.772
-199.762
-186.251
-172.288
-157.926
-143.217
-128.215
-112.973
-97.5474
-81.991
-66.3585
-50.7019
-35.0727
-19.5215
-4.09982
11.1388
26.153
40.8989
55.3248
69.3855
83.0374
96.2384
108.948
121.126
132.736
143.743
154.113
163.816
172.823
181.107
188.642
195.408
201.386
206.557
210.907
214.424
217.099
218.925
219.896
220.012
219.278
217.693
215.263
211.999
207.911
203.016
197.328
190.868
183.657
175.72
167.082
157.773
147.822
137.264
126.133
114.466
102.301
89.6801
76.6432
63.2342
49.4971
35.4748
21.2175
6.77608
-7.80417
-22.475
-37.1874
-51.892
-66.5397
-81.0809
-95.4669
-109.649
-123.579
-137.211
-150.497
-163.394
-175.857
-187.844
-199.315
-210.23
-220.553
-230.248
-239.282
-247.626
-255.25
-262.128
-268.238
-273.558
-278.072
-281.763
-284.619
-286.634
-287.799
-288.104
-287.554
-286.154
-283.907
-280.82
-276.903
-272.171
-266.64
-260.33
-253.261
-245.459
-236.949
-227.76
-217.924
-207.473
-196.444
-184.872
-172.797
-160.258
-147.298
-133.958
-120.284
-106.32
-92.1111
-77.7043
-63.1462
-48.4839
-33.7648
-19.0361
-4.34501
10.2616
24.7374
39.0377
53.1162
66.9276
80.43
93.5813
106.341
118.668
130.526
141.878
152.69
162.928
172.56
181.56
189.899
197.552
204.497
210.712
216.18
220.886
224.815
227.956
230.302
231.844
232.58
232.508
231.634
229.957
227.482
224.22
220.183
215.384
209.838
203.565
196.583
188.916
180.59
171.631
162.068
151.931
141.255
130.072
118.42
106.335
93.8566
81.025
67.8789
54.4642
40.8267
27.0081
13.0533
-0.992825
-15.0846
-29.1762
-43.2217
-57.1754
-70.9917
-84.6254
-98.032
-111.168
-123.989
-136.454
-148.522
-160.153
-171.308
-181.951
-192.047
-201.562
-210.464
-218.725
-226.315
-233.212
-239.39
-244.828
-249.51
-253.418
-256.54
-258.863
-260.382
-261.092
-260.982
-260.055
-258.318
-255.774
-252.427
-248.29
-243.374
-237.694
-231.268
-224.115
-216.258
-207.718
-198.526
-188.706
-178.29
-167.311
-155.802
-143.797
-131.334
-118.451
-105.188
-91.5842
-77.6812
-63.5213
-49.1474
-34.6027
-19.9311
-5.17643
9.61703
24.4051
39.1439
53.7897
68.2993
82.6298
96.739
110.585
124.13
137.331
150.151
162.555
174.504
185.965
196.907
207.295
217.102
226.3
234.862
242.765
249.985
256.503
262.301
267.361
271.671
275.219
277.994
279.989
281.198
281.62
281.255
280.101
278.162
275.445
271.958
267.711
262.717
256.99
250.547
243.407
235.59
227.119
218.018
208.315
198.038
187.215
175.88
164.065
151.805
139.134
126.092
112.721
99.057
85.1415
71.0157
56.7217
42.302
27.7998
13.2586
-1.27774
-15.7655
-30.1611
-44.4209
-58.5018
-72.3613
-85.9573
-99.2486
-112.195
-124.758
-136.899
-148.581
-159.769
-170.43
-180.532
-190.045
-198.94
-207.191
-214.775
-221.67
-227.855
-233.315
-238.037
-242
-245.198
-247.63
-249.286
-250.163
-250.264
-249.59
-248.147
-245.944
-242.99
-239.299
-234.886
-229.769
-223.968
-217.507
-210.408
-202.699
-194.409
-185.569
-176.211
-166.368
-156.078
-145.377
-134.304
-122.899
-111.203
-99.2591
-87.1093
-74.7977
-62.3688
-49.8677
-37.3398
-24.8307
-12.386
-0.051535
12.1272
24.105
35.837
47.2791
58.3877
69.12
79.4342
89.2896
98.6468
107.468
115.715
123.354
130.351
136.673
142.292
147.179
151.308
154.656
157.2
158.921
159.803
159.829
158.99
157.278
154.682
151.197
146.824
141.562
135.416
128.392
120.498
111.744
102.146
91.7192
80.483
68.4584
55.6689
42.1404
27.9007
12.9798
-2.59032
-18.776
-35.5416
-52.8505
-70.6643
-88.9455
-107.65
-126.735
-146.16
-165.882
-185.859
-206.046
-226.399
-246.875
-267.43
-288.022
-308.61
-329.151
-349.605
-369.933
-390.098
-410.063
-429.794
-449.258
-468.424
-487.263
-505.748
-523.854
-541.56
-558.845
-575.689
-592.078
-607.998
-623.434
-638.374
-652.799
-666.691
-680.035
-692.815
-705.019
-716.636
-727.656
-738.067
-747.857
-757.017
-765.539
-773.415
-780.641
-787.212
-793.127
-798.388
-802.999
-806.966
-810.299
-813.01
-815.113
-816.625
-817.563
-817.947
-817.797
-817.132
-815.976
-814.347
-812.268
-809.757
-806.835
-803.522
-799.837
-795.8
-791.43
-786.745
-781.765
-776.507
-770.99
-765.232
-759.251
-753.065
-746.692
-740.147
-733.449
-726.614
-719.657
-712.595
-705.443
-698.216
-690.928
-683.593
-676.225
-668.838
-661.443
-654.053
-646.68
-639.335
-632.028
-624.77
-617.572
-610.442
-603.391
-596.426
-589.556
-582.789
-576.135
-569.599
-563.188
-556.911
-550.774
-544.784
-538.947
-533.27
-527.758
-522.419
-517.257
-512.28
-507.495
-502.905
-498.519
-494.342
-490.382
-486.645
-483.139
-479.872
-476.852
-474.088
-471.591
-469.372
-467.443
-465.817
-464.513
-463.551
-462.956
-462.753
)
